"Trip","Ptt","locType","Time_absolute","Time_since","off_island","lag1","diff1","Start_trip","optional","Distance","Speed_ms","Speed_kph","Avg_speed","LON","LAT","optional.1","Start_trip_new","optional.2"
1,196712,"p","2020-01-07 10:37:00",17.7833333333333,TRUE,17.7,0.0833333333333002,FALSE,TRUE,695.554684159479,2.31851561386585,8.34665620991707,8.34665620991707,-23047.1634026153,23377.1919442374,TRUE,TRUE,TRUE
1,196712,"p","2020-01-07 10:42:00",17.8666666666667,TRUE,17.7833333333333,0.0833333333333997,FALSE,TRUE,695.555341702144,2.31851780567197,8.34666410041908,8.34666015516808,-22909.8931573369,24061.1722792306,TRUE,FALSE,TRUE
1,196712,"p","2020-01-07 10:47:00",17.95,TRUE,17.8666666666667,0.0833333333333002,FALSE,TRUE,695.556001400464,2.31852000466913,8.34667201680888,8.34666410904835,-22772.6229120586,24745.1526142428,TRUE,FALSE,TRUE
1,196712,"p","2020-01-07 10:52:00",18.0333333333333,TRUE,17.95,0.0833333333333002,FALSE,TRUE,695.55666324954,2.31852221083272,8.3466799589978,8.34666807153571,-22635.3526667803,25429.1329492455,TRUE,FALSE,TRUE
1,196712,"p","2020-01-07 10:57:00",18.1166666666667,TRUE,18.0333333333333,0.0833333333333997,FALSE,TRUE,692.978044027611,2.30992681342353,8.31573652832471,8.34048176289351,-22498.2956078504,26110.5177244104,TRUE,FALSE,TRUE
1,196712,"p","2020-01-07 11:02:00",18.2,TRUE,18.1166666666667,0.0833333333333002,FALSE,TRUE,226.652818313052,0.755509394377139,2.7198338197577,7.40370710570421,-22400.3489544863,26315.7303703782,TRUE,FALSE,TRUE
1,196712,"o","2020-01-07 11:05:00",18.25,TRUE,18.2,0.0500000000000007,FALSE,TRUE,134.627720529783,0.747931780721004,2.69255441059562,6.73068529211727,-22341.3438301986,26437.2265452053,TRUE,FALSE,TRUE
1,196712,"p","2020-01-07 11:07:00",18.2833333333333,TRUE,18.25,0.0333333333332995,FALSE,TRUE,99.8780212612663,0.832316843844731,2.99634063784103,6.26389221033274,-22275.5355794368,26512.8522449282,TRUE,FALSE,TRUE
1,196712,"p","2020-01-07 11:12:00",18.3666666666667,TRUE,18.2833333333333,0.0833333333333997,FALSE,TRUE,250.152540990707,0.833841803301693,3.0018304918861,5.90144090828311,-22110.1023423354,26701.7313021079,TRUE,FALSE,TRUE
1,196712,"p","2020-01-07 11:17:00",18.45,TRUE,18.3666666666667,0.0833333333333002,FALSE,TRUE,250.152602821399,0.833842009404996,3.00183123385799,5.6114799408406,-21944.6691052342,26890.6103592944,TRUE,FALSE,TRUE
1,196712,"p","2020-01-07 11:22:00",18.5333333333333,TRUE,18.45,0.0833333333333002,FALSE,TRUE,250.15266474732,0.83384221582473,3.00183197696903,5.37423921685227,-21779.2358681329,27079.4894164787,TRUE,FALSE,TRUE
1,196712,"p","2020-01-07 11:27:00",18.6166666666667,TRUE,18.5333333333333,0.0833333333333997,FALSE,TRUE,250.152726777839,0.833842422592134,3.00183272133168,5.17653867555889,-21613.8026310318,27268.3684736607,TRUE,FALSE,TRUE
1,196712,"p","2020-01-07 11:32:00",18.7,TRUE,18.6166666666667,0.0833333333333002,FALSE,TRUE,250.152788905516,0.833842629685385,3.00183346686739,5.0092536595057,-21448.3693939306,27457.2475308379,TRUE,FALSE,TRUE
1,196712,"p","2020-01-07 11:37:00",18.7833333333333,TRUE,18.7,0.0833333333333002,FALSE,TRUE,250.152851138664,0.83384283712921,3.00183421366516,4.86586655623137,-21282.9361568292,27646.1265880095,TRUE,FALSE,TRUE
1,196712,"o","2020-01-07 11:41:00",18.85,TRUE,18.7833333333333,0.066666666666702,FALSE,TRUE,199.582728942624,0.831594703927158,2.99374093413777,4.74105818142513,-21155.3935613756,27800.5901726256,TRUE,FALSE,TRUE
1,196712,"p","2020-01-07 11:42:00",18.8666666666667,TRUE,18.85,0.0166666666666977,FALSE,TRUE,211.303963432631,3.52173272387062,12.6782378059342,5.23713190795695,-21295.6892395132,27959.6449327176,TRUE,FALSE,TRUE
1,196712,"o","2020-01-07 11:43:00",18.8833333333333,TRUE,18.8666666666667,0.0166666666666018,FALSE,TRUE,213.698441431282,3.56164069053524,12.8219064859269,5.68329511842577,-21437.1234081069,28120.8974810453,TRUE,FALSE,TRUE
1,196712,"p","2020-01-07 11:47:00",18.95,TRUE,18.8833333333333,0.0666666666666984,FALSE,TRUE,478.644763660249,1.99435318191676,7.17967145490032,5.7664271371188,-21477.3546217812,28599.2384457528,TRUE,FALSE,TRUE
1,196712,"p","2020-01-07 11:52:00",19.0333333333333,TRUE,18.95,0.0833333333333002,FALSE,TRUE,596.497341753286,1.98832447251174,7.15796810104228,5.83966613522004,-21523.0617591852,29195.7114633946,TRUE,FALSE,TRUE
1,196712,"p","2020-01-07 11:57:00",19.1166666666667,TRUE,19.0333333333333,0.0833333333333997,FALSE,TRUE,596.497860998846,1.98832620332791,7.15797433198046,5.90558154505806,-21568.7688965888,29792.1844810426,TRUE,FALSE,TRUE
1,196712,"p","2020-01-07 12:02:00",19.2,TRUE,19.1166666666667,0.0833333333333002,FALSE,TRUE,596.498381600286,1.98832793866841,7.15798057920628,5.96521959430321,-21614.4760339928,30388.6574986887,TRUE,FALSE,TRUE
1,196712,"o","2020-01-07 12:06:00",19.2666666666667,TRUE,19.2,0.066666666666702,FALSE,TRUE,477.7696504628,1.99070687692728,7.1665447569382,6.01982528351389,-21649.5752297726,30866.5193846299,TRUE,FALSE,TRUE
1,196712,"p","2020-01-07 12:07:00",19.2833333333333,TRUE,19.2666666666667,0.0166666666665982,FALSE,TRUE,150.016702373175,2.50027837289652,9.00100214242748,6.14944166868405,-21605.7882771098,31010.481365001,TRUE,FALSE,TRUE
1,196712,"p","2020-01-07 12:12:00",19.3666666666667,TRUE,19.2833333333333,0.0833333333333997,FALSE,TRUE,755.488048067007,2.51829349355469,9.06585657679687,6.27095895652208,-21379.5209431576,31733.7086259986,TRUE,FALSE,TRUE
1,196712,"p","2020-01-07 12:17:00",19.45,TRUE,19.3666666666667,0.0833333333333002,FALSE,TRUE,755.488825063858,2.5182960835472,9.06586590076991,6.382755234292,-21153.2536091921,32456.9358870002,TRUE,FALSE,TRUE
1,196712,"p","2020-01-07 12:22:00",19.5333333333333,TRUE,19.45,0.0833333333333002,FALSE,TRUE,755.489604807372,2.51829868269224,9.06587525769207,6.48595215826892,-20926.986275227,33180.1631479919,TRUE,FALSE,TRUE
1,196712,"p","2020-01-07 12:27:00",19.6166666666667,TRUE,19.5333333333333,0.0833333333333997,FALSE,TRUE,755.490387313238,2.51830129104212,9.06588464775164,6.58150521343495,-20700.7189412615,33903.3904089916,TRUE,FALSE,TRUE
1,196712,"p","2020-01-07 12:32:00",19.7,TRUE,19.6166666666667,0.0833333333333002,FALSE,TRUE,755.491172580393,2.51830390860231,9.06589407096832,6.67023338691828,-20474.4516072962,34626.6176699872,TRUE,FALSE,TRUE
1,196712,"p","2020-01-07 12:37:00",19.7833333333333,TRUE,19.7,0.0833333333333002,FALSE,TRUE,755.491960609742,2.51830653536681,9.06590352732052,6.75284270210457,-20248.1842733308,35349.8449309875,TRUE,FALSE,TRUE
1,196712,"p","2020-01-07 12:42:00",19.8666666666667,TRUE,19.7833333333333,0.0833333333333997,FALSE,TRUE,755.49275139904,2.51830917132813,9.06591301678126,6.82994504592712,-20021.9169393658,36073.0721919761,TRUE,FALSE,TRUE
1,196712,"p","2020-01-07 12:47:00",19.95,TRUE,19.8666666666667,0.0833333333333002,FALSE,TRUE,755.493544954741,2.5183118165168,9.06592253946049,6.90207335217014,-19795.6496054002,36796.2994529773,TRUE,FALSE,TRUE
1,196712,"p","2020-01-07 12:52:00",20.0333333333333,TRUE,19.95,0.0833333333333002,FALSE,TRUE,755.494341267569,2.5183144708929,9.06593209521444,6.96969393789027,-19569.3822714348,37519.526713967,TRUE,FALSE,TRUE
1,196712,"p","2020-01-07 12:57:00",20.1166666666667,TRUE,20.0333333333333,0.0833333333333997,FALSE,TRUE,755.495140343858,2.51831713447752,9.06594168411908,7.0332165968669,-19343.1149374696,38242.7539749653,TRUE,FALSE,TRUE
1,196712,"p","2020-01-07 13:02:00",20.2,TRUE,20.1166666666667,0.0833333333333002,FALSE,TRUE,755.495942185725,2.51831980728675,9.06595130623231,7.09300291184824,-19116.8476035041,38965.9812359735,TRUE,FALSE,TRUE
1,196712,"p","2020-01-07 13:07:00",20.2833333333333,TRUE,20.2,0.0833333333333002,FALSE,TRUE,755.496746781472,2.51832248927258,9.06596096138128,7.14937314183489,-18890.5802695389,39689.2084969626,TRUE,FALSE,TRUE
1,196712,"o","2020-01-07 13:10:00",20.3333333333333,TRUE,20.2833333333333,0.0500000000000007,FALSE,TRUE,450.156942252319,2.50087190140174,9.00313884504626,7.20086663359077,-18757.5835667877,40120.7014013271,TRUE,FALSE,TRUE
1,196712,"p","2020-01-07 13:12:00",20.3666666666667,TRUE,20.3333333333333,0.0333333333333989,FALSE,TRUE,156.536748576715,1.30447290480339,4.6961024572922,7.09946236268452,-18869.3311291898,40231.1741905479,TRUE,FALSE,TRUE
1,196712,"p","2020-01-07 13:17:00",20.45,TRUE,20.3666666666667,0.0833333333333002,FALSE,TRUE,392.04808648662,1.30682695495592,4.70457703784131,6.99829327761291,-19155.609279265,40501.2475329941,TRUE,FALSE,TRUE
1,196712,"p","2020-01-07 13:22:00",20.5333333333333,TRUE,20.45,0.0833333333333002,FALSE,TRUE,392.048261441997,1.30682753814051,4.70457913730584,6.89712403096005,-19441.8874293403,40771.3208754478,TRUE,FALSE,TRUE
1,196712,"p","2020-01-07 13:27:00",20.6166666666667,TRUE,20.5333333333333,0.0833333333333997,FALSE,TRUE,392.048436786068,1.30682812261919,4.70458124142907,6.7959546221387,-19728.1655794156,41041.3942179026,TRUE,FALSE,TRUE
1,196712,"p","2020-01-07 13:32:00",20.7,TRUE,20.6166666666667,0.0833333333333002,FALSE,TRUE,392.048612514161,1.30682870838106,4.70458335017181,6.69564481163445,-20014.4437294907,41311.4675603505,TRUE,FALSE,TRUE
1,196712,"p","2020-01-07 13:37:00",20.7833333333333,TRUE,20.7,0.0833333333333002,FALSE,TRUE,392.048788636516,1.30682929545557,4.70458546364006,6.75077680174229,-20300.7218795661,41581.5409028011,TRUE,FALSE,TRUE
1,196712,"p","2020-01-07 13:42:00",20.8666666666667,TRUE,20.7833333333333,0.0833333333333997,FALSE,TRUE,392.048965147917,1.30682988382535,4.70458758177126,6.80666661205273,-20587.0000296413,41851.6142452493,TRUE,FALSE,TRUE
1,196712,"p","2020-01-07 13:47:00",20.95,TRUE,20.8666666666667,0.0833333333333002,FALSE,TRUE,392.049142048146,1.30683047349434,4.70458970457963,6.85411797501769,-20873.2781797165,42121.6875876959,TRUE,FALSE,TRUE
1,196712,"p","2020-01-07 13:52:00",21.0333333333333,TRUE,20.95,0.0833333333333002,FALSE,TRUE,392.049319338117,1.30683106446091,4.70459183205928,6.90141690113361,-21159.5563297918,42391.7609301438,TRUE,FALSE,TRUE
1,196712,"p","2020-01-07 13:57:00",21.1166666666667,TRUE,21.0333333333333,0.0833333333333997,FALSE,TRUE,392.049497019017,1.30683165672902,4.70459396422446,6.94871586586601,-21445.8344798671,42661.8342725998,TRUE,FALSE,TRUE
1,196712,"p","2020-01-07 14:02:00",21.2,TRUE,21.1166666666667,0.0833333333333002,FALSE,TRUE,392.049675087293,1.3068322502915,4.70459610104939,6.99601486931269,-21732.1126299424,42931.9076150489,TRUE,FALSE,TRUE
1,196712,"p","2020-01-07 14:07:00",21.2833333333333,TRUE,21.2,0.0833333333333002,FALSE,TRUE,392.049853545108,1.30683284515088,4.70459824254317,7.04331391156857,-22018.3907800179,43201.9809575042,TRUE,FALSE,TRUE
1,196712,"p","2020-01-07 14:12:00",21.3666666666667,TRUE,21.2833333333333,0.0833333333333997,FALSE,TRUE,392.050032394218,1.30683344131302,4.70460038872687,7.09061299273133,-22304.6689300929,43472.0542999481,TRUE,FALSE,TRUE
1,196712,"p","2020-01-07 14:17:00",21.45,TRUE,21.3666666666667,0.0833333333333002,FALSE,TRUE,392.050211631755,1.30683403877304,4.70460253958293,7.13791211289571,-22590.9470801683,43742.1276424014,TRUE,FALSE,TRUE
1,196712,"p","2020-01-07 14:22:00",21.5333333333333,TRUE,21.45,0.0833333333333002,FALSE,TRUE,392.050391259201,1.30683463753119,4.70460469511228,7.18543610625611,-22877.2252302437,44012.2009848553,TRUE,FALSE,TRUE
1,196712,"p","2020-01-07 14:27:00",21.6166666666667,TRUE,21.5333333333333,0.0833333333333997,FALSE,TRUE,392.050571272867,1.30683523757518,4.70460685527066,6.96394635762657,-23163.5033803188,44282.2743273052,TRUE,FALSE,TRUE
1,196712,"p","2020-01-07 14:32:00",21.7,TRUE,21.6166666666667,0.0833333333333002,FALSE,TRUE,392.050751684393,1.3068358389485,4.70460902021459,6.7384658724679,-23449.7815303942,44552.3476697523,TRUE,FALSE,TRUE
1,196712,"p","2020-01-07 14:37:00",21.7833333333333,TRUE,21.7,0.0833333333333002,FALSE,TRUE,392.050932475601,1.30683644158586,4.70461118970908,6.66971419843481,-23736.0596804695,44822.4210122025,TRUE,FALSE,TRUE
1,196712,"p","2020-01-07 14:42:00",21.8666666666667,TRUE,21.7833333333333,0.0833333333333997,FALSE,TRUE,392.05111366567,1.30683704555119,4.7046133639843,6.60156545573875,-24022.3378305448,45092.4943546615,TRUE,FALSE,TRUE
1,196712,"o","2020-01-07 14:44:00",21.9,TRUE,21.8666666666667,0.0333333333332995,FALSE,TRUE,152.097076548624,1.26747563790649,4.56291229646335,6.52948039919661,-24132.74455954,45197.9576721285,TRUE,FALSE,TRUE
1,196712,"p","2020-01-07 14:47:00",21.95,TRUE,21.9,0.0500000000000007,FALSE,TRUE,304.416999105462,1.69120555058588,6.08833998210916,6.49976816038836,-23851.8889874583,45077.0368126632,TRUE,FALSE,TRUE
1,196712,"p","2020-01-07 14:52:00",22.0333333333333,TRUE,21.95,0.0833333333333002,FALSE,TRUE,515.303607281736,1.7176786909398,6.18364328738329,6.47246534178961,-23376.9554822639,44871.2253477072,TRUE,FALSE,TRUE
1,196712,"p","2020-01-07 14:57:00",22.1166666666667,TRUE,22.0333333333333,0.0833333333333997,FALSE,TRUE,515.303405939558,1.71767801979716,6.18364087126978,6.39420530647967,-22902.0219770697,44665.4138827487,TRUE,FALSE,TRUE
1,196712,"p","2020-01-07 15:02:00",22.2,TRUE,22.1166666666667,0.0833333333333002,FALSE,TRUE,515.303205490555,1.71767735163587,6.18363846588912,6.31414369228779,-22427.0884718753,44459.6024177968,TRUE,FALSE,TRUE
1,196712,"p","2020-01-07 15:07:00",22.2833333333333,TRUE,22.2,0.0833333333333002,FALSE,TRUE,515.303005931291,1.71767668643832,6.18363607117796,6.2340817525769,-21952.1549666811,44253.7909528345,TRUE,FALSE,TRUE
1,196712,"p","2020-01-07 15:12:00",22.3666666666667,TRUE,22.2833333333333,0.0833333333333997,FALSE,TRUE,515.302807262224,1.71767602420605,6.18363368714177,6.15401948672828,-21477.2214614869,44047.9794878761,TRUE,FALSE,TRUE
1,196712,"p","2020-01-07 15:17:00",22.45,TRUE,22.3666666666667,0.0833333333333002,FALSE,TRUE,515.302609485174,1.71767536495127,6.18363131382455,6.0739568941192,-21002.2879562925,43842.168022923,TRUE,FALSE,TRUE
1,196712,"p","2020-01-07 15:22:00",22.5333333333333,TRUE,22.45,0.0833333333333002,FALSE,TRUE,515.302412596938,1.71767470865714,6.18362895116571,5.99389397412468,-20527.3544510985,43636.3565579702,TRUE,FALSE,TRUE
1,196712,"p","2020-01-07 15:27:00",22.6166666666667,TRUE,22.5333333333333,0.0833333333333997,FALSE,TRUE,515.302216601292,1.71767405533627,6.18362659921058,5.91383072612163,-20052.420945904,43430.5450930078,TRUE,FALSE,TRUE
1,196712,"p","2020-01-07 15:32:00",22.7,TRUE,22.6166666666667,0.0833333333333002,FALSE,TRUE,515.302021493553,1.71767340497919,6.18362425792509,5.83376714948673,-19577.4874407096,43224.7336280526,TRUE,FALSE,TRUE
1,196712,"p","2020-01-07 15:37:00",22.7833333333333,TRUE,22.7,0.0833333333333002,FALSE,TRUE,515.301827279133,1.71767275759779,6.18362192735205,5.75370324359483,-19102.5539355155,43018.9221630968,TRUE,FALSE,TRUE
1,196712,"p","2020-01-07 15:42:00",22.8666666666667,TRUE,22.7833333333333,0.0833333333333997,FALSE,TRUE,515.301633953945,1.71767211317845,6.18361960744242,5.67363900782339,-18627.6204303212,42813.1106981405,TRUE,FALSE,TRUE
1,196712,"p","2020-01-07 15:47:00",22.95,TRUE,22.8666666666667,0.0833333333333002,FALSE,TRUE,515.3014415193,1.71767147173168,6.18361729823406,5.5935744415488,-18152.6869251271,42607.2992331868,TRUE,FALSE,TRUE
1,196712,"p","2020-01-07 15:52:00",23.0333333333333,TRUE,22.95,0.0833333333333002,FALSE,TRUE,515.301249976627,1.71767083325611,6.18361499972199,5.51350954414574,-17677.7534199327,42401.4877682268,TRUE,FALSE,TRUE
1,196712,"p","2020-01-07 15:57:00",23.1166666666667,TRUE,23.0333333333333,0.0833333333333997,FALSE,TRUE,515.301059324,1.7176701977453,6.18361271188308,5.43344431499301,-17202.8199147383,42195.6763032681,TRUE,FALSE,TRUE
1,196712,"p","2020-01-07 16:02:00",23.2,TRUE,23.1166666666667,0.0833333333333002,FALSE,TRUE,515.30086956063,1.71766956520278,6.18361043473003,5.35512408137312,-16727.8864095441,41989.8648383158,TRUE,FALSE,TRUE
1,196712,"p","2020-01-07 16:07:00",23.2833333333333,TRUE,23.2,0.0833333333333002,FALSE,TRUE,515.300680688522,1.71766893562909,6.18360816826473,5.39644368445569,-16252.95290435,41784.0533733615,TRUE,FALSE,TRUE
1,196712,"p","2020-01-07 16:12:00",23.3666666666667,TRUE,23.2833333333333,0.0833333333333997,FALSE,TRUE,515.300492708718,1.71766830902769,6.1836059124997,5.43752781986286,-15778.0193991556,41578.2419084021,TRUE,FALSE,TRUE
1,196712,"p","2020-01-07 16:17:00",23.45,TRUE,23.3666666666667,0.0833333333333002,FALSE,TRUE,515.300305617864,1.71766768539356,6.18360366741683,5.47861183458817,-15303.0858939614,41372.4304434483,TRUE,FALSE,TRUE
1,196712,"o","2020-01-07 16:19:00",23.4833333333333,TRUE,23.45,0.0333333333332995,FALSE,TRUE,203.413898035507,1.69511581696428,6.10241694107142,5.51744060402268,-15115.260165655,41291.987896838,TRUE,FALSE,TRUE
1,196712,"p","2020-01-07 16:22:00",23.5333333333333,TRUE,23.4833333333333,0.0500000000000007,FALSE,TRUE,96.5334651456167,0.536297028586752,1.93066930291231,5.44038743604325,-15067.1323295912,41376.0407562263,TRUE,FALSE,TRUE
1,196712,"p","2020-01-07 16:27:00",23.6166666666667,TRUE,23.5333333333333,0.0833333333333997,FALSE,TRUE,161.903845257545,0.539679484191386,1.94284614308899,5.36367245491683,-14990.4987257703,41519.2655874838,TRUE,FALSE,TRUE
1,196712,"p","2020-01-07 16:32:00",23.7,TRUE,23.6166666666667,0.0833333333333002,FALSE,TRUE,161.903879480084,0.53967959826716,1.94284655376178,5.28695742636101,-14913.8651219494,41662.4904187472,TRUE,FALSE,TRUE
1,196712,"p","2020-01-07 16:37:00",23.7833333333333,TRUE,23.7,0.0833333333333002,FALSE,TRUE,161.903913732516,0.539679712441934,1.94284696479096,5.21024235025577,-14837.231518129,41805.7152500083,TRUE,FALSE,TRUE
1,196712,"p","2020-01-07 16:42:00",23.8666666666667,TRUE,23.7833333333333,0.0833333333333997,FALSE,TRUE,161.903948009443,0.539679826697715,1.94284737611178,5.13352722647945,-14760.5979143078,41948.9400812789,TRUE,FALSE,TRUE
1,196712,"p","2020-01-07 16:47:00",23.95,TRUE,23.8666666666667,0.0833333333333002,FALSE,TRUE,161.9039823146,0.539679941048882,1.94284778777597,5.05681205491144,-14683.9643104871,42092.1649125324,TRUE,FALSE,TRUE
1,196712,"p","2020-01-07 16:52:00",24.0333333333333,TRUE,23.95,0.0833333333333002,FALSE,TRUE,161.904016643921,0.539680055479952,1.94284819972783,4.98009683543028,-14607.3307066662,42235.3897437975,TRUE,FALSE,TRUE
1,196712,"p","2020-01-07 16:57:00",24.1166666666667,TRUE,24.0333333333333,0.0833333333333997,FALSE,TRUE,161.90405100559,0.539680170018203,1.94284861206553,4.90338156791702,-14530.6971028454,42378.6145750721,TRUE,FALSE,TRUE
1,196712,"o","2020-01-07 17:01:00",24.1833333333333,TRUE,24.1166666666667,0.0666666666666025,FALSE,TRUE,129.927676234862,0.54136531764578,1.94891514352481,4.82683475555029,-14470.0143566538,42493.9831832903,TRUE,FALSE,TRUE
1,196712,"p","2020-01-07 17:02:00",24.2,TRUE,24.1833333333333,0.0166666666666977,FALSE,TRUE,57.3978997754512,0.956631662922406,3.44387398652066,4.79181451796523,-14477.2135374645,42551.0949058871,TRUE,FALSE,TRUE
1,196712,"p","2020-01-07 17:07:00",24.2833333333333,TRUE,24.2,0.0833333333333002,FALSE,TRUE,291.290547198939,0.970968490663517,3.49548656638866,4.75822790327846,-14516.3301258088,42840.5972348881,TRUE,FALSE,TRUE
1,196712,"p","2020-01-07 17:12:00",24.3666666666667,TRUE,24.2833333333333,0.0833333333333997,FALSE,TRUE,291.29067775625,0.970968925853395,3.49548813307222,4.72464127210628,-14555.4467141588,43130.0995639123,TRUE,FALSE,TRUE
1,196712,"p","2020-01-07 17:17:00",24.45,TRUE,24.3666666666667,0.0833333333333002,FALSE,TRUE,291.290808462186,0.970969361541007,3.49548970154762,4.69105462436553,-14594.5633025086,43419.6018929204,TRUE,FALSE,TRUE
1,196712,"p","2020-01-07 17:22:00",24.5333333333333,TRUE,24.45,0.0833333333333002,FALSE,TRUE,291.290939327294,0.970969797758033,3.49549127192892,4.65746795998275,-14633.6798908587,43709.1042219395,TRUE,FALSE,TRUE
1,196712,"p","2020-01-07 17:27:00",24.6166666666667,TRUE,24.5333333333333,0.0833333333333997,FALSE,TRUE,291.291070354304,0.970970234513574,3.49549284424887,4.62388127887899,-14672.7964792087,43998.6065509524,TRUE,FALSE,TRUE
1,196712,"p","2020-01-07 17:32:00",24.7,TRUE,24.6166666666667,0.0833333333333002,FALSE,TRUE,291.291201534814,0.970970671783101,3.49549441841916,4.59423078226665,-14711.9130675588,44288.1088799646,TRUE,FALSE,TRUE
1,196712,"p","2020-01-07 17:37:00",24.7833333333333,TRUE,24.7,0.0833333333333002,FALSE,TRUE,291.291332877183,0.970971109590996,3.49549599452758,4.52220733816716,-14751.029655909,44577.6112089814,TRUE,FALSE,TRUE
1,196712,"p","2020-01-07 17:42:00",24.8666666666667,TRUE,24.7833333333333,0.0833333333333997,FALSE,TRUE,291.291464371533,0.970971547904337,3.49549757245561,4.44753662386362,-14790.1462442589,44867.1135379996,TRUE,FALSE,TRUE
1,196712,"p","2020-01-07 17:47:00",24.95,TRUE,24.8666666666667,0.0833333333333002,FALSE,TRUE,291.291596029123,0.970971986764129,3.49549915235086,4.37286602056031,-14829.2628326088,45156.6158670111,TRUE,FALSE,TRUE
1,196712,"p","2020-01-07 17:52:00",25.0333333333333,TRUE,24.95,0.0833333333333002,FALSE,TRUE,291.291727842902,0.970972426143392,3.49550073411621,4.29819552801106,-14868.3794209588,45446.1181960234,TRUE,FALSE,TRUE
1,196712,"p","2020-01-07 17:57:00",25.1166666666667,TRUE,25.0333333333333,0.0833333333333997,FALSE,TRUE,291.291859817026,0.970972866055981,3.49550231780153,4.22352514597283,-14907.4960093088,45735.6205250431,TRUE,FALSE,TRUE
1,196712,"p","2020-01-07 18:02:00",25.2,TRUE,25.1166666666667,0.0833333333333002,FALSE,TRUE,291.29199193208,0.970973306440655,3.49550390318636,4.14885487419629,-14946.6125976496,46025.1228540407,TRUE,FALSE,TRUE
1,196712,"o","2020-01-07 18:03:00",25.2166666666667,TRUE,25.2,0.0166666666667012,FALSE,TRUE,56.4402212430437,0.940670354048776,3.38641327457559,4.07115437310604,-14953.3971768145,46081.317561778,TRUE,FALSE,TRUE
1,196712,"p","2020-01-07 18:07:00",25.2833333333333,TRUE,25.2166666666667,0.0666666666665989,FALSE,TRUE,122.792316140155,0.511634650584499,1.8418847421042,3.95055036729878,-14831.6166002267,46061.5501453156,TRUE,FALSE,TRUE
1,196712,"p","2020-01-07 18:12:00",25.3666666666667,TRUE,25.2833333333333,0.0833333333333997,FALSE,TRUE,155.118719069031,0.517062396896358,1.86142462882689,3.83048920145479,-14678.0924563491,46034.7086771418,TRUE,FALSE,TRUE
1,196712,"p","2020-01-07 18:17:00",25.45,TRUE,25.3666666666667,0.0833333333333002,FALSE,TRUE,155.118710322579,0.517062367742137,1.86142452387169,3.71042809773108,-14524.5683124716,46007.8672089761,TRUE,FALSE,TRUE
1,196712,"p","2020-01-07 18:22:00",25.5333333333333,TRUE,25.45,0.0833333333333002,FALSE,TRUE,155.118701601847,0.517062338673029,1.86142441922291,3.5903670558386,-14371.0441685938,45981.0257408047,TRUE,FALSE,TRUE
1,196712,"p","2020-01-07 18:27:00",25.6166666666667,TRUE,25.5333333333333,0.0833333333333997,FALSE,TRUE,155.118692904132,0.517062309680028,1.8614243148481,3.47030607548876,-14217.5200247162,45954.1842726315,TRUE,FALSE,TRUE
1,196712,"p","2020-01-07 18:32:00",25.7,TRUE,25.6166666666667,0.0833333333333002,FALSE,TRUE,155.118684231207,0.517062280770897,1.86142421077523,3.35024515639268,-14063.9958808386,45927.342804458,TRUE,FALSE,TRUE
1,196712,"p","2020-01-07 18:37:00",25.7833333333333,TRUE,25.7,0.0833333333333002,FALSE,TRUE,155.118675582734,0.517062251942653,1.86142410699355,3.23018429826134,-13910.471736961,45900.5013362879,TRUE,FALSE,TRUE
1,196712,"p","2020-01-07 18:42:00",25.8666666666667,TRUE,25.7833333333333,0.0833333333333997,FALSE,TRUE,155.118666958745,0.517062223195406,1.86142400350346,3.11012350080635,-13756.9475930833,45873.6598681134,TRUE,FALSE,TRUE
1,196712,"o","2020-01-07 18:44:00",25.9,TRUE,25.8666666666667,0.0333333333332995,FALSE,TRUE,61.0241729095716,0.508534774246946,1.83072518728901,2.98921002171076,-13696.5653830741,45863.0170840732,TRUE,FALSE,TRUE
1,196712,"p","2020-01-07 18:47:00",25.95,TRUE,25.9,0.0500000000000007,FALSE,TRUE,21.8534504348486,0.121408057971379,0.437069008696965,2.82958393394499,-13717.7514984897,45857.2562472648,TRUE,FALSE,TRUE
1,196712,"p","2020-01-07 18:52:00",26.0333333333333,TRUE,25.95,0.0833333333333002,FALSE,TRUE,38.0304593816067,0.12676819793874,0.456365512579462,2.6704939228361,-13754.7741034188,45847.8111913124,TRUE,FALSE,TRUE
1,196712,"p","2020-01-07 18:57:00",26.1166666666667,TRUE,26.0333333333333,0.0833333333333997,FALSE,TRUE,38.0304589480231,0.12676819649331,0.456365507375914,2.51140397394607,-13791.7967083477,45838.3661353427,TRUE,FALSE,TRUE
1,196712,"p","2020-01-07 19:02:00",26.2,TRUE,26.1166666666667,0.0833333333333002,FALSE,TRUE,38.0304585138647,0.126768195046266,0.456365502166558,2.35456921175427,-13828.8193132769,45828.9210793886,TRUE,FALSE,TRUE
1,196712,"p","2020-01-07 19:07:00",26.2833333333333,TRUE,26.2,0.0833333333333002,FALSE,TRUE,38.0304580816657,0.126768193605603,0.45636549698017,2.31361632825616,-13865.841918206,45819.4760234323,TRUE,FALSE,TRUE
1,196712,"p","2020-01-07 19:12:00",26.3666666666667,TRUE,26.2833333333333,0.0833333333333997,FALSE,TRUE,38.0304576485031,0.126768192161576,0.456365491781674,2.27232519905317,-13902.8645231348,45810.030967462,TRUE,FALSE,TRUE
1,196712,"p","2020-01-07 19:17:00",26.45,TRUE,26.3666666666667,0.0833333333333002,FALSE,TRUE,38.0304572170209,0.126768190723453,0.456365486604432,2.2310340582988,-13939.887128064,45800.5859115082,TRUE,FALSE,TRUE
1,196712,"p","2020-01-07 19:22:00",26.5333333333333,TRUE,26.45,0.0833333333333002,FALSE,TRUE,38.0304567843919,0.126768189281357,0.456365481412884,2.18974290598275,-13976.9097329931,45791.1408555445,TRUE,FALSE,TRUE
1,196712,"p","2020-01-07 19:27:00",26.6166666666667,TRUE,26.5333333333333,0.0833333333333997,FALSE,TRUE,38.0304563528708,0.126768187842802,0.456365476234086,2.14845174209726,-14013.9323379221,45781.695799584,TRUE,FALSE,TRUE
1,196712,"p","2020-01-07 19:32:00",26.7,TRUE,26.6166666666667,0.0833333333333002,FALSE,TRUE,38.0304559212827,0.126768186404326,0.456365471055575,2.1071605666328,-14050.9549428511,45772.2507436269,TRUE,FALSE,TRUE
1,196712,"p","2020-01-07 19:37:00",26.7833333333333,TRUE,26.7,0.0833333333333002,FALSE,TRUE,38.0304554901126,0.126768184967093,0.456365465881533,2.06586937958151,-14087.97754778,45762.8056876668,TRUE,FALSE,TRUE
1,196712,"o","2020-01-07 19:40:00",26.8333333333333,TRUE,26.7833333333333,0.0500000000000007,FALSE,TRUE,20.5403926526817,0.114113292514897,0.410807853053628,2.02331269183118,-14108.396727389,45759.8078553013,TRUE,FALSE,TRUE
1,196712,"p","2020-01-07 19:42:00",26.8666666666667,TRUE,26.8333333333333,0.0333333333333989,FALSE,TRUE,223.453021817213,1.86210851513978,6.70359065450319,2.15538701158058,-13991.8881837992,45951.3688379443,TRUE,FALSE,TRUE
1,196712,"p","2020-01-07 19:47:00",26.95,TRUE,26.8666666666667,0.0833333333333002,FALSE,TRUE,566.637635477435,1.88879211825887,6.79965162573192,2.24860305711423,-13696.1308664716,46436.9442975498,TRUE,FALSE,TRUE
1,196712,"o","2020-01-07 19:48:00",26.9666666666667,TRUE,26.95,0.0166666666667012,FALSE,TRUE,110.049111553132,1.83415185921506,6.60294669317422,2.33492139396938,-13639.0012107852,46531.4376953751,TRUE,FALSE,TRUE
1,196712,"p","2020-01-07 19:52:00",27.0333333333333,TRUE,26.9666666666667,0.0666666666665989,FALSE,TRUE,61.0819258687629,0.254508024453437,0.916228888032375,2.26327530382939,-13700.339347806,46533.5517408358,TRUE,FALSE,TRUE
1,196712,"p","2020-01-07 19:57:00",27.1166666666667,TRUE,27.0333333333333,0.0833333333333997,FALSE,TRUE,78.8246130872519,0.262748710290631,0.94589535704627,2.19245323870435,-13779.5392788332,46532.9171799981,TRUE,FALSE,TRUE
1,196712,"p","2020-01-07 20:02:00",27.2,TRUE,27.1166666666667,0.0833333333333002,FALSE,TRUE,78.8246135657305,0.262748711885873,0.945895362789143,2.12163113011713,-13858.7392098603,46532.2826191655,TRUE,FALSE,TRUE
1,196712,"p","2020-01-07 20:07:00",27.2833333333333,TRUE,27.2,0.0833333333333002,FALSE,TRUE,78.8246140473121,0.262748713491145,0.945895368568121,2.05080897801489,-13937.9391408873,46531.6480583282,TRUE,FALSE,TRUE
1,196712,"p","2020-01-07 20:12:00",27.3666666666667,TRUE,27.2833333333333,0.0833333333333997,FALSE,TRUE,78.8246145323949,0.262748715107774,0.945895374387986,1.97998678234736,-14017.1390719145,46531.0134975005,TRUE,FALSE,TRUE
1,196712,"p","2020-01-07 20:17:00",27.45,TRUE,27.3666666666667,0.0833333333333002,FALSE,TRUE,78.8246150202086,0.262748716734133,0.945895380242879,1.90916454306167,-14096.3390029414,46530.3789366734,TRUE,FALSE,TRUE
1,196712,"p","2020-01-07 20:22:00",27.5333333333333,TRUE,27.45,0.0833333333333002,FALSE,TRUE,78.8246155115171,0.262748718371828,0.945895386138582,1.83834226010842,-14175.5389339684,46529.7443758371,TRUE,FALSE,TRUE
1,196712,"o","2020-01-07 20:26:00",27.6,TRUE,27.5333333333333,0.066666666666702,FALSE,TRUE,61.3683301024616,0.255701375426788,0.920524951536437,1.76681519897469,-14237.2003722347,46529.3809448946,TRUE,FALSE,TRUE
1,196712,"p","2020-01-07 20:27:00",27.6166666666667,TRUE,27.6,0.0166666666666977,FALSE,TRUE,45.5267999026218,0.758779998375617,2.73160799415222,1.74559595619791,-14191.7390739845,46534.4590356497,TRUE,FALSE,TRUE
1,196712,"p","2020-01-07 20:32:00",27.7,TRUE,27.6166666666667,0.0833333333333002,FALSE,TRUE,236.113647043492,0.787045490145286,2.83336376452303,1.72720321860684,-13955.9400500458,46560.5705780387,TRUE,FALSE,TRUE
1,196712,"p","2020-01-07 20:37:00",27.7833333333333,TRUE,27.7,0.0833333333333002,FALSE,TRUE,236.113651655061,0.787045505517185,2.83336381986186,1.70881043851449,-13720.1410260924,46586.6821204109,TRUE,FALSE,TRUE
1,196712,"p","2020-01-07 20:42:00",27.8666666666667,TRUE,27.7833333333333,0.0833333333333997,FALSE,TRUE,236.113656338966,0.787045521129259,2.83336387606533,1.69344795522254,-13484.3420021386,46612.793662805,TRUE,FALSE,TRUE
1,196712,"p","2020-01-07 20:47:00",27.95,TRUE,27.8666666666667,0.0833333333333002,FALSE,TRUE,236.113661106946,0.787045537023466,2.83336393328448,1.72098904386644,-13248.5429781852,46638.905205189,TRUE,FALSE,TRUE
1,196712,"p","2020-01-07 20:52:00",28.0333333333333,TRUE,27.95,0.0833333333333002,FALSE,TRUE,236.113665962358,0.787045553208173,2.83336399154942,1.74798735949762,-13012.7439542316,46665.0167475716,TRUE,FALSE,TRUE
1,196712,"o","2020-01-07 20:55:00",28.0833333333333,TRUE,28.0333333333333,0.0500000000000007,FALSE,TRUE,140.520468836319,0.78066927131287,2.81040937672633,1.77434804985469,-12872.4615821767,46681.0075138934,TRUE,FALSE,TRUE
1,196712,"p","2020-01-07 20:57:00",28.1166666666667,TRUE,28.0833333333333,0.0333333333333989,FALSE,TRUE,34.6969373429826,0.289141144524286,1.04090812028743,1.75155593043982,-12865.7446061235,46715.1516393374,TRUE,FALSE,TRUE
1,196712,"p","2020-01-07 21:02:00",28.2,TRUE,28.1166666666667,0.0833333333333002,FALSE,TRUE,87.0152057363505,0.29005068578795,1.04418246883662,1.72885476805061,-12851.9447717835,46801.321555175,TRUE,FALSE,TRUE
1,196712,"p","2020-01-07 21:07:00",28.2833333333333,TRUE,28.2,0.0833333333333002,FALSE,TRUE,87.015217337378,0.290050724458042,1.04418260804895,1.70615361241933,-12838.1449374437,46887.4914710113,TRUE,FALSE,TRUE
1,196712,"p","2020-01-07 21:12:00",28.3666666666667,TRUE,28.2833333333333,0.0833333333333997,FALSE,TRUE,87.0152289476031,0.290050763158446,1.04418274737041,1.6834524635409,-12824.3451031037,46973.6613868562,TRUE,FALSE,TRUE
1,196712,"p","2020-01-07 21:17:00",28.45,TRUE,28.3666666666667,0.0833333333333002,FALSE,TRUE,87.015240557143,0.290050801857259,1.04418288668613,1.66075132140709,-12810.5452687642,47059.8313026973,TRUE,FALSE,TRUE
1,196712,"p","2020-01-07 21:22:00",28.5333333333333,TRUE,28.45,0.0833333333333002,FALSE,TRUE,87.0152521568847,0.290050840523065,1.04418302588303,1.6389029280347,-12796.7454344475,47146.0012185244,TRUE,FALSE,TRUE
1,196712,"o","2020-01-07 21:23:00",28.55,TRUE,28.5333333333333,0.0166666666667012,FALSE,TRUE,15.7860539636426,0.263100899393497,0.947163237816589,1.65307221217691,-12796.6642918597,47161.8321012276,TRUE,FALSE,TRUE
1,196712,"p","2020-01-07 21:27:00",28.6166666666667,TRUE,28.55,0.0666666666666984,FALSE,TRUE,405.87161603221,1.69113173346674,6.08807424048025,1.80950856572971,-13180.3897446235,47023.9999355048,TRUE,FALSE,TRUE
1,196712,"p","2020-01-07 21:32:00",28.7,TRUE,28.6166666666667,0.0833333333333002,FALSE,TRUE,511.067541720058,1.70355847240087,6.13281050064314,1.96718759332047,-13663.395090929,46849.9558527715,TRUE,FALSE,TRUE
1,196712,"o","2020-01-07 21:33:00",28.7166666666667,TRUE,28.7,0.0166666666667012,FALSE,TRUE,98.5643637309893,1.64273939551308,5.91386182384709,2.11878471336715,-13756.6800579702,46816.7587857365,TRUE,FALSE,TRUE
1,196712,"p","2020-01-07 21:37:00",28.7833333333333,TRUE,28.7166666666667,0.0666666666665989,FALSE,TRUE,141.294551149518,0.588727296456924,2.11941826724493,2.16498062365228,-13654.4064598945,46915.0392147127,TRUE,FALSE,TRUE
1,196712,"p","2020-01-07 21:42:00",28.8666666666667,TRUE,28.7833333333333,0.0833333333333997,FALSE,TRUE,180.988885676173,0.603296285586763,2.17186662811235,2.2126334329948,-13522.4193344814,47039.9044378448,TRUE,FALSE,TRUE
1,196712,"p","2020-01-07 21:47:00",28.95,TRUE,28.8666666666667,0.0833333333333002,FALSE,TRUE,180.988918919344,0.603296396398055,2.171867027033,2.26028625356226,-13390.4322090679,47164.769660975,TRUE,FALSE,TRUE
1,196712,"p","2020-01-07 21:52:00",29.0333333333333,TRUE,28.95,0.0833333333333002,FALSE,TRUE,180.988952201103,0.60329650733725,2.1718674264141,2.30793908536785,-13258.4450836546,47289.6348841015,TRUE,FALSE,TRUE
1,196712,"p","2020-01-07 21:57:00",29.1166666666667,TRUE,29.0333333333333,0.0833333333333997,FALSE,TRUE,180.988985520864,0.6032966184024,2.17186782624864,2.35559192842381,-13126.4579582415,47414.500107235,TRUE,FALSE,TRUE
1,196712,"p","2020-01-07 22:02:00",29.2,TRUE,29.1166666666667,0.0833333333333002,FALSE,TRUE,180.989018877904,0.603296729593253,2.17186822653571,2.4032447827427,-12994.4708328282,47539.36533037,TRUE,FALSE,TRUE
1,196712,"p","2020-01-07 22:07:00",29.2833333333333,TRUE,29.2,0.0833333333333002,FALSE,TRUE,180.989052275515,0.603296840918624,2.17186862730705,2.45089764833786,-12862.4837074149,47664.2305535063,TRUE,FALSE,TRUE
1,196712,"p","2020-01-07 22:12:00",29.3666666666667,TRUE,29.2833333333333,0.0833333333333997,FALSE,TRUE,180.9890857091,0.603296952363187,2.17186902850747,2.49981601432269,-12730.4965820016,47789.0957766309,TRUE,FALSE,TRUE
1,196712,"p","2020-01-07 22:17:00",29.45,TRUE,29.3666666666667,0.0833333333333002,FALSE,TRUE,180.989119182503,0.603297063941917,2.1718694301909,2.3739348692029,-12598.5094565884,47913.9609997589,TRUE,FALSE,TRUE
1,196712,"o","2020-01-07 22:19:00",29.4833333333333,TRUE,29.45,0.0333333333332995,FALSE,TRUE,71.6151842653449,0.596793202211814,2.14845552796253,2.24473497759819,-12546.6287300559,47963.7293494735,TRUE,FALSE,TRUE
1,196712,"p","2020-01-07 22:22:00",29.5333333333333,TRUE,29.4833333333333,0.0500000000000007,FALSE,TRUE,59.207102581861,0.328928347677001,1.1841420516372,2.09421262644439,-12568.2403921879,48019.0484588691,TRUE,FALSE,TRUE
1,196712,"p","2020-01-07 22:27:00",29.6166666666667,TRUE,29.5333333333333,0.0833333333333997,FALSE,TRUE,98.9658275025313,0.329886091674842,1.18758993002943,2.10175043316653,-12605.7833684626,48110.9507419681,TRUE,FALSE,TRUE
1,196712,"p","2020-01-07 22:32:00",29.7,TRUE,29.6166666666667,0.0833333333333002,FALSE,TRUE,98.9658420747575,0.329886140249323,1.18759010489756,2.1084641761624,-12643.326344737,48202.8530250616,TRUE,FALSE,TRUE
1,196712,"p","2020-01-07 22:37:00",29.7833333333333,TRUE,29.7,0.0833333333333002,FALSE,TRUE,98.9658566565166,0.329886188855186,1.18759027987867,2.11517792385933,-12680.8693210117,48294.7553081579,TRUE,FALSE,TRUE
1,196712,"p","2020-01-07 22:42:00",29.8666666666667,TRUE,29.7833333333333,0.0833333333333997,FALSE,TRUE,98.9658712383568,0.329886237460927,1.18759045485934,2.12189167625631,-12718.4122972862,48386.6575912476,TRUE,FALSE,TRUE
1,196712,"p","2020-01-07 22:47:00",29.95,TRUE,29.8666666666667,0.0833333333333002,FALSE,TRUE,98.9658858362835,0.329886286121076,1.18759063003587,2.12860543335764,-12755.9552735608,48478.5598743439,TRUE,FALSE,TRUE
1,196712,"p","2020-01-07 22:52:00",30.0333333333333,TRUE,29.95,0.0833333333333002,FALSE,TRUE,98.9659004318172,0.329886334772855,1.18759080518228,2.13531919516151,-12793.4982498357,48570.4621574421,TRUE,FALSE,TRUE
1,196712,"p","2020-01-07 22:57:00",30.1166666666667,TRUE,30.0333333333333,0.0833333333333997,FALSE,TRUE,98.9659150338456,0.32988638344589,1.1875909804052,2.14203296166892,-12831.0412261101,48662.3644405325,TRUE,FALSE,TRUE
1,196712,"p","2020-01-07 23:02:00",30.2,TRUE,30.1166666666667,0.0833333333333002,FALSE,TRUE,98.9659296481783,0.329886432160725,1.18759115577861,2.14945146734231,-12868.5842023848,48754.2667236328,TRUE,FALSE,TRUE
1,196712,"p","2020-01-07 23:07:00",30.2833333333333,TRUE,30.2,0.0833333333333002,FALSE,TRUE,98.9659442187623,0.329886480729339,1.18759133062562,2.10656211557768,-12906.1271786085,48846.1690066938,TRUE,FALSE,TRUE
1,196712,"o","2020-01-07 23:08:00",30.3,TRUE,30.2833333333333,0.0166666666667012,FALSE,TRUE,15.3520012805954,0.255866688009392,0.921120076833811,2.05344423536409,-12907.86721834,48861.4664716863,TRUE,FALSE,TRUE
1,196712,"o","2020-01-07 23:09:00",30.3166666666667,TRUE,30.3,0.0166666666666977,FALSE,TRUE,212.710597564914,3.54517662607529,12.7626358538711,2.3292573474199,-12714.247023922,48771.1360745327,TRUE,FALSE,TRUE
1,196712,"p","2020-01-07 23:12:00",30.3666666666667,TRUE,30.3166666666667,0.0500000000000007,FALSE,TRUE,159.151879554239,0.884177108634647,3.18303759108473,2.33897050617044,-12874.056045524,48765.3322751184,TRUE,FALSE,TRUE
1,196712,"p","2020-01-07 23:17:00",30.45,TRUE,30.3666666666667,0.0833333333333002,FALSE,TRUE,276.850475220677,0.922834917402623,3.32220570264944,2.35254944420836,-13152.1807428794,48759.9230730484,TRUE,FALSE,TRUE
1,196712,"p","2020-01-07 23:22:00",30.5333333333333,TRUE,30.45,0.0833333333333002,FALSE,TRUE,276.850479414054,0.922834931380549,3.32220575296997,2.3661283820256,-13430.305440235,48754.5138709834,TRUE,FALSE,TRUE
1,196712,"p","2020-01-07 23:27:00",30.6166666666667,TRUE,30.5333333333333,0.0833333333333997,FALSE,TRUE,276.85048374588,0.922834945818867,3.32220580494792,2.3803449494762,-13708.4301375905,48749.104668915,TRUE,FALSE,TRUE
1,196712,"p","2020-01-07 23:32:00",30.7,TRUE,30.6166666666667,0.0833333333333002,FALSE,TRUE,276.850488216521,0.922834960722105,3.32220585859958,2.44371433109598,-13986.5548349463,48743.6954668482,TRUE,FALSE,TRUE
1,196712,"p","2020-01-07 23:37:00",30.7833333333333,TRUE,30.7,0.0833333333333002,FALSE,TRUE,276.850492825133,0.922834976084144,3.32220591390292,2.5069927601256,-14264.6795323017,48738.2862647791,TRUE,FALSE,TRUE
1,196712,"p","2020-01-07 23:42:00",30.8666666666667,TRUE,30.7833333333333,0.0833333333333997,FALSE,TRUE,275.710905221059,0.919036350736131,3.30853086265007,2.56989132275341,-14541.689065931,48734.7330078739,TRUE,FALSE,TRUE
1,196712,"p","2020-01-07 23:47:00",30.95,TRUE,30.8666666666667,0.0833333333333002,FALSE,TRUE,343.620561999483,1.14540187333207,4.12344674399544,2.65542643377077,-14614.1146481668,49071.6648179054,TRUE,FALSE,TRUE
1,196712,"p","2020-01-07 23:52:00",31.0333333333333,TRUE,30.95,0.0833333333333002,FALSE,TRUE,345.200560108447,1.15066853369528,4.14240672130301,2.74148820695457,-14685.4250666766,49410.4525730976,TRUE,FALSE,TRUE
1,196712,"p","2020-01-07 23:57:00",31.1166666666667,TRUE,31.0333333333333,0.0833333333333997,FALSE,TRUE,345.200746895072,1.15066915631599,4.14240896273757,2.82755003853386,-14756.735485186,49749.2403282859,TRUE,FALSE,TRUE
1,196712,"o","2020-01-08 00:01:00",31.1833333333333,TRUE,31.1166666666667,0.0666666666666025,FALSE,TRUE,273.666186187259,1.14027577578134,4.10499279281283,2.91526752617265,-14814.5647383321,50017.5472656692,TRUE,FALSE,TRUE
1,196712,"p","2020-01-08 00:02:00",31.2,TRUE,31.1833333333333,0.0166666666666977,FALSE,TRUE,52.0693518579653,0.867822530964472,3.1241611114721,2.83293660592242,-14857.0111684797,49987.0186189343,TRUE,FALSE,TRUE
1,196712,"p","2020-01-08 00:07:00",31.2833333333333,TRUE,31.2,0.0833333333333002,FALSE,TRUE,271.578029679104,0.905260098930708,3.25893635615055,2.7531067685754,-15073.1479108676,49820.7590515452,TRUE,FALSE,TRUE
1,196712,"p","2020-01-08 00:12:00",31.3666666666667,TRUE,31.2833333333333,0.0833333333333997,FALSE,TRUE,271.577964017494,0.905259880057593,3.25893556820733,2.67935881702986,-15289.2846532628,49654.4994841276,TRUE,FALSE,TRUE
1,196712,"p","2020-01-08 00:17:00",31.45,TRUE,31.3666666666667,0.0833333333333002,FALSE,TRUE,271.577898468106,0.905259661560714,3.25893478161857,2.71101205354023,-15505.421395658,49488.2399167145,TRUE,FALSE,TRUE
1,196712,"p","2020-01-08 00:22:00",31.5333333333333,TRUE,31.45,0.0833333333333002,FALSE,TRUE,271.57783304639,0.905259443488326,3.25893399655797,2.74120836933039,-15721.5581380533,49321.9803493025,TRUE,FALSE,TRUE
1,196712,"p","2020-01-08 00:27:00",31.6166666666667,TRUE,31.5333333333333,0.0833333333333997,FALSE,TRUE,271.57776775218,0.905259225839879,3.25893321302357,2.77140465227457,-15937.6948804485,49155.7207818862,TRUE,FALSE,TRUE
1,196712,"p","2020-01-08 00:32:00",31.7,TRUE,31.6166666666667,0.0833333333333002,FALSE,TRUE,271.577702593787,0.905259008646317,3.25893243112674,2.80160090240548,-16153.8316228438,48989.4612144642,TRUE,FALSE,TRUE
1,196712,"p","2020-01-08 00:37:00",31.7833333333333,TRUE,31.7,0.0833333333333002,FALSE,TRUE,271.577637558431,0.905258791861796,3.25893165070247,2.83179711975142,-16369.9683652386,48823.2016470546,TRUE,FALSE,TRUE
1,196712,"p","2020-01-08 00:42:00",31.8666666666667,TRUE,31.7833333333333,0.0833333333333997,FALSE,TRUE,271.577572657041,0.905258575522749,3.2589308718819,2.86199330434437,-16586.1051076338,48656.942079639,TRUE,FALSE,TRUE
1,196712,"o","2020-01-08 00:46:00",31.9333333333333,TRUE,31.8666666666667,0.0666666666666025,FALSE,TRUE,216.089527846233,0.900373032693504,3.24134291769662,2.89170092352186,-16757.9065326457,48524.4261116406,TRUE,FALSE,TRUE
1,196712,"p","2020-01-08 00:47:00",31.95,TRUE,31.9333333333333,0.0166666666666977,FALSE,TRUE,15.7947010531797,0.263245017552505,0.947682063189017,2.85769573004079,-16761.1458594465,48508.9197754147,TRUE,FALSE,TRUE
1,196712,"p","2020-01-08 00:52:00",32.0333333333333,TRUE,31.95,0.0833333333333037,FALSE,TRUE,75.60718242117,0.25202394140399,0.907286189054363,2.822568417787,-16771.802648988,48433.846523944,TRUE,FALSE,TRUE
1,196712,"p","2020-01-08 00:57:00",32.1166666666667,TRUE,32.0333333333333,0.0833333333333997,FALSE,TRUE,75.6071735851383,0.252023911950261,0.907286083020938,2.78809148876084,-16782.45943852,48358.7732724856,TRUE,FALSE,TRUE
1,196712,"p","2020-01-08 01:02:00",32.2,TRUE,32.1166666666667,0.0833333333333002,FALSE,TRUE,75.6071647565577,0.252023882521959,0.907285977079053,2.78040104224534,-16793.1162280518,48283.700021026,TRUE,FALSE,TRUE
1,196712,"p","2020-01-08 01:07:00",32.2833333333333,TRUE,32.2,0.0833333333333002,FALSE,TRUE,75.6071559298937,0.252023853099746,0.907285871159086,2.77261481838783,-16803.7730175835,48208.626769565,TRUE,FALSE,TRUE
1,196712,"p","2020-01-08 01:12:00",32.3666666666667,TRUE,32.2833333333333,0.0833333333333997,FALSE,TRUE,75.6071471107385,0.252023823702261,0.90728576532814,2.76482858673312,-16814.4298071152,48133.553518097,TRUE,FALSE,TRUE
1,196712,"p","2020-01-08 01:17:00",32.45,TRUE,32.3666666666667,0.0833333333333002,FALSE,TRUE,75.6071382879075,0.252023794293125,0.907285659455251,2.75704234727691,-16825.086596647,48058.4802666342,TRUE,FALSE,TRUE
1,196712,"o","2020-01-08 01:21:00",32.5166666666667,TRUE,32.45,0.0666666666666984,FALSE,TRUE,61.3254910827418,0.255522879511302,0.919882366240689,2.74960601148195,-16834.3304033717,47997.6756479525,TRUE,FALSE,TRUE
1,196712,"p","2020-01-08 01:22:00",32.5333333333333,TRUE,32.5166666666667,0.0166666666666018,FALSE,TRUE,50.2857535635051,0.838095892728348,3.01714521382205,2.80042697214268,-16862.3888418408,47955.736266804,TRUE,FALSE,TRUE
1,196712,"p","2020-01-08 01:27:00",32.6166666666667,TRUE,32.5333333333333,0.0833333333333997,FALSE,TRUE,256.508642837327,0.855028809457077,3.07810371404548,2.8529412196111,-17006.2729096725,47742.3092735436,TRUE,FALSE,TRUE
1,196712,"o","2020-01-08 01:28:00",32.6333333333333,TRUE,32.6166666666667,0.0166666666665947,FALSE,TRUE,55.1168914336784,0.918614857231941,3.30701348603499,2.91181406698971,-17038.1928694771,47697.139213668,TRUE,FALSE,TRUE
1,196712,"p","2020-01-08 01:32:00",32.7,TRUE,32.6333333333333,0.0666666666667055,FALSE,TRUE,786.034064547125,3.27514193561111,11.7905109682,3.20633961733475,-17616.4903158415,47160.2451648697,TRUE,FALSE,TRUE
1,196712,"p","2020-01-08 01:37:00",32.7833333333333,TRUE,32.7,0.0833333333333002,FALSE,TRUE,987.514116658153,3.29171372219515,11.8501693999025,3.50252234148133,-18343.2910566348,46486.0217773018,TRUE,FALSE,TRUE
1,196712,"o","2020-01-08 01:39:00",32.8166666666667,TRUE,32.7833333333333,0.0333333333333954,FALSE,TRUE,391.333930539047,3.26111608781932,11.7400179161496,3.80304728146232,-18629.3160104096,46216.7146052997,TRUE,FALSE,TRUE
1,196712,"p","2020-01-08 01:42:00",32.8666666666667,TRUE,32.8166666666667,0.0500000000000043,FALSE,TRUE,370.392779659677,2.05773766477581,7.40785559319291,3.65430338533237,-18547.62292994,45854.3253673153,TRUE,FALSE,TRUE
1,196712,"p","2020-01-08 01:47:00",32.95,TRUE,32.8666666666667,0.0833333333333002,FALSE,TRUE,618.459298946638,2.06153099648961,7.42151158736261,3.77203877411787,-18403.6422249197,45250.9802757072,TRUE,FALSE,TRUE
1,196712,"p","2020-01-08 01:52:00",33.0333333333333,TRUE,32.95,0.0833333333333002,FALSE,TRUE,618.45870971798,2.06152903239409,7.42150451661871,3.88590818561701,-18259.6615198995,44647.6351841072,TRUE,FALSE,TRUE
1,196712,"o","2020-01-08 01:55:00",33.0833333333333,TRUE,33.0333333333333,0.0499999999999972,FALSE,TRUE,369.89262700749,2.05495903893062,7.39785254015022,3.99912059637202,-18175.6395560508,44286.2907623075,TRUE,FALSE,TRUE
1,196712,"p","2020-01-08 01:57:00",33.1166666666667,TRUE,33.0833333333333,0.0333333333334025,FALSE,TRUE,224.077373229238,1.86731144357311,6.72232119686319,4.09356824614745,-18291.2308381724,44093.445924429,TRUE,FALSE,TRUE
1,196712,"p","2020-01-08 02:02:00",33.2,TRUE,33.1166666666667,0.0833333333333002,FALSE,TRUE,561.829302351383,1.87276434117202,6.74195162821928,4.18856118419244,-18586.1251913853,43612.9904126527,TRUE,FALSE,TRUE
1,196712,"p","2020-01-08 02:07:00",33.2833333333333,TRUE,33.2,0.0833333333333002,FALSE,TRUE,561.828906236352,1.87276302078858,6.7419468748389,4.28355398866288,-18881.0195445981,43132.5349008777,TRUE,FALSE,TRUE
1,196712,"p","2020-01-08 02:12:00",33.3666666666667,TRUE,33.2833333333333,0.0833333333333997,FALSE,TRUE,561.828511268881,1.87276170422811,6.74194213522121,4.37892652401208,-19175.9138978108,42652.0793890913,TRUE,FALSE,TRUE
1,196712,"p","2020-01-08 02:17:00",33.45,TRUE,33.3666666666667,0.0833333333333002,FALSE,TRUE,561.828117434749,1.87276039144991,6.74193740921967,4.45166237582386,-19470.8082510236,42171.6238773122,TRUE,FALSE,TRUE
1,196712,"p","2020-01-08 02:22:00",33.5333333333333,TRUE,33.45,0.0833333333333002,FALSE,TRUE,561.827724748463,1.87275908249562,6.74193269698424,4.5238714307039,-19765.7026042364,41691.168365532,TRUE,FALSE,TRUE
1,196712,"o","2020-01-08 02:26:00",33.6,TRUE,33.5333333333333,0.0666666666666984,FALSE,TRUE,447.662211745191,1.86525921560407,6.71493317617467,4.59533043663271,-20000.4028985944,41308.1776942009,TRUE,FALSE,TRUE
1,196712,"p","2020-01-08 02:27:00",33.6166666666667,TRUE,33.6,0.0166666666667012,FALSE,TRUE,48.7585227750133,0.812642046248536,2.92551136649473,4.56256706367943,-20015.5240649263,41261.6665646758,TRUE,FALSE,TRUE
1,196712,"p","2020-01-08 02:32:00",33.7,TRUE,33.6166666666667,0.0833333333333002,FALSE,TRUE,235.439756228356,0.784799187428167,2.8252770747414,4.5542647293258,-20085.0539555884,41035.979607396,TRUE,FALSE,TRUE
1,196712,"p","2020-01-08 02:37:00",33.7833333333333,TRUE,33.7,0.0833333333333002,FALSE,TRUE,235.439677340066,0.784798924467197,2.82527612808191,4.54221861187944,-20154.5838462399,40810.2926501394,TRUE,FALSE,TRUE
1,196712,"p","2020-01-08 02:42:00",33.8666666666667,TRUE,33.7833333333333,0.0833333333333997,FALSE,TRUE,235.439598548323,0.784798661827117,2.82527518257762,4.5301724900564,-20224.1137368913,40584.6056928745,TRUE,FALSE,TRUE
1,196712,"p","2020-01-08 02:47:00",33.95,TRUE,33.8666666666667,0.0833333333333002,FALSE,TRUE,235.43951984194,0.784798399473444,2.8252742381044,4.51812636384767,-20293.6436275428,40358.9187356204,TRUE,FALSE,TRUE
1,196712,"p","2020-01-08 02:52:00",34.0333333333333,TRUE,33.95,0.0833333333333002,FALSE,TRUE,235.439441220869,0.784798137403208,2.82527329465155,4.50608023323916,-20363.1735181943,40133.2317783597,TRUE,FALSE,TRUE
1,196712,"p","2020-01-08 02:57:00",34.1166666666667,TRUE,34.0333333333333,0.0833333333333997,FALSE,TRUE,235.439362679895,0.784797875599024,2.82527235215649,4.49403409821507,-20432.7034088459,39907.5448211046,TRUE,FALSE,TRUE
1,196712,"o","2020-01-08 02:59:00",34.15,TRUE,34.1166666666667,0.0333333333332959,FALSE,TRUE,95.1206566700907,0.792672138918312,2.85361970010592,4.48277541124227,-20460.288195737,39816.2104254676,TRUE,FALSE,TRUE
1,196712,"p","2020-01-08 03:02:00",34.2,TRUE,34.15,0.0500000000000043,FALSE,TRUE,252.085022488163,1.40047234715634,5.04170044976284,4.53229676677173,-20476.9552879352,39563.9506707823,TRUE,FALSE,TRUE
1,196712,"p","2020-01-08 03:07:00",34.2833333333333,TRUE,34.2,0.0833333333333002,FALSE,TRUE,421.874150100862,1.40624716700343,5.06248980121235,4.5823956259198,-20504.3551593171,39141.7517250988,TRUE,FALSE,TRUE
1,196712,"p","2020-01-08 03:12:00",34.3666666666667,TRUE,34.2833333333333,0.0833333333333997,FALSE,TRUE,421.873882319142,1.40624627439602,5.06248658782568,4.63298295009005,-20531.7550306989,38719.5527794135,TRUE,FALSE,TRUE
1,196712,"o","2020-01-08 03:17:00",34.45,TRUE,34.3666666666667,0.0833333333333002,FALSE,TRUE,420.523994166936,1.40174664722368,5.04628793000524,4.74683311305716,-20559.3720205269,38298.7243026029,TRUE,FALSE,TRUE
1,196712,"p","2020-01-08 03:22:00",34.5333333333333,TRUE,34.45,0.0833333333333002,FALSE,TRUE,181.770197541436,0.605900658471694,2.1812423704981,4.78222078476394,-20626.8207844238,38129.3171457309,TRUE,FALSE,TRUE
1,196712,"p","2020-01-08 03:27:00",34.6166666666667,TRUE,34.5333333333333,0.0833333333333997,FALSE,TRUE,180.581372728597,0.601937909094845,2.16697647274144,4.81721218447839,-20694.4866667668,37961.2804577387,TRUE,FALSE,TRUE
1,196712,"p","2020-01-08 03:32:00",34.7,TRUE,34.6166666666667,0.0833333333333002,FALSE,TRUE,180.58132869809,0.601937762327205,2.16697594437794,4.85220357245892,-20762.1525491099,37793.2437697279,TRUE,FALSE,TRUE
1,196712,"p","2020-01-08 03:37:00",34.7833333333333,TRUE,34.7,0.0833333333333002,FALSE,TRUE,180.58128470092,0.601937615669973,2.1669754164119,4.88719494871594,-20829.8184314529,37625.2070817201,TRUE,FALSE,TRUE
1,196712,"p","2020-01-08 03:42:00",34.8666666666667,TRUE,34.7833333333333,0.0833333333333997,FALSE,TRUE,180.581240743751,0.601937469145356,2.16697488892328,4.92218631326025,-20897.484313796,37457.1703937277,TRUE,FALSE,TRUE
1,196712,"p","2020-01-08 03:47:00",34.95,TRUE,34.8666666666667,0.0833333333333002,FALSE,TRUE,180.58119682518,0.601937322750841,2.16697436190303,4.95717766610602,-20965.1501961388,37289.1337057174,TRUE,FALSE,TRUE
1,196712,"p","2020-01-08 03:52:00",35.0333333333333,TRUE,34.95,0.0833333333333002,FALSE,TRUE,180.581152942857,0.601937176476431,2.16697383531515,4.99181909580253,-21032.8160784819,37121.0970177133,TRUE,FALSE,TRUE
1,196712,"p","2020-01-08 03:57:00",35.1166666666667,TRUE,35.0333333333333,0.0833333333333997,FALSE,TRUE,180.581109099162,0.601937030330062,2.16697330918822,4.96820320956271,-21100.4819608251,36953.0603297172,TRUE,FALSE,TRUE
1,196712,"p","2020-01-08 04:02:00",35.2,TRUE,35.1166666666667,0.0833333333333002,FALSE,TRUE,180.5810652916,0.601936884305573,2.16697278350006,4.94289401704756,-21168.147843168,36785.0236417122,TRUE,FALSE,TRUE
1,196712,"p","2020-01-08 04:07:00",35.2833333333333,TRUE,35.2,0.0833333333333002,FALSE,TRUE,180.581021524288,0.601936738414533,2.16697225829232,4.91122620516581,-21235.8137255113,36616.9869537086,TRUE,FALSE,TRUE
1,196712,"o","2020-01-08 04:08:00",35.3,TRUE,35.2833333333333,0.0166666666666941,FALSE,TRUE,36.1620210517351,0.602700350861259,2.16972126310053,4.64398204669083,-21249.3974959989,36583.3504035333,TRUE,FALSE,TRUE
1,196712,"p","2020-01-08 04:12:00",35.3666666666667,TRUE,35.3,0.0666666666667055,FALSE,TRUE,151.30702166481,0.630445923603007,2.26960532497082,4.37785526683161,-21310.9859966376,36444.6161386765,TRUE,FALSE,TRUE
1,196712,"p","2020-01-08 04:17:00",35.45,TRUE,35.3666666666667,0.0833333333333002,FALSE,TRUE,189.192525259817,0.630641750866306,2.2703103031187,4.11480783313631,-21388.03486496,36271.1617918811,TRUE,FALSE,TRUE
1,196712,"p","2020-01-08 04:22:00",35.5333333333333,TRUE,35.45,0.0833333333333002,FALSE,TRUE,189.192478238813,0.630641594129628,2.27030973886666,3.97209822607169,-21465.0837332824,36097.7074450932,TRUE,FALSE,TRUE
1,196712,"p","2020-01-08 04:27:00",35.6166666666667,TRUE,35.5333333333333,0.0833333333333997,FALSE,TRUE,189.192431260338,0.630641437533959,2.27030917512225,3.82900927017613,-21542.132601605,35924.2530983086,TRUE,FALSE,TRUE
1,196712,"p","2020-01-08 04:32:00",35.7,TRUE,35.6166666666667,0.0833333333333002,FALSE,TRUE,189.192384328154,0.630641281094097,2.27030861193875,3.68592049504613,-21619.1814699275,35750.7987515105,TRUE,FALSE,TRUE
1,196712,"p","2020-01-08 04:37:00",35.7833333333333,TRUE,35.7,0.0833333333333002,FALSE,TRUE,189.192337434579,0.630641124782181,2.27030804921585,3.54348870363129,-21696.2303382499,35577.3444047279,TRUE,FALSE,TRUE
1,196712,"p","2020-01-08 04:42:00",35.8666666666667,TRUE,35.7833333333333,0.0833333333333997,FALSE,TRUE,189.192290586262,0.63064096862037,2.27030748703333,3.41982165613601,-21773.2792065723,35403.8900579391,TRUE,FALSE,TRUE
1,196712,"p","2020-01-08 04:47:00",35.95,TRUE,35.8666666666667,0.0833333333333002,FALSE,TRUE,189.192243781887,0.630640812606539,2.27030692538354,3.29560930327946,-21850.3280748948,35230.4357111449,TRUE,FALSE,TRUE
1,196712,"p","2020-01-08 04:52:00",36.0333333333333,TRUE,35.95,0.0833333333333002,FALSE,TRUE,189.192197021427,0.63064065673834,2.27030636425802,3.17139706687444,-21927.3769432173,35056.9813643516,TRUE,FALSE,TRUE
1,196712,"p","2020-01-08 04:57:00",36.1166666666667,TRUE,36.0333333333333,0.0833333333333997,FALSE,TRUE,189.192150304933,0.63064050101594,2.27030580365738,3.04718494655322,-22004.4258115398,34883.5270175769,TRUE,FALSE,TRUE
1,196712,"p","2020-01-08 05:02:00",36.2,TRUE,36.1166666666667,0.0833333333333002,FALSE,TRUE,189.192103629878,0.630640345433177,2.27030524355944,2.92297294195155,-22081.4746798623,34710.0726707793,TRUE,FALSE,TRUE
1,196712,"p","2020-01-08 05:07:00",36.2833333333333,TRUE,36.2,0.0833333333333002,FALSE,TRUE,189.192057033939,0.63064019011338,2.27030468440817,2.79876105271333,-22158.5235481883,34536.6183239506,TRUE,FALSE,TRUE
1,196712,"o","2020-01-08 05:08:00",36.3,TRUE,36.2833333333333,0.0166666666666941,FALSE,TRUE,41.4753850750027,0.691256417915572,2.48852310449606,2.68136077294447,-22174.3418068739,34498.1361841695,TRUE,FALSE,TRUE
1,196712,"p","2020-01-08 05:12:00",36.3666666666667,TRUE,36.3,0.0666666666667055,FALSE,TRUE,705.954368221245,2.94147653425347,10.5893155233125,2.89424422174497,-22296.1773546528,33800.6716029644,TRUE,FALSE,TRUE
1,196712,"p","2020-01-08 05:17:00",36.45,TRUE,36.3666666666667,0.0833333333333002,FALSE,TRUE,887.184554076303,2.95728184692219,10.6462146489199,3.11149248769437,-22448.9823956573,32924.101788382,TRUE,FALSE,TRUE
1,196712,"p","2020-01-08 05:22:00",36.5333333333333,TRUE,36.45,0.0833333333333002,FALSE,TRUE,887.18342848542,2.95727809495258,10.6462011418293,3.32874040474291,-22601.787436662,32047.5319738015,TRUE,FALSE,TRUE
1,196712,"p","2020-01-08 05:27:00",36.6166666666667,TRUE,36.5333333333333,0.0833333333333997,FALSE,TRUE,887.182307358324,2.95727435785873,10.6461876882914,3.54598797434607,-22754.5924776668,31170.9621592205,TRUE,FALSE,TRUE
1,196712,"p","2020-01-08 05:32:00",36.7,TRUE,36.6166666666667,0.0833333333333002,FALSE,TRUE,887.181190699371,2.95727063566575,10.6461742883967,3.7632351979653,-22907.3975186713,30294.3923446349,TRUE,FALSE,TRUE
1,196712,"p","2020-01-08 05:37:00",36.7833333333333,TRUE,36.7,0.0833333333333002,FALSE,TRUE,887.180078504805,2.95726692835053,10.6461609420619,3.98048207706003,-23060.2025596762,29417.8225300601,TRUE,FALSE,TRUE
1,196712,"p","2020-01-08 05:42:00",36.8666666666667,TRUE,36.7833333333333,0.0833333333333997,FALSE,TRUE,887.178970781654,2.95726323593649,10.6461476493714,4.19772861309378,-23213.0076006808,28541.2527154842,TRUE,FALSE,TRUE
1,196712,"p","2020-01-08 05:47:00",36.95,TRUE,36.8666666666667,0.0833333333333002,FALSE,TRUE,887.177867523403,2.95725955841252,10.6461344102851,4.4141873550432,-23365.8126416854,27664.6829008971,TRUE,FALSE,TRUE
1,196712,"p","2020-01-08 05:52:00",37.0333333333333,TRUE,36.95,0.0833333333333002,FALSE,TRUE,887.176768726047,2.95725589575467,10.6461212247168,4.56986570990303,-23518.61768269,26788.113086317,TRUE,FALSE,TRUE
1,196712,"p","2020-01-08 05:57:00",37.1166666666667,TRUE,37.0333333333333,0.0833333333333997,FALSE,TRUE,887.175674403852,2.95725224801049,10.6461080928378,4.72496621800374,-23671.4227236947,25911.5432717375,TRUE,FALSE,TRUE
1,196712,"p","2020-01-08 06:02:00",37.2,TRUE,37.1166666666667,0.0833333333333002,FALSE,TRUE,887.174584543136,2.95724861514496,10.6460950145219,4.88006645207863,-23824.2277646994,25034.9734571544,TRUE,FALSE,TRUE
1,196712,"p","2020-01-08 06:07:00",37.2833333333333,TRUE,37.2,0.0833333333333002,FALSE,TRUE,887.17349915256,2.95724499717638,10.646081989835,5.0356162870739,-23977.032805704,24158.4036425715,TRUE,FALSE,TRUE
1,196712,"p","2020-01-08 06:12:00",37.3666666666667,TRUE,37.2833333333333,0.0833333333333997,FALSE,TRUE,887.17241822545,2.95724139408248,10.6460690186969,5.27075036063498,-24129.8378467085,23281.8338279979,TRUE,FALSE,TRUE
2,196712,"p","2020-01-10 10:07:00",89.2833333333333,TRUE,89.2,0.0833333333333002,FALSE,TRUE,430.650657992534,1.43550219330902,5.16780789591246,1.24332667303832,-17771.9689849674,28003.1495962016,TRUE,TRUE,TRUE
2,196712,"p","2020-01-10 10:12:00",89.3666666666667,TRUE,89.2833333333333,0.0833333333333997,FALSE,TRUE,430.65088341867,1.43550294472776,5.16781060101993,1.38350453453124,-17565.4448666551,28382.680763494,TRUE,FALSE,TRUE
2,196712,"p","2020-01-10 10:17:00",89.45,TRUE,89.3666666666667,0.0833333333333002,FALSE,TRUE,430.651109357995,1.43550369786056,5.167813312298,1.52368247131361,-17358.9207483429,28762.2119307992,TRUE,FALSE,TRUE
2,196712,"p","2020-01-10 10:22:00",89.5333333333333,TRUE,89.45,0.0833333333333002,FALSE,TRUE,430.651335814348,1.43550445271506,5.16781602977423,1.66386048355646,-17152.3966300308,29141.7430981068,TRUE,FALSE,TRUE
2,196712,"p","2020-01-10 10:27:00",89.6166666666667,TRUE,89.5333333333333,0.0833333333333997,FALSE,TRUE,430.651562777941,1.43550520925866,5.16781875333118,1.80403857142908,-16945.8725117184,29521.2742654034,TRUE,FALSE,TRUE
2,196712,"p","2020-01-10 10:32:00",89.7,TRUE,89.6166666666667,0.0833333333333002,FALSE,TRUE,430.651790258353,1.43550596752841,5.16782148310229,1.9442167351044,-16739.3483934063,29900.8054327088,TRUE,FALSE,TRUE
2,196712,"p","2020-01-10 10:37:00",89.7833333333333,TRUE,89.7,0.0833333333333002,FALSE,TRUE,430.652018249876,1.43550672750016,5.16782421900057,2.08439497475175,-16532.824275094,30280.3366000181,TRUE,FALSE,TRUE
2,196712,"p","2020-01-10 10:42:00",89.8666666666667,TRUE,89.7833333333333,0.0833333333333997,FALSE,TRUE,430.652246750939,1.43550748916866,5.16782696100716,2.22457329054167,-16326.3001567817,30659.8677673128,TRUE,FALSE,TRUE
2,196712,"p","2020-01-10 10:47:00",89.95,TRUE,89.8666666666667,0.0833333333333002,FALSE,TRUE,430.652475772815,1.43550825257662,5.16782970927583,2.364751682648,-16119.7760384696,31039.3989346128,TRUE,FALSE,TRUE
2,196712,"p","2020-01-10 10:52:00",90.0333333333333,TRUE,89.95,0.0833333333333002,FALSE,TRUE,430.652705303327,1.43550901767833,5.16783246364198,2.5049301512398,-15913.2519201573,31418.9301019092,TRUE,FALSE,TRUE
2,196712,"p","2020-01-10 10:57:00",90.1166666666667,TRUE,90.0333333333333,0.0833333333333997,FALSE,TRUE,430.652935349667,1.43550978449775,5.16783522419189,2.64510869648923,-15706.7278018452,31798.4612692173,TRUE,FALSE,TRUE
2,196712,"p","2020-01-10 11:02:00",90.2,TRUE,90.1166666666667,0.0833333333333002,FALSE,TRUE,430.653165906036,1.43551055302069,5.16783799087449,2.78528731856603,-15500.2036835328,32177.9924365189,TRUE,FALSE,TRUE
2,196712,"p","2020-01-10 11:07:00",90.2833333333333,TRUE,90.2,0.0833333333333002,FALSE,TRUE,430.653396975636,1.43551132325269,5.16784076370969,2.92546601764157,-15293.6795652206,32557.5236038209,TRUE,FALSE,TRUE
2,196712,"p","2020-01-10 11:12:00",90.3666666666667,TRUE,90.2833333333333,0.0833333333333997,FALSE,TRUE,429.419367026142,1.431397890086,5.15303240430961,3.06523337337577,-15088.4484476928,32936.3462305228,TRUE,FALSE,TRUE
2,196712,"p","2020-01-10 11:17:00",90.45,TRUE,90.3666666666667,0.0833333333333002,FALSE,TRUE,250.156294436062,0.833854314787204,3.00187553323393,3.14524637155563,-15120.4266326236,33185.1825315476,TRUE,FALSE,TRUE
2,196712,"p","2020-01-10 11:22:00",90.5333333333333,TRUE,90.45,0.0833333333333002,FALSE,TRUE,249.623089778977,0.832076965930256,2.99547707734892,3.22508163482533,-15153.6978183391,33433.3102919681,TRUE,FALSE,TRUE
2,196712,"p","2020-01-10 11:27:00",90.6166666666667,TRUE,90.5333333333333,0.0833333333333997,FALSE,TRUE,249.623181995205,0.832077273316686,2.99547818394007,3.30491692880889,-15186.9690040542,33681.4380524024,TRUE,FALSE,TRUE
2,196712,"p","2020-01-10 11:32:00",90.7,TRUE,90.6166666666667,0.0833333333333002,FALSE,TRUE,249.623274306651,0.832077581022502,2.99547929168101,3.38475225353877,-15220.2401897696,33929.5658128294,TRUE,FALSE,TRUE
2,196712,"p","2020-01-10 11:37:00",90.7833333333333,TRUE,90.7,0.0833333333333002,FALSE,TRUE,249.623366715988,0.832077889053624,2.99548040059305,3.46458760904703,-15253.511375485,34177.6935732534,TRUE,FALSE,TRUE
2,196712,"o","2020-01-10 11:39:00",90.8166666666667,TRUE,90.7833333333333,0.0333333333334025,FALSE,TRUE,97.7385913073232,0.81448826089267,2.93215773921361,3.54266400171461,-15267.7061057998,34274.6834371798,TRUE,FALSE,TRUE
2,196712,"p","2020-01-10 11:42:00",90.8666666666667,TRUE,90.8166666666667,0.0499999999999972,FALSE,TRUE,154.135317037088,0.856307316872757,3.08270634074193,3.62492229995566,-15385.3996864534,34174.2044134559,TRUE,FALSE,TRUE
2,196712,"p","2020-01-10 11:47:00",90.95,TRUE,90.8666666666667,0.0833333333333002,FALSE,TRUE,260.458877825661,0.868196259419217,3.12550653390918,3.70836949242651,-15583.0327475909,34002.9706401763,TRUE,FALSE,TRUE
2,196712,"p","2020-01-10 11:52:00",91.0333333333333,TRUE,90.95,0.0833333333333002,FALSE,TRUE,260.458816990697,0.868196056636001,3.12550580388961,3.79181666459471,-15780.6658087282,33831.7368668915,TRUE,FALSE,TRUE
2,196712,"p","2020-01-10 11:57:00",91.1166666666667,TRUE,91.0333333333333,0.0833333333333997,FALSE,TRUE,260.458756270002,0.86819585423265,3.12550507523754,3.87526381649825,-15978.2988698657,33660.50309362,TRUE,FALSE,TRUE
2,196712,"p","2020-01-10 12:02:00",91.2,TRUE,91.1166666666667,0.0833333333333002,FALSE,TRUE,260.458695662265,0.868195652207895,3.12550434794842,3.95871094817467,-16175.9319310031,33489.2693203444,TRUE,FALSE,TRUE
2,196712,"p","2020-01-10 12:07:00",91.2833333333333,TRUE,91.2,0.0833333333333002,FALSE,TRUE,260.458635170861,0.868195450569884,3.12550362205158,4.04215805966236,-16373.5649921405,33318.0355470579,TRUE,FALSE,TRUE
2,196712,"p","2020-01-10 12:12:00",91.3666666666667,TRUE,91.2833333333333,0.0833333333333997,FALSE,TRUE,260.458574792778,0.86819524930857,3.12550289751085,4.12560515099905,-16571.1980532778,33146.8017737737,TRUE,FALSE,TRUE
2,196712,"p","2020-01-10 12:17:00",91.45,TRUE,91.3666666666667,0.0833333333333002,FALSE,TRUE,260.458514528483,0.868195048428623,3.12550217434304,4.20905222222353,-16768.8311144153,32975.5680004997,TRUE,FALSE,TRUE
2,196712,"p","2020-01-10 12:22:00",91.5333333333333,TRUE,91.45,0.0833333333333002,FALSE,TRUE,260.458454380637,0.868194847935802,3.12550145256889,4.29073753387227,-16966.4641755529,32804.3342272241,TRUE,FALSE,TRUE
2,196712,"p","2020-01-10 12:27:00",91.6166666666667,TRUE,91.5333333333333,0.0833333333333997,FALSE,TRUE,260.458394341762,0.868194647805182,3.12550073209866,4.23527016474073,-17164.0972366901,32633.1004539435,TRUE,FALSE,TRUE
2,196712,"p","2020-01-10 12:32:00",91.7,TRUE,91.6166666666667,0.0833333333333002,FALSE,TRUE,260.458334425658,0.868194448085873,3.12550001310914,4.1785398374786,-17361.7302978276,32461.8666806574,TRUE,FALSE,TRUE
2,196712,"p","2020-01-10 12:37:00",91.7833333333333,TRUE,91.7,0.0833333333333002,FALSE,TRUE,260.458274617682,0.868194248725952,3.12549929541343,4.12180941616502,-17559.3633589648,32290.6329073735,TRUE,FALSE,TRUE
2,196712,"p","2020-01-10 12:42:00",91.8666666666667,TRUE,91.7833333333333,0.0833333333333997,FALSE,TRUE,260.458214923482,0.868194049744249,3.1254985790793,4.06507890066675,-17756.9964201023,32119.3991341021,TRUE,FALSE,TRUE
2,196712,"o","2020-01-10 12:47:00",91.95,TRUE,91.8666666666667,0.0833333333333002,FALSE,TRUE,260.411424554571,0.868038081848915,3.1249370946561,4.00833271392039,-17954.75503423,31948.3813845743,TRUE,FALSE,TRUE
2,196712,"p","2020-01-10 12:52:00",92.0333333333333,TRUE,91.95,0.0833333333333002,FALSE,TRUE,255.826405328186,0.852754684427627,3.06991686393946,3.95005811280322,-18175.5471511855,31816.9945799751,TRUE,FALSE,TRUE
2,196712,"o","2020-01-10 12:53:00",92.05,TRUE,92.0333333333333,0.0166666666666941,FALSE,TRUE,50.1218743859151,0.835364573097208,3.00731246314995,3.89004442575297,-18219.0084205688,31791.5966188882,TRUE,FALSE,TRUE
2,196712,"p","2020-01-10 12:57:00",92.1166666666667,TRUE,92.05,0.0666666666667055,FALSE,TRUE,72.2999380236933,0.301249741765213,1.08449907035477,3.77661918059859,-18289.3059301984,31809.8860005648,TRUE,FALSE,TRUE
2,196712,"p","2020-01-10 13:02:00",92.2,TRUE,92.1166666666667,0.0833333333333002,FALSE,TRUE,89.7768734051759,0.299256244684039,1.07732248086254,3.66299451059422,-18376.2749864684,31833.7929715225,TRUE,FALSE,TRUE
2,196712,"p","2020-01-10 13:07:00",92.2833333333333,TRUE,92.2,0.0833333333333002,FALSE,TRUE,89.7768774810582,0.299256258270313,1.07732252977313,3.54936976663519,-18463.2440427384,31857.6999424741,TRUE,FALSE,TRUE
2,196712,"p","2020-01-10 13:12:00",92.3666666666667,TRUE,92.2833333333333,0.0833333333333997,FALSE,TRUE,89.7768815618706,0.299256271872664,1.07732257874159,3.43574494855095,-18550.2130990086,31881.606913436,TRUE,FALSE,TRUE
2,196712,"p","2020-01-10 13:17:00",92.45,TRUE,92.3666666666667,0.0833333333333002,FALSE,TRUE,89.7768856462999,0.299256285487785,1.07732262775603,3.32212005617387,-18637.1821552787,31905.5138843899,TRUE,FALSE,TRUE
2,196712,"p","2020-01-10 13:22:00",92.5333333333333,TRUE,92.45,0.0833333333333002,FALSE,TRUE,89.77688973643,0.299256299121552,1.07732267683759,3.20849508933318,-18724.1512115485,31929.420855346,TRUE,FALSE,TRUE
2,196712,"p","2020-01-10 13:27:00",92.6166666666667,TRUE,92.5333333333333,0.0833333333333997,FALSE,TRUE,89.7768938306936,0.29925631276874,1.07732272596747,3.09487004786004,-18811.1202678187,31953.3278262994,TRUE,FALSE,TRUE
2,196712,"p","2020-01-10 13:32:00",92.7,TRUE,92.6166666666667,0.0833333333333002,FALSE,TRUE,89.7768979301027,0.299256326433795,1.07732277516166,2.98124493158655,-18898.0893240885,31977.2347972658,TRUE,FALSE,TRUE
2,196712,"p","2020-01-10 13:37:00",92.7833333333333,TRUE,92.7,0.0833333333333002,FALSE,TRUE,89.7769020336349,0.299256340112235,1.07732282440405,2.86761974034011,-18985.0583803586,32001.141768223,TRUE,FALSE,TRUE
2,196712,"p","2020-01-10 13:42:00",92.8666666666667,TRUE,92.7833333333333,0.0833333333333997,FALSE,TRUE,89.7769061419027,0.299256353806104,1.07732287370197,2.75399447395289,-19072.0274366285,32025.0487391709,TRUE,FALSE,TRUE
2,196712,"p","2020-01-10 13:47:00",92.95,TRUE,92.8666666666667,0.0833333333333002,FALSE,TRUE,89.7769102562093,0.299256367520817,1.07732292307494,2.6403691322552,-19158.9964928986,32048.9557101267,TRUE,FALSE,TRUE
2,196712,"p","2020-01-10 13:52:00",93.0333333333333,TRUE,92.95,0.0833333333333002,FALSE,TRUE,89.7769143736967,0.299256381245775,1.07732297248479,2.52674371507771,-19245.9655491688,32072.8626810882,TRUE,FALSE,TRUE
2,196712,"p","2020-01-10 13:57:00",93.1166666666667,TRUE,93.0333333333333,0.0833333333333997,FALSE,TRUE,89.7769184966677,0.299256394988654,1.07732302195916,2.4131182222513,-19332.9346054387,32096.7696520422,TRUE,FALSE,TRUE
2,196712,"p","2020-01-10 14:02:00",93.2,TRUE,93.1166666666667,0.0833333333333002,FALSE,TRUE,89.7769226243174,0.299256408747844,1.07732307149224,2.29990407411749,-19419.9036617087,32120.6766229999,TRUE,FALSE,TRUE
2,196712,"p","2020-01-10 14:07:00",93.2833333333333,TRUE,93.2,0.0833333333333002,FALSE,TRUE,89.7769267564773,0.29925642252171,1.07732312107816,2.24644428489094,-19506.8727179787,32144.5835939543,TRUE,FALSE,TRUE
2,196712,"p","2020-01-10 14:12:00",93.3666666666667,TRUE,93.2833333333333,0.0833333333333997,FALSE,TRUE,89.7769308935054,0.299256436311447,1.07732317072121,2.19316223192906,-19593.8417742488,32168.4905649119,TRUE,FALSE,TRUE
2,196712,"p","2020-01-10 14:17:00",93.45,TRUE,93.3666666666667,0.0833333333333002,FALSE,TRUE,89.7769350348333,0.29925645011623,1.07732322041843,2.13988014960901,-19680.8108305189,32192.3975358628,TRUE,FALSE,TRUE
2,196712,"p","2020-01-10 14:22:00",93.5333333333333,TRUE,93.45,0.0833333333333002,FALSE,TRUE,89.776939181438,0.299256463938246,1.07732327017768,2.08659803790059,-19767.7798867886,32216.3045068201,TRUE,FALSE,TRUE
2,196712,"p","2020-01-10 14:27:00",93.6166666666667,TRUE,93.5333333333333,0.0833333333333997,FALSE,TRUE,89.7769433328587,0.299256477775957,1.07732331999345,2.03331589677282,-19854.7489430588,32240.2114777741,TRUE,FALSE,TRUE
2,196712,"p","2020-01-10 14:32:00",93.7,TRUE,93.6166666666667,0.0833333333333002,FALSE,TRUE,89.7769474880186,0.299256491626848,1.07732336985665,1.98179271984624,-19941.7179993287,32264.1184487329,TRUE,FALSE,TRUE
2,196712,"p","2020-01-10 14:37:00",93.7833333333333,TRUE,93.7,0.0833333333333002,FALSE,TRUE,89.7769516489665,0.299256505496674,1.07732341978803,1.92608763870863,-20028.6870555988,32288.0254196849,TRUE,FALSE,TRUE
2,196712,"p","2020-01-10 14:42:00",93.8666666666667,TRUE,93.7833333333333,0.0833333333333997,FALSE,TRUE,89.7769558143887,0.299256519381057,1.07732346977181,1.86919366470481,-20115.656111869,32311.9323906485,TRUE,FALSE,TRUE
2,196712,"p","2020-01-10 14:47:00",93.95,TRUE,93.8666666666667,0.0833333333333002,FALSE,TRUE,89.776959983134,0.299256533277232,1.07732351979804,1.81229971236894,-20202.6251681387,32335.8393616022,TRUE,FALSE,TRUE
2,196712,"o","2020-01-10 14:51:00",94.0166666666667,TRUE,93.95,0.0666666666666913,FALSE,TRUE,69.0432652429406,0.287680271845479,1.03564897864373,1.75424815413022,-20267.8831178916,32359.3350749443,TRUE,FALSE,TRUE
2,196712,"p","2020-01-10 14:52:00",94.0333333333333,TRUE,94.0166666666667,0.0166666666666089,FALSE,TRUE,212.683126693579,3.54471877823861,12.760987601659,2.02190046673329,-20129.4601946503,32521.8403142935,TRUE,FALSE,TRUE
2,196712,"p","2020-01-10 14:57:00",94.1166666666667,TRUE,94.0333333333333,0.0833333333333997,FALSE,TRUE,1093.93344150331,3.64644480500812,13.1272012980292,2.29972540217711,-19415.7591023561,33356.2171936618,TRUE,FALSE,TRUE
2,196712,"p","2020-01-10 15:02:00",94.2,TRUE,94.1166666666667,0.0833333333333002,FALSE,TRUE,1093.9346908759,3.64644896958777,13.127216290516,2.57755077420503,-18702.0580100235,34190.5940730568,TRUE,FALSE,TRUE
2,196712,"p","2020-01-10 15:07:00",94.2833333333333,TRUE,94.2,0.0833333333333002,FALSE,TRUE,1093.93594864902,3.64645316216484,13.1272313837934,2.85537658557866,-17988.3569176909,35024.9709524651,TRUE,FALSE,TRUE
2,196712,"p","2020-01-10 15:12:00",94.3666666666667,TRUE,94.2833333333333,0.0833333333333997,FALSE,TRUE,1093.93721485967,3.64645738286266,13.1272465783056,3.13320283907134,-17274.6558253585,35859.347831872,TRUE,FALSE,TRUE
2,196712,"p","2020-01-10 15:17:00",94.45,TRUE,94.3666666666667,0.0833333333333002,FALSE,TRUE,1093.9384895223,3.64646163174244,13.1272618742728,3.41102953746507,-16560.954733026,36693.7247112812,TRUE,FALSE,TRUE
2,196712,"p","2020-01-10 15:22:00",94.5333333333333,TRUE,94.45,0.0833333333333002,FALSE,TRUE,1093.93977262523,3.64646590875223,13.127277271508,3.6888566835317,-15847.2536406935,37528.1015906873,TRUE,FALSE,TRUE
2,196712,"p","2020-01-10 15:27:00",94.6166666666667,TRUE,94.5333333333333,0.0833333333333997,FALSE,TRUE,1093.94106417318,3.64647021390769,13.1272927700677,3.96668428004988,-15133.5525483611,38362.4784700885,TRUE,FALSE,TRUE
2,196712,"p","2020-01-10 15:32:00",94.7,TRUE,94.6166666666667,0.0833333333333002,FALSE,TRUE,1093.94236417436,3.64647454724933,13.1273083700976,4.24451232980039,-14419.8514560284,39196.8553494957,TRUE,FALSE,TRUE
2,196712,"p","2020-01-10 15:37:00",94.7833333333333,TRUE,94.7,0.0833333333333002,FALSE,TRUE,1093.94367261349,3.64647890871309,13.1273240713671,4.5223564124868,-13706.1503636961,40031.2322289029,TRUE,FALSE,TRUE
2,196712,"p","2020-01-10 15:42:00",94.8666666666667,TRUE,94.7833333333333,0.0833333333333997,FALSE,TRUE,1093.94498950181,3.64648329833646,13.1273398740113,4.80172927387769,-12992.4492713633,40865.6091083091,TRUE,FALSE,TRUE
2,196712,"p","2020-01-10 15:47:00",94.95,TRUE,94.8666666666667,0.0833333333333002,FALSE,TRUE,1093.94631483342,3.64648771611285,13.1273557780063,5.08284158817925,-12278.7481790308,41699.985987717,TRUE,FALSE,TRUE
2,196712,"p","2020-01-10 15:52:00",95.0333333333333,TRUE,94.95,0.0833333333333002,FALSE,TRUE,1093.94764861184,3.64649216204091,13.1273717833473,5.41736583020682,-11565.047086698,42534.3628671225,TRUE,FALSE,TRUE
2,196712,"p","2020-01-10 15:57:00",95.1166666666667,TRUE,95.0333333333333,0.0833333333333997,FALSE,TRUE,1093.94899083501,3.64649663611379,13.1273878900096,5.7520898693498,-10851.3459943654,43368.7397465323,TRUE,FALSE,TRUE
2,196712,"p","2020-01-10 16:02:00",95.2,TRUE,95.1166666666667,0.0833333333333002,FALSE,TRUE,1093.9503415006,3.64650113833679,13.1274040980124,6.08681435735644,-10137.6449020329,44203.1166259327,TRUE,FALSE,TRUE
2,196712,"p","2020-01-10 16:07:00",95.2833333333333,TRUE,95.2,0.0833333333333002,FALSE,TRUE,1093.95170061292,3.64650566871117,13.1274204073602,6.42153929704029,-9423.94380970009,45037.4935053426,TRUE,FALSE,TRUE
2,196712,"p","2020-01-10 16:12:00",95.3666666666667,TRUE,95.2833333333333,0.0833333333333997,FALSE,TRUE,1093.95306816973,3.64651022722952,13.1274368180263,6.75626469121447,-8710.24271736759,45871.8703847493,TRUE,FALSE,TRUE
2,196712,"p","2020-01-10 16:17:00",95.45,TRUE,95.3666666666667,0.0833333333333002,FALSE,TRUE,1093.95444417261,3.64651481391016,13.1274533300766,7.09099054269333,-7996.54162503493,46706.2472641533,TRUE,FALSE,TRUE
2,196712,"p","2020-01-10 16:22:00",95.5333333333333,TRUE,95.45,0.0833333333333002,FALSE,TRUE,1093.95582862104,3.64651942873826,13.1274699434577,7.42571685429028,-7282.8405327021,47540.6241435686,TRUE,FALSE,TRUE
2,196712,"o","2020-01-10 16:26:00",95.6,TRUE,95.5333333333333,0.0666666666666913,FALSE,TRUE,869.569431249354,3.62320596353764,13.0435414687355,7.75811181800066,-6715.44393189717,48203.7834146535,TRUE,FALSE,TRUE
2,196712,"p","2020-01-10 16:27:00",95.6166666666667,TRUE,95.6,0.0166666666667084,FALSE,TRUE,17.3076759877887,0.288461266462424,1.03846055926473,7.75703231063568,-6701.34290888134,48213.9420415631,TRUE,FALSE,TRUE
2,196712,"p","2020-01-10 16:32:00",95.7,TRUE,95.6166666666667,0.0833333333333002,FALSE,TRUE,59.9173800775547,0.199724600258595,0.719008560930943,7.74707913528093,-6648.65915891961,48243.0240141936,TRUE,FALSE,TRUE
2,196712,"p","2020-01-10 16:37:00",95.7833333333333,TRUE,95.7,0.0833333333333002,FALSE,TRUE,59.9173826322114,0.199724608774118,0.719008591586823,7.73712595940626,-6595.9754089894,48272.1059867808,TRUE,FALSE,TRUE
2,196712,"p","2020-01-10 16:42:00",95.8666666666667,TRUE,95.7833333333333,0.0833333333333997,FALSE,TRUE,59.9173852364771,0.199724617454765,0.719008622837154,7.72717278302716,-6543.29165905912,48301.187959364,TRUE,FALSE,TRUE
2,196712,"p","2020-01-10 16:47:00",95.95,TRUE,95.8666666666667,0.0833333333333002,FALSE,TRUE,59.9173878409922,0.19972462613672,0.719008654092192,7.71721960614197,-6490.60790912871,48330.2699319537,TRUE,FALSE,TRUE
2,196712,"p","2020-01-10 16:52:00",96.0333333333333,TRUE,95.95,0.0833333333333002,FALSE,TRUE,59.9173904481509,0.199724634827249,0.719008685378097,7.70726642874991,-6437.92415919849,48359.3519045419,TRUE,FALSE,TRUE
2,196712,"p","2020-01-10 16:57:00",96.1166666666667,TRUE,96.0333333333333,0.0833333333333997,FALSE,TRUE,59.9173930570864,0.199724643523462,0.719008716684465,7.69731325085008,-6385.24040926821,48388.4338771331,TRUE,FALSE,TRUE
2,196712,"p","2020-01-10 17:02:00",96.2,TRUE,96.1166666666667,0.0833333333333002,FALSE,TRUE,59.9173956647385,0.199724652215874,0.719008747977148,7.68736007244053,-6332.55665933798,48417.515849715,TRUE,FALSE,TRUE
2,196712,"p","2020-01-10 17:07:00",96.2833333333333,TRUE,96.2,0.0833333333333002,FALSE,TRUE,59.9173982768926,0.199724660923055,0.719008779322998,7.67740689352121,-6279.87290940758,48446.5978223006,TRUE,FALSE,TRUE
2,196712,"p","2020-01-10 17:12:00",96.3666666666667,TRUE,96.2833333333333,0.0833333333333997,FALSE,TRUE,59.917400888959,0.199724669629705,0.719008810666936,7.66745371409035,-6227.18915947731,48475.6797948869,TRUE,FALSE,TRUE
2,196712,"p","2020-01-10 17:17:00",96.45,TRUE,96.3666666666667,0.0833333333333002,FALSE,TRUE,59.9174035017843,0.19972467833936,0.719008842021698,7.6575005341467,-6174.50540954734,48504.7617674776,TRUE,FALSE,TRUE
2,196712,"p","2020-01-10 17:22:00",96.5333333333333,TRUE,96.45,0.0833333333333002,FALSE,TRUE,59.9174061168789,0.199724687056342,0.719008873402833,7.64754735368964,-6121.82165961681,48533.8437400618,TRUE,FALSE,TRUE
2,196712,"p","2020-01-10 17:27:00",96.6166666666667,TRUE,96.5333333333333,0.0833333333333997,FALSE,TRUE,59.9174087349603,0.199724695783042,0.719008904818951,7.63759417271828,-6069.13790968645,48562.925712649,TRUE,FALSE,TRUE
2,196712,"p","2020-01-10 17:32:00",96.7,TRUE,96.6166666666667,0.0833333333333002,FALSE,TRUE,59.9174113498717,0.199724704499652,0.719008936198747,7.62764099123014,-6016.45415975621,48592.0076852393,TRUE,FALSE,TRUE
2,196712,"p","2020-01-10 17:37:00",96.7833333333333,TRUE,96.7,0.0833333333333002,FALSE,TRUE,59.9174139711593,0.199724713237277,0.719008967654198,7.61768780922615,-5963.77040982603,48621.0896578277,TRUE,FALSE,TRUE
2,196712,"p","2020-01-10 17:42:00",96.8666666666667,TRUE,96.7833333333333,0.0833333333333997,FALSE,TRUE,59.9174165914867,0.199724721971463,0.719008999097268,7.60889225423874,-5911.08665989567,48650.1716304135,TRUE,FALSE,TRUE
2,196712,"p","2020-01-10 17:47:00",96.95,TRUE,96.8666666666667,0.0833333333333002,FALSE,TRUE,59.9174192124006,0.199724730708082,0.719009030549094,7.27439284948569,-5858.40290996544,48679.253602991,TRUE,FALSE,TRUE
2,196712,"p","2020-01-10 17:52:00",97.0333333333333,TRUE,96.95,0.0833333333333002,FALSE,TRUE,59.917421837126,0.199724739457166,0.719009062045798,6.9297208429306,-5805.71916003516,48708.3355755829,TRUE,FALSE,TRUE
2,196712,"p","2020-01-10 17:57:00",97.1166666666667,TRUE,97.0333333333333,0.0833333333333997,FALSE,TRUE,59.9174244614038,0.19972474820452,0.719009093536273,6.58504842079227,-5753.03541010472,48737.4175481711,TRUE,FALSE,TRUE
2,196712,"p","2020-01-10 18:02:00",97.2,TRUE,97.1166666666667,0.0833333333333002,FALSE,TRUE,59.917427147745,0.19972475715923,0.719009125773227,6.24037558029171,-5700.3516601361,48766.4995208066,TRUE,FALSE,TRUE
2,196712,"o","2020-01-10 18:03:00",97.2166666666667,TRUE,97.2,0.0166666666666941,FALSE,TRUE,19.1363006040422,0.318938343400177,1.14817803624064,5.90762367634546,-5685.46431559867,48778.6450668669,TRUE,FALSE,TRUE
2,196712,"p","2020-01-10 18:07:00",97.2833333333333,TRUE,97.2166666666667,0.066666666666606,FALSE,TRUE,1170.93453962629,4.878893915114,17.5640180944104,6.03086690468262,-5002.19133212704,49734.6069587411,TRUE,FALSE,TRUE
2,196712,"o","2020-01-10 18:10:00",97.3333333333333,TRUE,97.2833333333333,0.0499999999999972,FALSE,TRUE,874.963612658192,4.86090895921246,17.4992722531648,6.15231120972864,-4491.50301537748,50448.8466955416,TRUE,FALSE,TRUE
2,196712,"p","2020-01-10 18:12:00",97.3666666666667,TRUE,97.3333333333333,0.0333333333334025,FALSE,TRUE,70.2420958712341,0.585350798925736,2.10726287613265,5.84619926823044,-4515.75321557912,50382.6930150017,TRUE,FALSE,TRUE
2,196712,"p","2020-01-10 18:17:00",97.45,TRUE,97.3666666666667,0.0833333333333002,FALSE,TRUE,197.485278200724,0.658284260669344,2.36982333840964,5.54738023957244,-4588.95213307505,50198.6124491857,TRUE,FALSE,TRUE
2,196712,"p","2020-01-10 18:22:00",97.5333333333333,TRUE,97.45,0.0833333333333002,FALSE,TRUE,197.485221097422,0.658284070325001,2.36982265317,5.24856075573364,-4662.15105057116,50014.5318833598,TRUE,FALSE,TRUE
2,196712,"p","2020-01-10 18:27:00",97.6166666666667,TRUE,97.5333333333333,0.0833333333333997,FALSE,TRUE,197.485164046476,0.658283880154396,2.36982196855582,4.94974081391543,-4735.34996806679,49830.4513175413,TRUE,FALSE,TRUE
2,196712,"p","2020-01-10 18:32:00",97.7,TRUE,97.6166666666667,0.0833333333333002,FALSE,TRUE,197.485107041855,0.65828369013978,2.36982128450321,4.65092041131812,-4808.54888556256,49646.3707517194,TRUE,FALSE,TRUE
2,196712,"p","2020-01-10 18:37:00",97.7833333333333,TRUE,97.7,0.0833333333333002,FALSE,TRUE,197.485050087258,0.65828350029112,2.36982060104803,4.35209954514314,-4881.74780305838,49462.290185897,TRUE,FALSE,TRUE
2,196712,"p","2020-01-10 18:42:00",97.8666666666667,TRUE,97.7833333333333,0.0833333333333997,FALSE,TRUE,197.484993184106,0.658283310613161,2.36981991820738,4.05327821259308,-4954.94672055435,49278.209620078,TRUE,FALSE,TRUE
2,196712,"p","2020-01-10 18:47:00",97.95,TRUE,97.8666666666667,0.0833333333333002,FALSE,TRUE,197.484936330987,0.658283121103552,2.36981923597279,3.75445641086976,-5028.14563805016,49094.1290542574,TRUE,FALSE,TRUE
2,196712,"p","2020-01-10 18:52:00",98.0333333333333,TRUE,97.95,0.0833333333333002,FALSE,TRUE,197.48487952152,0.658282931738661,2.36981855425918,3.45563413717251,-5101.34455554594,48910.0484884365,TRUE,FALSE,TRUE
2,196712,"p","2020-01-10 18:57:00",98.1166666666667,TRUE,98.0333333333333,0.0833333333333997,FALSE,TRUE,197.484822763619,0.658282742544874,2.36981787316155,3.15681138870404,-5174.54347304178,48725.9679226215,TRUE,FALSE,TRUE
2,196712,"p","2020-01-10 19:02:00",98.2,TRUE,98.1166666666667,0.0833333333333002,FALSE,TRUE,197.484766059881,0.658282553533199,2.36981719271952,2.85798816266635,-5247.7423905376,48541.8873567941,TRUE,FALSE,TRUE
2,196712,"p","2020-01-10 19:07:00",98.2833333333333,TRUE,98.2,0.0833333333333002,FALSE,TRUE,197.48470940254,0.658282364675395,2.36981651283142,2.55916445626006,-5320.94130803354,48357.8067909764,TRUE,FALSE,TRUE
2,196712,"p","2020-01-10 19:12:00",98.3666666666667,TRUE,98.2833333333333,0.0833333333333997,FALSE,TRUE,197.484652791497,0.658282175971131,2.36981583349607,2.26267207750341,-5394.14022552933,48173.7262251517,TRUE,FALSE,TRUE
2,196712,"p","2020-01-10 19:17:00",98.45,TRUE,98.3666666666667,0.0833333333333002,FALSE,TRUE,197.484596233564,0.658281987445474,2.36981515480371,2.29965414960171,-5467.33914302531,47989.645659334,TRUE,FALSE,TRUE
2,196712,"p","2020-01-10 19:22:00",98.5333333333333,TRUE,98.45,0.0833333333333002,FALSE,TRUE,197.484539724564,0.658281799082141,2.36981447669571,2.34550986948407,-5540.53806052101,47805.5650935092,TRUE,FALSE,TRUE
2,196712,"p","2020-01-10 19:27:00",98.6166666666667,TRUE,98.5333333333333,0.0833333333333997,FALSE,TRUE,197.484483263645,0.658281610878294,2.36981379916186,2.39136556969449,-5613.73697801719,47621.4845276926,TRUE,FALSE,TRUE
2,196712,"p","2020-01-10 19:32:00",98.7,TRUE,98.6166666666667,0.0833333333333002,FALSE,TRUE,197.484426855468,0.658281422851821,2.36981312226656,2.43722125023419,-5686.93589551284,47437.4039618741,TRUE,FALSE,TRUE
2,196712,"p","2020-01-10 19:37:00",98.7833333333333,TRUE,98.7,0.0833333333333002,FALSE,TRUE,197.484370491515,0.658281234971978,2.36981244589912,2.48307691111772,-5760.13481300866,47253.323396053,TRUE,FALSE,TRUE
2,196712,"p","2020-01-10 19:42:00",98.8666666666667,TRUE,98.7833333333333,0.0833333333333997,FALSE,TRUE,197.484314176726,0.65828104725523,2.36981177011883,2.52893255236052,-5833.33373050445,47069.2428302281,TRUE,FALSE,TRUE
2,196712,"o","2020-01-10 19:44:00",98.9,TRUE,98.8666666666667,0.033333333333303,FALSE,TRUE,79.1362100026606,0.659468416689438,2.37408630008198,2.57490692967711,-5863.03116288691,46995.6234160182,TRUE,FALSE,TRUE
2,196712,"o","2020-01-10 19:46:00",98.9333333333333,TRUE,98.9,0.0333333333332888,FALSE,TRUE,94.2595148380299,0.785495956984632,2.82778544514467,2.63348406015399,-5924.00145895595,46923.2863098983,TRUE,FALSE,TRUE
2,196712,"p","2020-01-10 19:47:00",98.95,TRUE,98.9333333333333,0.0166666666667084,FALSE,TRUE,73.6798085852001,1.22799680975026,4.42078851510095,2.73631127503671,-5994.21134111171,46899.847936994,TRUE,FALSE,TRUE
2,196712,"p","2020-01-10 19:52:00",99.0333333333333,TRUE,98.95,0.0833333333333002,FALSE,TRUE,373.08903810979,1.24363012703313,4.47706845731926,2.84070182077705,-6350.81208290123,46784.4435569116,TRUE,FALSE,TRUE
2,196712,"p","2020-01-10 19:57:00",99.1166666666667,TRUE,99.0333333333333,0.0833333333333997,FALSE,TRUE,373.088976317473,1.24362992105725,4.47706771580611,2.94509234504884,-6707.41282470036,46669.0391768362,TRUE,FALSE,TRUE
2,196712,"p","2020-01-10 20:02:00",99.2,TRUE,99.1166666666667,0.0833333333333002,FALSE,TRUE,373.088914855437,1.24362971618528,4.47706697826702,3.04948284796174,-7064.01356649947,46553.6347967644,TRUE,FALSE,TRUE
2,196712,"p","2020-01-10 20:07:00",99.2833333333333,TRUE,99.2,0.0833333333333002,FALSE,TRUE,373.088853733297,1.24362951244482,4.47706624480134,3.15387332962791,-7420.61430829873,46438.2304166781,TRUE,FALSE,TRUE
2,196712,"p","2020-01-10 20:12:00",99.3666666666667,TRUE,99.2833333333333,0.0833333333333997,FALSE,TRUE,371.508069017054,1.23836023005586,4.4580968282011,3.25773688218353,-7776.05206615803,46324.3913948519,TRUE,FALSE,TRUE
2,196712,"p","2020-01-10 20:17:00",99.45,TRUE,99.3666666666667,0.0833333333333002,FALSE,TRUE,223.315671429157,0.744385571430819,2.67978805715095,3.31220296800289,-7918.1329471711,46497.7274027734,TRUE,FALSE,TRUE
2,196712,"p","2020-01-10 20:22:00",99.5333333333333,TRUE,99.45,0.0833333333333002,FALSE,TRUE,223.798896190755,0.745996320636146,2.68558675429013,3.36683012786936,-8059.05084424454,46672.6287689421,TRUE,FALSE,TRUE
2,196712,"p","2020-01-10 20:27:00",99.6166666666667,TRUE,99.5333333333333,0.0833333333333997,FALSE,TRUE,223.798958910742,0.745996529701881,2.68558750692677,3.42145730776874,-8199.96874131781,46847.5301351235,TRUE,FALSE,TRUE
2,196712,"p","2020-01-10 20:32:00",99.7,TRUE,99.6166666666667,0.0833333333333002,FALSE,TRUE,223.799021702854,0.745996739009809,2.68558826043531,3.476084507724,-8340.88663839117,47022.4315012895,TRUE,FALSE,TRUE
2,196712,"p","2020-01-10 20:37:00",99.7833333333333,TRUE,99.7,0.0833333333333002,FALSE,TRUE,223.799084570046,0.745996948567116,2.68558901484162,3.53071172776026,-8481.80453546456,47197.3328674663,TRUE,FALSE,TRUE
2,196712,"p","2020-01-10 20:42:00",99.8666666666667,TRUE,99.7833333333333,0.0833333333333997,FALSE,TRUE,223.79914750803,0.745997158359505,2.68558977009422,3.58533896788029,-8622.72243253819,47372.2342336306,TRUE,FALSE,TRUE
2,196712,"p","2020-01-10 20:47:00",99.95,TRUE,99.8666666666667,0.0833333333333002,FALSE,TRUE,223.799210516098,0.745997368387289,2.68559052619424,3.628044870379,-8763.64032961136,47547.135599802,TRUE,FALSE,TRUE
2,196712,"p","2020-01-10 20:52:00",100.033333333333,TRUE,99.95,0.0833333333330017,FALSE,TRUE,223.799273598273,0.745997578663879,2.68559128318996,3.21475523673399,-8904.55822668462,47722.0369659721,TRUE,FALSE,TRUE
2,196712,"p","2020-01-10 20:57:00",100.116666666667,TRUE,100.033333333333,0.0833333333339965,FALSE,TRUE,223.799336752983,0.745997789170673,2.68559204101442,2.80326411972981,-9045.47612375796,47896.938332144,TRUE,FALSE,TRUE
2,196712,"p","2020-01-10 21:02:00",100.2,TRUE,100.116666666667,0.0833333333330017,FALSE,TRUE,223.799399979009,0.745997999932999,2.6855927997588,2.81932883983053,-9186.39402083131,48071.8396983209,TRUE,FALSE,TRUE
2,196712,"p","2020-01-10 21:07:00",100.283333333333,TRUE,100.2,0.0833333333330017,FALSE,TRUE,223.799463278562,0.745998210931508,2.68559355935343,2.82810023485675,-9327.31191790475,48246.7410644891,TRUE,FALSE,TRUE
2,196712,"p","2020-01-10 21:12:00",100.366666666667,TRUE,100.283333333333,0.0833333333339965,FALSE,TRUE,223.799526649202,0.745998422158069,2.68559431976905,2.83687167004006,-9468.22981497818,48421.6424306599,TRUE,FALSE,TRUE
2,196712,"p","2020-01-10 21:17:00",100.45,TRUE,100.366666666667,0.0833333333330017,FALSE,TRUE,223.799590091917,0.745998633642691,2.68559508111369,2.84564314538889,-9609.14771205144,48596.543796829,TRUE,FALSE,TRUE
2,196712,"p","2020-01-10 21:22:00",100.533333333333,TRUE,100.45,0.0833333333330017,FALSE,TRUE,223.799653610375,0.745998845370887,2.68559584333519,2.854414660912,-9750.06560912511,48771.4451629951,TRUE,FALSE,TRUE
2,196712,"p","2020-01-10 21:27:00",100.616666666667,TRUE,100.533333333333,0.0833333333339965,FALSE,TRUE,223.799717194809,0.745999057310095,2.68559660631634,2.8631862166139,-9890.98350619842,48946.3465291661,TRUE,FALSE,TRUE
2,196712,"o","2020-01-10 21:31:00",100.683333333333,TRUE,100.616666666667,0.066666666665995,FALSE,TRUE,175.759383065399,0.732330762779873,2.63639074600754,2.87059096183057,-10006.5815965809,49079.5982354826,TRUE,FALSE,TRUE
2,196712,"p","2020-01-10 21:32:00",100.7,TRUE,100.683333333333,0.0166666666670068,FALSE,TRUE,243.353265928517,4.05588776539252,14.6011959554131,3.21035142625946,-10138.1224140237,48873.8717742401,TRUE,FALSE,TRUE
2,196712,"o","2020-01-10 21:34:00",100.733333333333,TRUE,100.7,0.0333333333329904,FALSE,TRUE,494.831693211047,4.12359744346782,14.8449507964841,3.55688287743238,-10404.3714872903,48454.7723122315,TRUE,FALSE,TRUE
2,196712,"p","2020-01-10 21:37:00",100.783333333333,TRUE,100.733333333333,0.0500000000000114,FALSE,TRUE,120.695029179794,0.670527939887595,2.41390058359534,3.55810739716665,-10525.2723894351,48445.2893086455,TRUE,FALSE,TRUE
2,196712,"p","2020-01-10 21:42:00",100.866666666667,TRUE,100.783333333333,0.0833333333339965,FALSE,TRUE,196.394761317099,0.654649204385121,2.35673713578644,3.55774406225184,-10722.5070479884,48438.9713585725,TRUE,FALSE,TRUE
2,196712,"o","2020-01-10 21:43:00",100.883333333333,TRUE,100.866666666667,0.0166666666659978,FALSE,TRUE,35.1543012986023,0.585905021666885,2.10925807800079,3.55050632795099,-10757.8274772143,48439.3797500017,TRUE,FALSE,TRUE
2,196712,"p","2020-01-10 21:47:00",100.95,TRUE,100.883333333333,0.0666666666670039,FALSE,TRUE,508.688256964008,2.11953440400598,7.63032385442152,3.69663155075448,-10307.512578664,48680.7171737056,TRUE,FALSE,TRUE
2,196712,"p","2020-01-10 21:52:00",101.033333333333,TRUE,100.95,0.0833333333330017,FALSE,TRUE,641.369471563622,2.13789823855391,7.69643365879409,3.84459317586532,-9739.46082731454,48984.4789301607,TRUE,FALSE,TRUE
2,196712,"o","2020-01-10 21:54:00",101.066666666667,TRUE,101.033333333333,0.0333333333339993,FALSE,TRUE,250.623661152204,2.08853050955997,7.51870983441588,3.9876180469131,-9518.22160253629,49104.536066195,TRUE,FALSE,TRUE
2,196712,"p","2020-01-10 21:57:00",101.116666666667,TRUE,101.066666666667,0.0499999999999972,FALSE,TRUE,318.05041977249,1.76694677651393,6.36100839545015,4.09848456347667,-9836.99094533602,49127.1643765149,TRUE,FALSE,TRUE
2,196712,"p","2020-01-10 22:02:00",101.2,TRUE,101.116666666667,0.0833333333330017,FALSE,TRUE,539.818860347653,1.799396201166,6.47782632419761,4.21259604130808,-10378.2423096043,49162.4656161385,TRUE,FALSE,TRUE
2,196712,"p","2020-01-10 22:07:00",101.283333333333,TRUE,101.2,0.0833333333330017,FALSE,TRUE,539.818910027914,1.79939636676687,6.47782692036074,4.32670755448757,-10919.4936738726,49197.766855756,TRUE,FALSE,TRUE
2,196712,"o","2020-01-10 22:09:00",101.316666666667,TRUE,101.283333333333,0.0333333333339993,FALSE,TRUE,213.843536424176,1.78202947016586,6.4153060925971,4.43908239677864,-11133.8891700099,49211.9854396339,TRUE,FALSE,TRUE
2,196712,"p","2020-01-10 22:12:00",101.366666666667,TRUE,101.316666666667,0.0499999999999972,FALSE,TRUE,97.5433933339863,0.541907740744399,1.95086786667984,4.42732632918413,-11226.5080565289,49243.9827284888,TRUE,FALSE,TRUE
2,196712,"p","2020-01-10 22:17:00",101.45,TRUE,101.366666666667,0.0833333333330017,FALSE,TRUE,159.331328122029,0.531104427075544,1.91197593747196,4.40188717619322,-11377.3644514441,49297.4750233038,TRUE,FALSE,TRUE
2,196712,"p","2020-01-10 22:22:00",101.533333333333,TRUE,101.45,0.0833333333330017,FALSE,TRUE,159.331343339865,0.531104477801662,1.91197612008598,4.33219794299836,-11528.2208463592,49350.967318113,TRUE,FALSE,TRUE
2,196712,"p","2020-01-10 22:27:00",101.616666666667,TRUE,101.533333333333,0.0833333333339965,FALSE,TRUE,159.331358586162,0.531104528616312,1.91197630301872,4.26094538315668,-11679.0772412744,49404.4596129136,TRUE,FALSE,TRUE
2,196712,"p","2020-01-10 22:32:00",101.7,TRUE,101.616666666667,0.0833333333330017,FALSE,TRUE,159.331373858125,0.531104579529196,1.9119764863051,4.18969284900388,-11829.9336361893,49457.9519077268,TRUE,FALSE,TRUE
2,196712,"p","2020-01-10 22:37:00",101.783333333333,TRUE,101.7,0.0833333333330017,FALSE,TRUE,159.331389156768,0.531104630524675,1.91197666988883,4.11844034043782,-11980.7900311047,49511.4442025389,TRUE,FALSE,TRUE
2,196712,"p","2020-01-10 22:42:00",101.866666666667,TRUE,101.783333333333,0.0833333333339965,FALSE,TRUE,159.331404479657,0.531104681594629,1.91197685374066,4.0471878573528,-12131.6464260197,49564.9364973456,TRUE,FALSE,TRUE
2,196712,"p","2020-01-10 22:47:00",101.95,TRUE,101.866666666667,0.0833333333330017,FALSE,TRUE,159.331419832752,0.531104732777954,1.91197703800063,3.97646230762501,-12282.5028209346,49618.4287921549,TRUE,FALSE,TRUE
2,196712,"p","2020-01-10 22:52:00",102.033333333333,TRUE,101.95,0.0833333333330017,FALSE,TRUE,159.331435209322,0.531104784033187,1.91197722251947,3.95513422888524,-12433.3592158499,49671.9210869638,TRUE,FALSE,TRUE
2,196712,"p","2020-01-10 22:57:00",102.116666666667,TRUE,102.033333333333,0.0833333333339965,FALSE,TRUE,159.331450612534,0.531104835370886,1.91197740733519,3.93364508035872,-12584.2156107648,49725.4133817767,TRUE,FALSE,TRUE
2,196712,"p","2020-01-10 23:02:00",102.2,TRUE,102.116666666667,0.0833333333330017,FALSE,TRUE,159.331466042208,0.531104886809472,1.9119775925141,3.91215591606948,-12735.0720056802,49778.9056765889,TRUE,FALSE,TRUE
2,196712,"p","2020-01-10 23:07:00",102.283333333333,TRUE,102.2,0.0833333333330017,FALSE,TRUE,159.33148149889,0.531104938331746,1.91197777799428,3.89066673600167,-12885.928400595,49832.3979713921,TRUE,FALSE,TRUE
2,196712,"o","2020-01-10 23:11:00",102.35,TRUE,102.283333333333,0.0666666666669897,FALSE,TRUE,132.942013056418,0.553925054399058,1.99413019583661,3.87145954658486,-13012.3718461027,49875.3874640242,TRUE,FALSE,TRUE
2,196712,"p","2020-01-10 23:12:00",102.366666666667,TRUE,102.35,0.0166666666670068,FALSE,TRUE,237.523029279023,3.95871715456961,14.2513817564506,4.19273154620587,-13250.3686398693,49893.1474278438,TRUE,FALSE,TRUE
2,196712,"o","2020-01-10 23:17:00",102.45,TRUE,102.366666666667,0.0833333333330017,FALSE,TRUE,1208.80440602483,4.02934802009879,14.5056528723556,4.52106661137702,-14461.5733243568,49983.6733075668,TRUE,FALSE,TRUE
2,196712,"p","2020-01-10 23:22:00",102.533333333333,TRUE,102.45,0.0833333333330017,FALSE,TRUE,287.826816194471,0.959422720652054,3.45392179434739,4.54240912557584,-14283.8418993177,50211.3836348161,TRUE,FALSE,TRUE
2,196712,"p","2020-01-10 23:27:00",102.616666666667,TRUE,102.533333333333,0.0833333333339965,FALSE,TRUE,293.096901790085,0.976989672625842,3.51716282145303,4.56550831392136,-14098.5395423606,50439.8417388041,TRUE,FALSE,TRUE
2,196712,"p","2020-01-10 23:32:00",102.7,TRUE,102.616666666667,0.0833333333330017,FALSE,TRUE,293.097002960235,0.976990009871338,3.51716403553682,4.58860751491519,-13913.2371854033,50668.299842791,TRUE,FALSE,TRUE
2,196712,"o","2020-01-10 23:34:00",102.733333333333,TRUE,102.7,0.0333333333329904,FALSE,TRUE,114.786370034098,0.956553083627324,3.44359110105837,4.60966300218477,-13841.5229908925,50758.4565934434,TRUE,FALSE,TRUE
2,196712,"p","2020-01-10 23:37:00",102.783333333333,TRUE,102.733333333333,0.0500000000000114,FALSE,TRUE,153.495284404492,0.852751580024761,3.06990568808914,4.62033831797144,-13995.7429878044,50760.2815697482,TRUE,FALSE,TRUE
2,196712,"p","2020-01-10 23:42:00",102.866666666667,TRUE,102.783333333333,0.0833333333339965,FALSE,TRUE,259.801483702147,0.866004945666933,3.11761780440096,4.63233894917387,-14256.7875631009,50761.2790453476,TRUE,FALSE,TRUE
2,196712,"o","2020-01-10 23:43:00",102.883333333333,TRUE,102.866666666667,0.0166666666659978,FALSE,TRUE,50.8367923172013,0.847279871987358,3.05020753915449,4.64246705183551,-14307.8670569348,50761.5838048779,TRUE,FALSE,TRUE
2,196712,"p","2020-01-10 23:47:00",102.95,TRUE,102.883333333333,0.0666666666670039,FALSE,TRUE,45.2222859501987,0.188426191458208,0.678334289249549,4.58670976525033,-14350.2653977311,50777.8940911944,TRUE,FALSE,TRUE
2,196712,"p","2020-01-10 23:52:00",103.033333333333,TRUE,102.95,0.0833333333330017,FALSE,TRUE,55.2675839923468,0.184225279975222,0.6632110079108,4.53189921696986,-14401.8515471799,50798.4135296219,TRUE,FALSE,TRUE
2,196712,"p","2020-01-10 23:57:00",103.116666666667,TRUE,103.033333333333,0.0833333333339965,FALSE,TRUE,55.2675860578004,0.184225286857869,0.663211032688327,4.1447329691164,-14453.4376966288,50818.9329680399,TRUE,FALSE,TRUE
2,196712,"p","2020-01-11 00:02:00",103.2,TRUE,103.116666666667,0.0833333333330017,FALSE,TRUE,55.2675881256178,0.184225293752792,0.663211057510053,3.75079575414489,-14505.0238460774,50839.4524064526,TRUE,FALSE,TRUE
2,196712,"p","2020-01-11 00:07:00",103.283333333333,TRUE,103.2,0.0833333333330017,FALSE,TRUE,55.2675901952704,0.184225300651634,0.663211082345883,3.7021654902213,-14556.6099955264,50859.9718448723,TRUE,FALSE,TRUE
2,196712,"p","2020-01-11 00:12:00",103.366666666667,TRUE,103.283333333333,0.0833333333339965,FALSE,TRUE,55.2675922625355,0.184225307540319,0.663211107145148,3.65512310053682,-14608.1961449749,50880.4912832901,TRUE,FALSE,TRUE
2,196712,"p","2020-01-11 00:17:00",103.45,TRUE,103.366666666667,0.0833333333330017,FALSE,TRUE,55.2675943333931,0.184225314445377,0.663211132003356,3.61495512981467,-14659.7822944236,50901.0107217118,TRUE,FALSE,TRUE
2,196712,"p","2020-01-11 00:22:00",103.533333333333,TRUE,103.45,0.0833333333330017,FALSE,TRUE,55.2675963995743,0.184225321332647,0.66321115679753,3.42142422154733,-14711.3684438715,50921.5301601171,TRUE,FALSE,TRUE
2,196712,"o","2020-01-11 00:23:00",103.55,TRUE,103.533333333333,0.0166666666669926,FALSE,TRUE,10.4821301557311,0.174702169258769,0.628927809331568,3.22510461461782,-14721.5872040187,50924.076028313,TRUE,FALSE,TRUE
2,196712,"p","2020-01-11 00:27:00",103.616666666667,TRUE,103.55,0.0666666666670039,FALSE,TRUE,214.238018183155,0.892658409091962,3.21357027273106,3.10551740457102,-14748.3451159781,50710.8938161593,TRUE,FALSE,TRUE
2,196712,"p","2020-01-11 00:32:00",103.7,TRUE,103.616666666667,0.0833333333330017,FALSE,TRUE,269.709373706818,0.899031245692972,3.2365124844947,3.01872585148892,-14781.6694187482,50442.4685265855,TRUE,FALSE,TRUE
2,196712,"p","2020-01-11 00:37:00",103.783333333333,TRUE,103.7,0.0833333333330017,FALSE,TRUE,269.709259901784,0.899030866342857,3.23651111883428,2.92868931800661,-14814.993721518,50174.0432370077,TRUE,FALSE,TRUE
2,196712,"p","2020-01-11 00:42:00",103.866666666667,TRUE,103.783333333333,0.0833333333339965,FALSE,TRUE,269.709146216704,0.89903048738186,3.2365097545747,2.83865273006811,-14848.3180242881,49905.6179474375,TRUE,FALSE,TRUE
2,196712,"p","2020-01-11 00:47:00",103.95,TRUE,103.866666666667,0.0833333333330017,FALSE,TRUE,269.709032704893,0.899030109019886,3.23650839247159,2.75035279395351,-14881.6423270809,49637.1926578278,TRUE,FALSE,TRUE
2,196712,"o","2020-01-11 00:48:00",103.966666666667,TRUE,103.95,0.0166666666669926,FALSE,TRUE,58.9526968469475,0.982544947429912,3.53716181074768,2.79441651462206,-14890.895306737,49578.7975748039,TRUE,FALSE,TRUE
2,196712,"p","2020-01-11 00:52:00",104.033333333333,TRUE,103.966666666667,0.0666666666660092,FALSE,TRUE,993.077930489552,4.13782471041394,14.8961689574902,3.1550885429559,-15298.9532877769,48669.9638250762,TRUE,FALSE,TRUE
2,196712,"o","2020-01-11 00:55:00",104.083333333333,TRUE,104.033333333333,0.0499999999999972,FALSE,TRUE,742.532996629928,4.12518331461095,14.8506599325994,3.51449642663683,-15602.4341512314,47989.6943271062,TRUE,FALSE,TRUE
2,196712,"p","2020-01-11 00:57:00",104.116666666667,TRUE,104.083333333333,0.0333333333339993,FALSE,TRUE,158.265648662329,1.31888040549306,4.74796945977501,3.5932740143245,-15478.1640054334,47890.6632269944,TRUE,FALSE,TRUE
2,196712,"p","2020-01-11 01:02:00",104.2,TRUE,104.116666666667,0.0833333333330017,FALSE,TRUE,397.160624137875,1.32386874713152,4.76592748967346,3.67255043108474,-15156.2293617664,47655.3063097032,TRUE,FALSE,TRUE
2,196712,"p","2020-01-11 01:07:00",104.283333333333,TRUE,104.2,0.0833333333330017,FALSE,TRUE,394.713895048892,1.31571298350154,4.73656674060555,3.75101126638242,-14838.656245415,47418.1925877285,TRUE,FALSE,TRUE
2,196712,"p","2020-01-11 01:12:00",104.366666666667,TRUE,104.283333333333,0.0833333333339965,FALSE,TRUE,731.595572924244,2.43865190972807,8.77914687502106,3.94176598919577,-15315.2188092974,46859.5651133572,TRUE,FALSE,TRUE
2,196712,"p","2020-01-11 01:17:00",104.45,TRUE,104.366666666667,0.0833333333330017,FALSE,TRUE,745.944002196288,2.48648000733085,8.95132802639107,4.13730351665106,-14692.7383447414,46442.8924221287,TRUE,FALSE,TRUE
2,196712,"p","2020-01-11 01:22:00",104.533333333333,TRUE,104.45,0.0833333333330017,FALSE,TRUE,750.490279588307,2.50163426530431,9.00588335509551,4.33435646477817,-14064.2433481189,46027.0030863224,TRUE,FALSE,TRUE
2,196712,"o","2020-01-11 01:24:00",104.566666666667,TRUE,104.533333333333,0.0333333333339993,FALSE,TRUE,296.343334807161,2.46952779001033,8.8903000440372,4.52819876024211,-13816.1855430798,45862.6110974697,TRUE,FALSE,TRUE
2,196712,"p","2020-01-11 01:27:00",104.616666666667,TRUE,104.566666666667,0.0499999999999972,FALSE,TRUE,34.0261707272503,0.189034281818068,0.680523414545044,4.49399169974297,-13807.4245724727,45829.6272789823,TRUE,FALSE,TRUE
2,196712,"p","2020-01-11 01:32:00",104.7,TRUE,104.616666666667,0.0833333333330017,FALSE,TRUE,52.3313316304592,0.174437772102225,0.627975979568009,4.45832498312002,-13798.3899441441,45777.9271572494,TRUE,FALSE,TRUE
2,196712,"p","2020-01-11 01:37:00",104.783333333333,TRUE,104.7,0.0833333333330017,FALSE,TRUE,52.3313273797028,0.174437757933037,0.627975928558933,4.42037625347342,-13789.3553158155,45726.2270355198,TRUE,FALSE,TRUE
2,196712,"p","2020-01-11 01:42:00",104.866666666667,TRUE,104.783333333333,0.0833333333339965,FALSE,TRUE,52.3313231325529,0.174437743773788,0.627975877585638,4.04194831239384,-13780.3206874871,45674.5269137959,TRUE,FALSE,TRUE
2,196712,"p","2020-01-11 01:47:00",104.95,TRUE,104.866666666667,0.0833333333330017,FALSE,TRUE,52.3313188904978,0.174437729635687,0.627975826688473,3.65645728334753,-13771.2860591584,45622.8267920782,TRUE,FALSE,TRUE
2,196712,"p","2020-01-11 01:52:00",105.033333333333,TRUE,104.95,0.0833333333330017,FALSE,TRUE,52.3313146436295,0.174437715479459,0.627975775726052,3.57795878283027,-13762.2514308298,45571.1266703461,TRUE,FALSE,TRUE
2,196712,"p","2020-01-11 01:57:00",105.116666666667,TRUE,105.033333333333,0.0833333333339965,FALSE,TRUE,52.3313104059699,0.174437701351845,0.627975724866642,3.49770358570287,-13753.2168025014,45519.4265486149,TRUE,FALSE,TRUE
2,196712,"p","2020-01-11 02:02:00",105.2,TRUE,105.116666666667,0.0833333333330017,FALSE,TRUE,52.331306158054,0.174437687194208,0.627975673899147,3.41744835343516,-13744.1821741729,45467.7264268913,TRUE,FALSE,TRUE
2,196712,"o","2020-01-11 02:05:00",105.25,TRUE,105.2,0.0499999999999972,FALSE,TRUE,35.3081942284364,0.196156634602436,0.706163884568769,3.34140870853267,-13738.5982187413,45432.7588444696,TRUE,FALSE,TRUE
2,196712,"p","2020-01-11 02:07:00",105.283333333333,TRUE,105.25,0.0333333333330046,FALSE,TRUE,309.075604197043,2.57563003500076,9.27226812600274,3.51369655403027,-13723.0425501698,45123.1899127216,TRUE,FALSE,TRUE
2,196712,"p","2020-01-11 02:12:00",105.366666666667,TRUE,105.283333333333,0.0833333333339965,FALSE,TRUE,782.537011465396,2.60845670486389,9.39044413751002,3.68794172994996,-13683.7454326552,44339.3988098761,TRUE,FALSE,TRUE
2,196712,"p","2020-01-11 02:17:00",105.45,TRUE,105.366666666667,0.0833333333330017,FALSE,TRUE,782.536061145542,2.60845353716219,9.39043273378387,3.86405909646745,-13644.4483151407,43555.6077070519,TRUE,FALSE,TRUE
2,196712,"p","2020-01-11 02:22:00",105.533333333333,TRUE,105.45,0.0833333333330017,FALSE,TRUE,782.535113891239,2.60845037964784,9.39042136673223,4.10606151528641,-13605.1511976259,42771.816604206,TRUE,FALSE,TRUE
2,196712,"o","2020-01-11 02:25:00",105.583333333333,TRUE,105.533333333333,0.0499999999999972,FALSE,TRUE,468.490289563884,2.60272383091061,9.36980579127821,4.34791137037995,-13587.9514471007,42302.300404256,TRUE,FALSE,TRUE
2,196712,"p","2020-01-11 02:27:00",105.616666666667,TRUE,105.583333333333,0.0333333333339993,FALSE,TRUE,517.41663390409,4.31180528244793,15.5224990168126,4.76066936993895,-14039.0290872635,42044.2901433276,TRUE,FALSE,TRUE
2,196712,"o","2020-01-11 02:32:00",105.7,TRUE,105.616666666667,0.0833333333330017,FALSE,TRUE,1299.02866294742,4.33009554317528,15.588343955431,5.1752563948812,-15175.1328965887,41402.8833173282,TRUE,FALSE,TRUE
2,196712,"p","2020-01-11 02:37:00",105.783333333333,TRUE,105.7,0.0833333333330017,FALSE,TRUE,406.774362978818,1.35591454326812,4.88129235576524,5.29242531914285,-14928.6006509999,41077.5117260565,TRUE,FALSE,TRUE
2,196712,"p","2020-01-11 02:42:00",105.866666666667,TRUE,105.783333333333,0.0833333333339965,FALSE,TRUE,409.988414274675,1.36662804757137,4.91986097125694,5.41066559314596,-14674.5318143703,40753.8628067265,TRUE,FALSE,TRUE
2,196712,"o","2020-01-11 02:44:00",105.9,TRUE,105.866666666667,0.0333333333330046,FALSE,TRUE,161.933681772905,1.34944734812085,4.85801045323505,5.5271877965135,-14574.8844104052,40625.484403692,TRUE,FALSE,TRUE
2,196712,"o","2020-01-11 02:47:00",105.95,TRUE,105.9,0.0499999999999972,FALSE,TRUE,101.510919396563,0.563949552203162,2.03021838793138,5.56516021960056,-14641.9600737844,40548.791028923,TRUE,FALSE,TRUE
2,196712,"p","2020-01-11 02:52:00",106.033333333333,TRUE,105.95,0.0833333333330017,FALSE,TRUE,547.912999041093,1.82637666347758,6.57495598851928,5.73032766902244,-14969.1477166758,40106.8692466704,TRUE,FALSE,TRUE
2,196712,"p","2020-01-11 02:57:00",106.116666666667,TRUE,106.033333333333,0.0833333333339965,FALSE,TRUE,549.984869136771,1.83328289710798,6.59981842958873,5.82439011782404,-15297.4956797829,39663.2192415894,TRUE,FALSE,TRUE
2,196712,"p","2020-01-11 03:02:00",106.2,TRUE,106.116666666667,0.0833333333330017,FALSE,TRUE,549.984517060556,1.83328172354248,6.59981420475293,5.91781516560899,-15625.8436428901,39219.5692365153,TRUE,FALSE,TRUE
2,196712,"o","2020-01-11 03:05:00",106.25,TRUE,106.2,0.0499999999999972,FALSE,TRUE,329.037325827231,1.82798514348472,6.58074651654499,6.01071059332318,-15822.8940636327,38954.5994993166,TRUE,FALSE,TRUE
2,196712,"p","2020-01-11 03:07:00",106.283333333333,TRUE,106.25,0.0333333333330046,FALSE,TRUE,160.046296465131,1.33371913722258,4.80138889400129,6.05417945830725,-15957.2807817426,38866.4416882538,TRUE,FALSE,TRUE
2,196712,"p","2020-01-11 03:12:00",106.366666666667,TRUE,106.283333333333,0.0833333333339965,FALSE,TRUE,398.539962678322,1.3284665422505,4.78247955210181,6.09712310163031,-16293.3516842128,38649.0978252014,TRUE,FALSE,TRUE
2,196712,"p","2020-01-11 03:17:00",106.45,TRUE,106.366666666667,0.0833333333330017,FALSE,TRUE,398.539845978019,1.32846615326535,4.78247815175526,6.13171522221385,-16629.422586683,38431.7539621498,TRUE,FALSE,TRUE
2,196712,"p","2020-01-11 03:22:00",106.533333333333,TRUE,106.45,0.0833333333330017,FALSE,TRUE,398.53972969194,1.32846576564509,4.78247675632231,5.85077932773697,-16965.4934891531,38214.4100991053,TRUE,FALSE,TRUE
2,196712,"p","2020-01-11 03:27:00",106.616666666667,TRUE,106.533333333333,0.0833333333339965,FALSE,TRUE,398.539613816011,1.32846537937613,4.78247536575407,5.57110753421349,-17301.5643916233,37997.0662360396,TRUE,FALSE,TRUE
2,196712,"p","2020-01-11 03:32:00",106.7,TRUE,106.616666666667,0.0833333333330017,FALSE,TRUE,398.539498352713,1.32846499451433,4.78247398025158,5.57206599311561,-17637.6352940936,37779.7223729919,TRUE,FALSE,TRUE
2,196712,"p","2020-01-11 03:37:00",106.783333333333,TRUE,106.7,0.0833333333330017,FALSE,TRUE,398.539383296894,1.32846461099493,4.78247259958176,5.57252557950195,-17973.7061965636,37562.3785099315,TRUE,FALSE,TRUE
2,196712,"p","2020-01-11 03:42:00",106.866666666667,TRUE,106.783333333333,0.0833333333339965,FALSE,TRUE,398.539268651673,1.32846422882834,4.78247122378202,5.57380070403463,-18309.7770990339,37345.0346468796,TRUE,FALSE,TRUE
2,196712,"p","2020-01-11 03:47:00",106.95,TRUE,106.866666666667,0.0833333333330017,FALSE,TRUE,398.53915442074,1.32846384807442,4.78246985306791,5.46278189786927,-18645.8480015041,37127.6907838272,TRUE,FALSE,TRUE
2,196712,"p","2020-01-11 03:52:00",107.033333333333,TRUE,106.95,0.0833333333330017,FALSE,TRUE,398.539040599264,1.3284634686695,4.7824684872102,5.34698024400313,-18981.9189039741,36910.3469207758,TRUE,FALSE,TRUE
2,196712,"p","2020-01-11 03:57:00",107.116666666667,TRUE,107.033333333333,0.0833333333339965,FALSE,TRUE,398.538927188681,1.32846309061836,4.78246712622611,5.22966312653454,-19317.9898064444,36693.0030577233,TRUE,FALSE,TRUE
2,196712,"p","2020-01-11 04:02:00",107.2,TRUE,107.116666666667,0.0833333333330017,FALSE,TRUE,398.53881418658,1.32846271396055,4.78246577025799,5.11555661892956,-19654.0607089145,36475.6591946693,TRUE,FALSE,TRUE
2,196712,"p","2020-01-11 04:07:00",107.283333333333,TRUE,107.2,0.0833333333330017,FALSE,TRUE,397.229570742174,1.32409856914585,4.76675484892506,5.22906304766234,-19988.9355705154,36258.8874578459,TRUE,FALSE,TRUE
2,196712,"o","2020-01-11 04:10:00",107.333333333333,TRUE,107.283333333333,0.0499999999999972,FALSE,TRUE,97.0577458824666,0.539209699347067,1.94115491764944,5.26554024038682,-20058.7779944506,36190.9515307851,TRUE,FALSE,TRUE
2,196712,"p","2020-01-11 04:12:00",107.366666666667,TRUE,107.333333333333,0.0333333333339993,FALSE,TRUE,103.706558344784,0.864221319522602,3.11119675028137,5.33451859654578,-20111.207941232,36101.0698460293,TRUE,FALSE,TRUE
2,196712,"p","2020-01-11 04:17:00",107.45,TRUE,107.366666666667,0.0833333333330017,FALSE,TRUE,260.718102877877,0.869060342929714,3.12861723454697,5.40398085646137,-20242.5126092032,35874.8151989064,TRUE,FALSE,TRUE
2,196712,"p","2020-01-11 04:22:00",107.533333333333,TRUE,107.45,0.0833333333330017,FALSE,TRUE,260.718019347498,0.869060064495119,3.12861623218243,5.47344308994731,-20373.8172771689,35648.5605517793,TRUE,FALSE,TRUE
2,196712,"o","2020-01-11 04:23:00",107.55,TRUE,107.533333333333,0.0166666666669926,FALSE,TRUE,51.7335565073423,0.862225941772177,3.10401339037984,5.54222191257659,-20399.494729737,35603.4496234902,TRUE,FALSE,TRUE
2,196712,"p","2020-01-11 04:27:00",107.616666666667,TRUE,107.55,0.0666666666670039,FALSE,TRUE,161.033854868793,0.670974395283242,2.41550782301967,5.59187558196973,-20418.5536998955,35443.0771925747,TRUE,FALSE,TRUE
2,196712,"p","2020-01-11 04:32:00",107.7,TRUE,107.616666666667,0.0833333333330017,FALSE,TRUE,201.034715711854,0.670115719042179,2.41241658855184,5.64144338515452,-20441.6480613042,35242.7866553557,TRUE,FALSE,TRUE
2,196712,"p","2020-01-11 04:37:00",107.783333333333,TRUE,107.7,0.0833333333330017,FALSE,TRUE,201.034656441061,0.670115521472871,2.41241587730233,5.68883927384157,-20464.7424227129,35042.4961181256,TRUE,FALSE,TRUE
2,196712,"p","2020-01-11 04:42:00",107.866666666667,TRUE,107.783333333333,0.0833333333339965,FALSE,TRUE,201.034597216198,0.670115324048661,2.41241516657518,5.49828780274636,-20487.8367841218,34842.2055809013,TRUE,FALSE,TRUE
2,196712,"p","2020-01-11 04:47:00",107.95,TRUE,107.866666666667,0.0833333333330017,FALSE,TRUE,201.034538049862,0.670115126835539,2.41241445660794,5.30445364494352,-20510.9311455306,34641.915043677,TRUE,FALSE,TRUE
2,196712,"p","2020-01-11 04:52:00",108.033333333333,TRUE,107.95,0.0833333333330017,FALSE,TRUE,201.034478925303,0.670114929753678,2.41241374711324,5.11061978420267,-20534.0255069397,34441.6245064501,TRUE,FALSE,TRUE
2,196712,"p","2020-01-11 04:57:00",108.116666666667,TRUE,108.033333333333,0.0833333333339965,FALSE,TRUE,201.034419864805,0.670114732877349,2.41241303835846,4.91678621952562,-20557.1198683484,34241.3339692231,TRUE,FALSE,TRUE
2,196712,"p","2020-01-11 05:02:00",108.2,TRUE,108.116666666667,0.0833333333330017,FALSE,TRUE,201.034360847499,0.670114536160995,2.41241233017958,4.72352529005066,-20580.214229757,34041.0434319947,TRUE,FALSE,TRUE
2,196712,"p","2020-01-11 05:07:00",108.283333333333,TRUE,108.2,0.0833333333330017,FALSE,TRUE,201.034301885983,0.670114339622608,2.41241162264139,4.35935619576813,-20603.3085911659,33840.7528947779,TRUE,FALSE,TRUE
2,196712,"p","2020-01-11 05:12:00",108.366666666667,TRUE,108.283333333333,0.0833333333339965,FALSE,TRUE,201.03424297602,0.670114143248069,2.41241091569305,3.99335805577541,-20626.4029525747,33640.4623575479,TRUE,FALSE,TRUE
2,196712,"p","2020-01-11 05:17:00",108.45,TRUE,108.366666666667,0.0833333333330017,FALSE,TRUE,201.034184114824,0.670113947052079,2.41241020938748,3.9247779961538,-20649.4973139837,33440.1718203273,TRUE,FALSE,TRUE
2,196712,"p","2020-01-11 05:22:00",108.533333333333,TRUE,108.45,0.0833333333330017,FALSE,TRUE,201.034125310759,0.670113751038529,2.41240950373871,3.85512656650052,-20672.5916753924,33239.881283102,TRUE,FALSE,TRUE
2,196712,"p","2020-01-11 05:27:00",108.616666666667,TRUE,108.533333333333,0.0833333333339965,FALSE,TRUE,201.034066555562,0.670113555179872,2.41240879864754,3.78719318720642,-20695.6860368015,33039.5907458853,TRUE,FALSE,TRUE
2,196712,"p","2020-01-11 05:32:00",108.7,TRUE,108.616666666667,0.0833333333330017,FALSE,TRUE,201.034007851829,0.670113359508764,2.41240809423155,3.79780956793698,-20718.78039821,32839.3002086583,TRUE,FALSE,TRUE
2,196712,"p","2020-01-11 05:37:00",108.783333333333,TRUE,108.7,0.0833333333330017,FALSE,TRUE,201.033949201207,0.670113164006691,2.41240739042409,3.68218321798989,-20741.874759619,32639.009671434,TRUE,FALSE,TRUE
2,196712,"p","2020-01-11 05:42:00",108.866666666667,TRUE,108.783333333333,0.0833333333339965,FALSE,TRUE,201.033890604891,0.670112968677636,2.41240668723949,3.56586622514686,-20764.9691210276,32438.7191342096,TRUE,FALSE,TRUE
2,196712,"p","2020-01-11 05:47:00",108.95,TRUE,108.866666666667,0.0833333333330017,FALSE,TRUE,201.033832057465,0.67011277352755,2.41240598469918,3.44954933014536,-20788.0634824367,32238.4285969834,TRUE,FALSE,TRUE
2,196712,"p","2020-01-11 05:52:00",109.033333333333,TRUE,108.95,0.0833333333330017,FALSE,TRUE,201.033773560148,0.670112578536495,2.41240528273138,3.33376207365054,-20811.1578438453,32038.1380597594,TRUE,FALSE,TRUE
2,196712,"p","2020-01-11 05:57:00",109.116666666667,TRUE,109.033333333333,0.0833333333339965,FALSE,TRUE,201.033715118726,0.670112383723755,2.41240458140552,3.26740139830066,-20834.2522052543,31837.8475225411,TRUE,FALSE,TRUE
2,196712,"p","2020-01-11 06:02:00",109.2,TRUE,109.116666666667,0.0833333333330017,FALSE,TRUE,201.03365672747,0.670112189094233,2.41240388073924,3.20156596298503,-20857.346566663,31637.55698531,TRUE,FALSE,TRUE
2,196712,"p","2020-01-11 06:07:00",109.283333333333,TRUE,109.2,0.0833333333330017,FALSE,TRUE,201.033598387867,0.670111994628888,2.412403180664,3.13573054712139,-20880.4409280719,31437.2664480859,TRUE,FALSE,TRUE
2,196712,"p","2020-01-11 06:12:00",109.366666666667,TRUE,109.283333333333,0.0833333333339965,FALSE,TRUE,200.045669011882,0.666818896700966,2.40054802812348,3.06956586022697,-20903.4081729239,31237.9585659772,TRUE,FALSE,TRUE
2,196712,"p","2020-01-11 06:17:00",109.45,TRUE,109.366666666667,0.0833333333330017,FALSE,TRUE,18.982131537043,0.0632737717903951,0.227785578445423,2.9430466994684,-20903.0550686161,31218.9250779886,TRUE,FALSE,TRUE
2,196712,"p","2020-01-11 06:22:00",109.533333333333,TRUE,109.45,0.0833333333330017,FALSE,TRUE,18.0053892586585,0.0600179641957673,0.216064671104762,2.81620199643654,-20902.5748477519,31200.8742451173,TRUE,FALSE,TRUE
2,196712,"p","2020-01-11 06:27:00",109.616666666667,TRUE,109.533333333333,0.0833333333339965,FALSE,TRUE,18.0053887814032,0.0600179626041998,0.216064665375119,2.68935733159747,-20902.094626887,31182.8234122486,TRUE,FALSE,TRUE
2,196712,"p","2020-01-11 06:32:00",109.7,TRUE,109.616666666667,0.0833333333330017,FALSE,TRUE,18.0053883083648,0.0600179610281214,0.216064659701237,2.56251270481745,-20901.6144060225,31164.7725793747,TRUE,FALSE,TRUE
2,196712,"p","2020-01-11 06:37:00",109.783333333333,TRUE,109.7,0.0833333333330017,FALSE,TRUE,18.0053878339213,0.0600179594466431,0.216064654007915,2.43566811595467,-20901.134185158,31146.7217465004,TRUE,FALSE,TRUE
2,196712,"p","2020-01-11 06:42:00",109.866666666667,TRUE,109.783333333333,0.0833333333339965,FALSE,TRUE,18.0053873524187,0.0600179578409179,0.216064648227305,2.30882356487181,-20900.6539642935,31128.6709136328,TRUE,FALSE,TRUE
2,196712,"p","2020-01-11 06:47:00",109.95,TRUE,109.866666666667,0.0833333333330017,FALSE,TRUE,18.0053868808032,0.0600179562695827,0.216064642570498,2.18197905143694,-20900.1737434289,31110.6200807571,TRUE,FALSE,TRUE
2,196712,"p","2020-01-11 06:52:00",110.033333333333,TRUE,109.95,0.0833333333330017,FALSE,TRUE,18.0053863992954,0.0600179546645568,0.216064636792404,2.05513457550734,-20899.6935225645,31092.5692478879,TRUE,FALSE,TRUE
2,196712,"p","2020-01-11 06:57:00",110.116666666667,TRUE,110.033333333333,0.0833333333339965,FALSE,TRUE,18.0053859305038,0.0600179531012017,0.216064631164326,1.92872651390287,-20899.2133017001,31074.5184150135,TRUE,FALSE,TRUE
2,196712,"p","2020-01-11 07:02:00",110.2,TRUE,110.116666666667,0.0833333333330017,FALSE,TRUE,18.0053854504236,0.0600179515016507,0.216064625405943,1.88080733911833,-20898.7330808353,31056.4675821458,TRUE,FALSE,TRUE
2,196712,"p","2020-01-11 07:07:00",110.283333333333,TRUE,110.2,0.0833333333330017,FALSE,TRUE,18.0053849745602,0.0600179499154395,0.216064619695582,1.80038700215761,-20898.252859971,31038.4167492751,TRUE,FALSE,TRUE
2,196712,"p","2020-01-11 07:12:00",110.366666666667,TRUE,110.283333333333,0.0833333333339965,FALSE,TRUE,18.0053845001289,0.0600179483332855,0.216064613999828,1.71948276269797,-20897.7726391063,31020.3659163936,TRUE,FALSE,TRUE
2,196712,"p","2020-01-11 07:17:00",110.45,TRUE,110.366666666667,0.0833333333330017,FALSE,TRUE,18.005384022864,0.0600179467431189,0.216064608275228,1.63857855092277,-20897.2924182417,31002.3150835234,TRUE,FALSE,TRUE
2,196712,"p","2020-01-11 07:22:00",110.533333333333,TRUE,110.45,0.0833333333330017,FALSE,TRUE,18.0053835498402,0.0600179451663726,0.216064602598942,1.55835775126219,-20896.8121973771,30984.2642506485,TRUE,FALSE,TRUE
2,196712,"p","2020-01-11 07:27:00",110.616666666667,TRUE,110.533333333333,0.0833333333339965,FALSE,TRUE,18.0053830711616,0.060017943570061,0.21606459685222,1.49726210609087,-20896.3319765126,30966.2134177811,TRUE,FALSE,TRUE
2,196712,"p","2020-01-11 07:32:00",110.7,TRUE,110.616666666667,0.0833333333330017,FALSE,TRUE,18.0053825967281,0.0600179419893325,0.216064591161597,1.43625232838559,-20895.851755648,30948.1625849071,TRUE,FALSE,TRUE
2,196712,"p","2020-01-11 07:37:00",110.783333333333,TRUE,110.7,0.0833333333330017,FALSE,TRUE,18.00538212229,0.0600179404078723,0.21606458546834,1.37524257027909,-20895.3715347835,30930.1117520358,TRUE,FALSE,TRUE
2,196712,"p","2020-01-11 07:42:00",110.866666666667,TRUE,110.783333333333,0.0833333333339965,FALSE,TRUE,18.0053816422054,0.0600179388068736,0.216064579704745,1.31423283175491,-20894.8913139189,30912.0609191608,TRUE,FALSE,TRUE
2,196712,"p","2020-01-11 07:47:00",110.95,TRUE,110.866666666667,0.0833333333330017,FALSE,TRUE,18.0053811691747,0.060017937230821,0.216064574030956,1.25322311279444,-20894.4110930547,30894.0100862919,TRUE,FALSE,TRUE
3,196712,"o","2020-01-12 17:45:00",144.916666666667,TRUE,144.866666666667,0.0500000000000114,FALSE,TRUE,230.17035881557,1.27872421564177,4.60340717631036,1.20162636184911,-17844.2303497748,23297.5049448931,TRUE,TRUE,TRUE
3,196712,"p","2020-01-12 17:47:00",144.95,TRUE,144.916666666667,0.0333333333329904,FALSE,TRUE,242.742086982945,2.02285072487869,7.28226260956327,1.39790969903136,-17851.2433698866,23540.8474712447,TRUE,FALSE,TRUE
3,196712,"p","2020-01-12 17:52:00",145.033333333333,TRUE,144.95,0.0833333333330017,FALSE,TRUE,616.013714671524,2.05337904891325,7.3921645760877,1.5972458687699,-17874.2969985962,24158.2112515461,TRUE,FALSE,TRUE
3,196712,"p","2020-01-12 17:57:00",145.116666666667,TRUE,145.033333333333,0.0833333333339965,FALSE,TRUE,616.014255114624,2.05338085036574,7.39217106131666,1.79658221880799,-17897.3506273059,24775.5750318505,TRUE,FALSE,TRUE
3,196712,"p","2020-01-12 18:02:00",145.2,TRUE,145.116666666667,0.0833333333330017,FALSE,TRUE,616.014797047925,2.05338265683459,7.39217756460452,1.995918749645,-17920.4042560155,25392.9388121487,TRUE,FALSE,TRUE
3,196712,"p","2020-01-12 18:07:00",145.283333333333,TRUE,145.2,0.0833333333330017,FALSE,TRUE,616.015340477044,2.05338446826498,7.39218408575394,2.19525546178069,-17943.4578847252,26010.3025924511,TRUE,FALSE,TRUE
3,196712,"p","2020-01-12 18:12:00",145.366666666667,TRUE,145.283333333333,0.0833333333339965,FALSE,TRUE,616.015885399112,2.05338628464737,7.39219062473052,2.39459235570894,-17966.5115134349,26627.6663727497,TRUE,FALSE,TRUE
3,196712,"p","2020-01-12 18:17:00",145.45,TRUE,145.366666666667,0.0833333333330017,FALSE,TRUE,616.016431821161,2.05338810607871,7.39219718188334,2.59392943193282,-17989.5651421444,27245.0301530519,TRUE,FALSE,TRUE
3,196712,"p","2020-01-12 18:22:00",145.533333333333,TRUE,145.45,0.0833333333330017,FALSE,TRUE,616.016979731861,2.05338993244771,7.39220375681174,2.79326669094783,-18012.6187708541,27862.3939333585,TRUE,FALSE,TRUE
3,196712,"p","2020-01-12 18:27:00",145.616666666667,TRUE,145.533333333333,0.0833333333339965,FALSE,TRUE,616.017529139642,2.05339176378246,7.39221034961687,2.99260413325063,-18035.6723995638,28479.7577136686,TRUE,FALSE,TRUE
3,196712,"p","2020-01-12 18:32:00",145.7,TRUE,145.616666666667,0.0833333333330017,FALSE,TRUE,616.018080038818,2.05339360013756,7.39221696049523,3.19194175934144,-18058.7260282734,29097.1214939631,TRUE,FALSE,TRUE
3,196712,"p","2020-01-12 18:37:00",145.783333333333,TRUE,145.7,0.0833333333330017,FALSE,TRUE,616.018632435007,2.05339544145819,7.3922235892495,3.39127956971902,-18081.7796569828,29714.4852742629,TRUE,FALSE,TRUE
3,196712,"p","2020-01-12 18:42:00",145.866666666667,TRUE,145.783333333333,0.0833333333339965,FALSE,TRUE,616.019186325359,2.05339728773486,7.39223023584548,3.59061756487763,-18104.8332856926,30331.8490545704,TRUE,FALSE,TRUE
3,196712,"o","2020-01-12 18:45:00",145.916666666667,TRUE,145.866666666667,0.0500000000000114,FALSE,TRUE,366.178877440873,2.03432709689328,7.3235775488158,3.78804854110599,-18114.3940391907,30698.9578033858,TRUE,FALSE,TRUE
3,196712,"p","2020-01-12 18:47:00",145.95,TRUE,145.916666666667,0.0333333333329904,FALSE,TRUE,301.960223957381,2.51633519967073,9.05880671881462,4.03368032776633,-17811.0217233948,30703.7041818614,TRUE,FALSE,TRUE
3,196712,"p","2020-01-12 18:52:00",146.033333333333,TRUE,145.95,0.0833333333330017,FALSE,TRUE,765.443869739484,2.55147956580843,9.18532643691035,4.2828265511924,-17041.9123745866,30707.2963296362,TRUE,FALSE,TRUE
3,196712,"p","2020-01-12 18:57:00",146.116666666667,TRUE,146.033333333333,0.0833333333339965,FALSE,TRUE,765.443808840062,2.5514793627799,9.18532570600765,4.53197275447093,-16272.803025778,30710.8884774095,TRUE,FALSE,TRUE
3,196712,"p","2020-01-12 19:02:00",146.2,TRUE,146.116666666667,0.0833333333330017,FALSE,TRUE,765.443750869827,2.55147916957624,9.18532501047447,4.78111893858193,-15503.6936769696,30714.480625185,TRUE,FALSE,TRUE
3,196712,"p","2020-01-12 19:07:00",146.283333333333,TRUE,146.2,0.0833333333330017,FALSE,TRUE,765.443695829802,2.55147898610949,9.18532434999417,5.03026510450055,-14734.5843281608,30718.0727729594,TRUE,FALSE,TRUE
3,196712,"p","2020-01-12 19:12:00",146.366666666667,TRUE,146.283333333333,0.0833333333339965,FALSE,TRUE,765.443643718142,2.5514788123735,9.1853237245446,5.27941125319902,-13965.4749793527,30721.6649207361,TRUE,FALSE,TRUE
3,196712,"p","2020-01-12 19:17:00",146.45,TRUE,146.366666666667,0.0833333333330017,FALSE,TRUE,765.443594537699,2.55147864846915,9.18532313448893,5.52855738566081,-13196.3656305438,30725.2570685115,TRUE,FALSE,TRUE
3,196712,"o","2020-01-12 19:21:00",146.516666666667,TRUE,146.45,0.0666666666670039,FALSE,TRUE,609.219955701602,2.53841648207717,9.1382993354778,5.7763973016363,-12584.2508040089,30731.2547284501,TRUE,FALSE,TRUE
3,196712,"p","2020-01-12 19:22:00",146.533333333333,TRUE,146.516666666667,0.0166666666659978,FALSE,TRUE,119.714683026233,1.99524471718395,7.18288098186223,5.96992004127684,-12544.9340407932,30844.7202297303,TRUE,FALSE,TRUE
3,196712,"p","2020-01-12 19:27:00",146.616666666667,TRUE,146.533333333333,0.0833333333339965,FALSE,TRUE,608.462346678798,2.02820782224652,7.30154816008747,6.16673909157741,-12364.2134871066,31427.667444562,TRUE,FALSE,TRUE
3,196712,"p","2020-01-12 19:32:00",146.7,TRUE,146.616666666667,0.0833333333330017,FALSE,TRUE,608.462856913658,2.0282095230536,7.30155428299295,6.36355831211158,-12183.492933448,32010.614659416,TRUE,FALSE,TRUE
3,196712,"p","2020-01-12 19:37:00",146.783333333333,TRUE,146.7,0.0833333333330017,FALSE,TRUE,608.463368574735,2.02821122859052,7.30156042292588,6.56037770335382,-12002.7723797896,32593.5618742866,TRUE,FALSE,TRUE
3,196712,"p","2020-01-12 19:42:00",146.866666666667,TRUE,146.783333333333,0.0833333333339965,FALSE,TRUE,608.463881674324,2.02821293889827,7.30156658003378,6.75719726577918,-11822.0518261311,33176.5090891437,TRUE,FALSE,TRUE
3,196712,"p","2020-01-12 19:47:00",146.95,TRUE,146.866666666667,0.0833333333330017,FALSE,TRUE,608.464396216477,2.02821465406299,7.30157275462678,6.95401699987425,-11641.3312724728,33759.4563040044,TRUE,FALSE,TRUE
3,196712,"p","2020-01-12 19:52:00",147.033333333333,TRUE,146.95,0.0833333333330017,FALSE,TRUE,608.464912204405,2.02821637402275,7.30157894648191,7.14958235629147,-11460.610718814,34342.4035188661,TRUE,FALSE,TRUE
3,196712,"p","2020-01-12 19:57:00",147.116666666667,TRUE,147.033333333333,0.0833333333339965,FALSE,TRUE,608.46542963384,2.02821809876332,7.30158515554797,7.22393858571323,-11279.8901651556,34925.3507337269,TRUE,FALSE,TRUE
3,196712,"p","2020-01-12 20:02:00",147.2,TRUE,147.116666666667,0.0833333333330017,FALSE,TRUE,608.465948506754,2.02821982836392,7.3015913821101,7.29742964963786,-11099.169611497,35508.2979485896,TRUE,FALSE,TRUE
3,196712,"p","2020-01-12 20:07:00",147.283333333333,TRUE,147.2,0.0833333333330017,FALSE,TRUE,608.466468820395,2.02822156274272,7.30159762587379,7.37092090276518,-10918.4490578383,36091.2451634538,TRUE,FALSE,TRUE
3,196712,"p","2020-01-12 20:12:00",147.366666666667,TRUE,147.283333333333,0.0833333333339965,FALSE,TRUE,608.466990579089,2.02822330191416,7.30160388689096,7.44441234544896,-10737.7285041797,36674.1923783064,TRUE,FALSE,TRUE
3,196712,"p","2020-01-12 20:17:00",147.45,TRUE,147.366666666667,0.0833333333330017,FALSE,TRUE,608.467513777668,2.02822504593363,7.30161016536107,7.51790397804394,-10557.0079505213,37257.1395931787,TRUE,FALSE,TRUE
3,196712,"p","2020-01-12 20:22:00",147.533333333333,TRUE,147.45,0.0833333333330017,FALSE,TRUE,608.468038420454,2.02822679474292,7.3016164610745,7.59139580090333,-10376.2873968627,37840.0868080354,TRUE,FALSE,TRUE
3,196712,"o","2020-01-12 20:25:00",147.583333333333,TRUE,147.533333333333,0.0500000000000114,FALSE,TRUE,363.797287378575,2.02109604099162,7.27594574756984,7.66417456364547,-10267.895548677,38188.5197668909,TRUE,FALSE,TRUE
3,196712,"p","2020-01-12 20:27:00",147.616666666667,TRUE,147.583333333333,0.0333333333339851,FALSE,TRUE,151.666869003973,1.2638905750084,4.55000607003023,7.66269119958213,-10198.5700510755,38323.9728398368,TRUE,FALSE,TRUE
3,196712,"p","2020-01-12 20:32:00",147.7,TRUE,147.616666666667,0.0833333333330017,FALSE,TRUE,376.159682174684,1.25386560725393,4.51391618611417,7.58579268781965,-10025.357517095,38659.2670970654,TRUE,FALSE,TRUE
3,196712,"p","2020-01-12 20:37:00",147.783333333333,TRUE,147.7,0.0833333333330017,FALSE,TRUE,376.159868325052,1.25386622775516,4.51391841991859,7.50584140570384,-9852.14498311463,38994.5613542837,TRUE,FALSE,TRUE
3,196712,"p","2020-01-12 20:42:00",147.866666666667,TRUE,147.783333333333,0.0833333333339965,FALSE,TRUE,376.160054815982,1.25386684937663,4.51392065775586,7.42589000560493,-9678.93244913412,39329.8556115123,TRUE,FALSE,TRUE
3,196712,"p","2020-01-12 20:47:00",147.95,TRUE,147.866666666667,0.0833333333330017,FALSE,TRUE,376.160241645242,1.2538674721558,4.51392289976087,7.34593848713705,-9505.71991515362,39665.1498687372,TRUE,FALSE,TRUE
3,196712,"p","2020-01-12 20:52:00",148.033333333333,TRUE,147.95,0.0833333333330017,FALSE,TRUE,377.816640757613,1.25938880253039,4.5337996891094,7.26653892056359,-9335.42578870299,40003.7894681406,TRUE,FALSE,TRUE
3,196712,"p","2020-01-12 20:57:00",148.116666666667,TRUE,148.033333333333,0.0833333333339965,FALSE,TRUE,1016.79249062498,3.38930830205629,12.2015098874027,7.40013112230449,-9700.53227664981,40956.1535888167,TRUE,FALSE,TRUE
3,196712,"p","2020-01-12 21:02:00",148.2,TRUE,148.116666666667,0.0833333333330017,FALSE,TRUE,1020.94862662724,3.40316208877101,12.2513835195756,7.53510852057372,-10068.5571721268,41911.8630516774,TRUE,FALSE,TRUE
3,196712,"o","2020-01-12 21:04:00",148.233333333333,TRUE,148.2,0.0333333333330188,FALSE,TRUE,402.522507946544,3.35435423291952,12.0756752385103,7.6652049506209,-10214.6792648055,42288.2695297318,TRUE,FALSE,TRUE
3,196712,"p","2020-01-12 21:07:00",148.283333333333,TRUE,148.233333333333,0.0499999999999829,FALSE,TRUE,124.982103466745,0.694345019259933,2.49964206933576,7.52930027616865,-10315.531077841,42213.5818939051,TRUE,FALSE,TRUE
3,196712,"p","2020-01-12 21:12:00",148.366666666667,TRUE,148.283333333333,0.0833333333339965,FALSE,TRUE,212.861549629868,0.70953849876058,2.55433859553809,7.39491476603095,-10481.8043237135,42079.3069890438,TRUE,FALSE,TRUE
3,196712,"p","2020-01-12 21:17:00",148.45,TRUE,148.366666666667,0.0833333333330017,FALSE,TRUE,212.861508246892,0.709538360825796,2.55433809897287,7.26052905796771,-10648.0775695861,41945.0320841745,TRUE,FALSE,TRUE
3,196712,"o","2020-01-12 21:19:00",148.483333333333,TRUE,148.45,0.0333333333330188,FALSE,TRUE,83.847112228381,0.698725935243102,2.51541336687517,7.12506192271853,-10714.7693567334,41893.6509334442,TRUE,FALSE,TRUE
3,196712,"p","2020-01-12 21:22:00",148.533333333333,TRUE,148.483333333333,0.0499999999999829,FALSE,TRUE,212.417081868474,1.1800948992697,4.24834163737093,7.03963870295618,-10834.657047603,42069.892981825,TRUE,FALSE,TRUE
3,196712,"o","2020-01-12 21:25:00",148.583333333333,TRUE,148.533333333333,0.0500000000000114,FALSE,TRUE,215.194393076365,1.19552440597954,4.30388786152633,6.90755762358706,-10953.8020829496,42249.9831698613,TRUE,FALSE,TRUE
3,196712,"p","2020-01-12 21:27:00",148.616666666667,TRUE,148.583333333333,0.0333333333339851,FALSE,TRUE,229.907507299995,1.91589589412916,6.89722521886497,6.84399925641913,-10966.1444300824,42480.2187701588,TRUE,FALSE,TRUE
3,196712,"p","2020-01-12 21:32:00",148.7,TRUE,148.616666666667,0.0833333333330017,FALSE,TRUE,578.433603113516,1.92811201038606,6.94120323738981,6.78166252117974,-10994.6874371123,43059.6060919934,TRUE,FALSE,TRUE
3,196712,"p","2020-01-12 21:37:00",148.783333333333,TRUE,148.7,0.0833333333330017,FALSE,TRUE,578.434119347488,1.92811373116596,6.94120943219747,6.71932597733872,-11023.2304441421,43638.9934138446,TRUE,FALSE,TRUE
3,196712,"p","2020-01-12 21:42:00",148.866666666667,TRUE,148.783333333333,0.0833333333339965,FALSE,TRUE,578.434636805523,1.92811545600307,6.94121564161104,6.65698962432807,-11051.773451172,44218.3807356849,TRUE,FALSE,TRUE
3,196712,"p","2020-01-12 21:47:00",148.95,TRUE,148.866666666667,0.0833333333330017,FALSE,TRUE,578.435155510128,1.92811718504143,6.94122186614916,6.59465346159487,-11080.3164582017,44797.7680575309,TRUE,FALSE,TRUE
3,196712,"p","2020-01-12 21:52:00",149.033333333333,TRUE,148.95,0.0833333333330017,FALSE,TRUE,578.435675448579,1.9281189181696,6.94122810541057,6.53231748856491,-11108.8594652317,45377.15537938,TRUE,FALSE,TRUE
3,196712,"p","2020-01-12 21:57:00",149.116666666667,TRUE,149.033333333333,0.0833333333339965,FALSE,TRUE,578.436196622193,1.92812065539196,6.94123435941107,6.47128790589639,-11137.4024722615,45956.5427012233,TRUE,FALSE,TRUE
3,196712,"p","2020-01-12 22:02:00",149.2,TRUE,149.116666666667,0.0833333333330017,FALSE,TRUE,578.436719036567,1.92812239679623,6.94124062846642,6.46457567385762,-11165.945479291,46535.9300230766,TRUE,FALSE,TRUE
3,196712,"p","2020-01-12 22:07:00",149.283333333333,TRUE,149.2,0.0833333333330017,FALSE,TRUE,578.437242681816,1.92812414228039,6.94124691220941,6.45456730586101,-11194.4884863211,47115.317344914,TRUE,FALSE,TRUE
3,196712,"p","2020-01-12 22:12:00",149.366666666667,TRUE,149.283333333333,0.0833333333339965,FALSE,TRUE,578.437767566279,1.92812589187225,6.94125321074011,6.44455894274287,-11223.031493351,47694.7046667605,TRUE,FALSE,TRUE
3,196712,"p","2020-01-12 22:17:00",149.45,TRUE,149.366666666667,0.0833333333330017,FALSE,TRUE,578.438293691347,1.9281276456455,6.94125952432379,6.43455058444837,-11251.5745003807,48274.0919886054,TRUE,FALSE,TRUE
3,196712,"p","2020-01-12 22:22:00",149.533333333333,TRUE,149.45,0.0833333333330017,FALSE,TRUE,578.438821048493,1.92812940350265,6.94126585260953,6.42454223090881,-11280.1175074104,48853.4793104579,TRUE,FALSE,TRUE
3,196712,"p","2020-01-12 22:27:00",149.616666666667,TRUE,149.533333333333,0.0833333333339965,FALSE,TRUE,578.439349613701,1.92813116536366,6.94127219530917,6.41453388203887,-11308.6605144404,49432.8666322624,TRUE,FALSE,TRUE
3,196712,"o","2020-01-12 22:28:00",149.633333333333,TRUE,149.616666666667,0.0166666666660262,FALSE,TRUE,112.071699655927,1.86786166100389,6.72430197961402,6.39849841073699,-11314.4026603576,49545.1113328466,TRUE,FALSE,TRUE
3,196712,"p","2020-01-12 22:32:00",149.7,TRUE,149.633333333333,0.0666666666669755,FALSE,TRUE,76.7781838618908,0.319909099423063,1.15167275792303,6.22766751080296,-11342.1803576431,49473.2784384494,TRUE,FALSE,TRUE
3,196712,"p","2020-01-12 22:37:00",149.783333333333,TRUE,149.7,0.0833333333330017,FALSE,TRUE,100.224722101211,0.334082407005365,1.20269666521932,6.05825376866711,-11376.9444098895,49378.9463656637,TRUE,FALSE,TRUE
3,196712,"p","2020-01-12 22:42:00",149.866666666667,TRUE,149.783333333333,0.0833333333339965,FALSE,TRUE,100.224707445196,0.334082358147995,1.20269648933278,5.88883984820763,-11411.7084621359,49284.6142928758,TRUE,FALSE,TRUE
3,196712,"o","2020-01-12 22:46:00",149.933333333333,TRUE,149.866666666667,0.0666666666660092,FALSE,TRUE,75.743587341219,0.315598280591525,1.13615381012949,5.71757734607537,-11432.2091594414,49211.4622560667,TRUE,FALSE,TRUE
3,196712,"p","2020-01-12 22:47:00",149.95,TRUE,149.933333333333,0.0166666666669926,FALSE,TRUE,263.666519281476,4.39444198793866,15.8199911565792,5.95419904027588,-11175.3150239284,49276.0974115547,TRUE,FALSE,TRUE
3,196712,"p","2020-01-12 22:52:00",150.033333333333,TRUE,149.95,0.0833333333330017,FALSE,TRUE,1356.4292156934,4.521430718996,16.2771505883856,6.20351943270118,-9854.29162429103,49610.8412959273,TRUE,FALSE,TRUE
3,196712,"p","2020-01-12 22:57:00",150.116666666667,TRUE,150.033333333333,0.0833333333339965,FALSE,TRUE,1356.42981914376,4.52143273044321,16.2771578295956,6.45355310164634,-8533.26822458954,49945.5851803239,TRUE,FALSE,TRUE
3,196712,"p","2020-01-12 23:02:00",150.2,TRUE,150.116666666667,0.0833333333330017,FALSE,TRUE,1356.43043872972,4.52143479578374,16.2771652648215,6.77930752372388,-7212.24482496615,50280.329064699,TRUE,FALSE,TRUE
3,196712,"o","2020-01-12 23:03:00",150.216666666667,TRUE,150.2,0.016666666667021,FALSE,TRUE,262.224533551654,4.37040889243466,15.7334720127648,7.09096185224195,-6956.93463473356,50345.3138014469,TRUE,FALSE,TRUE
3,196712,"p","2020-01-12 23:07:00",150.283333333333,TRUE,150.216666666667,0.0666666666659808,FALSE,TRUE,253.626913092185,1.05677880456164,3.80440369642192,7.0712531099226,-7210.85365317666,50323.6778565364,TRUE,FALSE,TRUE
3,196712,"p","2020-01-12 23:12:00",150.366666666667,TRUE,150.283333333333,0.0833333333339965,FALSE,TRUE,328.270245437266,1.09423415144884,3.93924294521584,7.05528984012982,-7539.37053846343,50294.177875199,TRUE,FALSE,TRUE
3,196712,"p","2020-01-12 23:17:00",150.45,TRUE,150.366666666667,0.0833333333330017,FALSE,TRUE,328.270235349991,1.09423411783766,3.93924282421556,7.03932650469801,-7867.88742375065,50264.6778938703,TRUE,FALSE,TRUE
3,196712,"p","2020-01-12 23:22:00",150.533333333333,TRUE,150.45,0.0833333333330017,FALSE,TRUE,328.27022549318,1.09423408498162,3.93924270593383,7.02281103294313,-8196.40430903753,50235.1779125391,TRUE,FALSE,TRUE
3,196712,"p","2020-01-12 23:27:00",150.616666666667,TRUE,150.533333333333,0.0833333333339965,FALSE,TRUE,328.270215867505,1.09423405288298,3.93924259037871,6.7933036080258,-8524.92119432425,50205.6779312062,TRUE,FALSE,TRUE
3,196712,"p","2020-01-12 23:32:00",150.7,TRUE,150.616666666667,0.0833333333330017,FALSE,TRUE,328.270206473255,1.09423402158187,3.93924247769473,6.56241080130688,-8853.43807961125,50176.1779498777,TRUE,FALSE,TRUE
3,196712,"p","2020-01-12 23:37:00",150.783333333333,TRUE,150.7,0.0833333333330017,FALSE,TRUE,328.270197310085,1.09423399103797,3.93924236773669,6.33639877711873,-9181.95496489834,50146.6779685443,TRUE,FALSE,TRUE
3,196712,"p","2020-01-12 23:42:00",150.866666666667,TRUE,150.783333333333,0.0833333333339965,FALSE,TRUE,328.270188377041,1.0942339612481,3.93924226049314,6.37638767131754,-9510.47185018524,50117.1779872146,TRUE,FALSE,TRUE
3,196712,"o","2020-01-12 23:44:00",150.9,TRUE,150.866666666667,0.0333333333330188,FALSE,TRUE,128.468224699811,1.07056853917519,3.85404674103069,6.41249067535901,-9639.15149912885,50106.9877580497,TRUE,FALSE,TRUE
3,196712,"p","2020-01-12 23:47:00",150.95,TRUE,150.9,0.0499999999999829,FALSE,TRUE,189.815950325162,1.05453305736237,3.79631900650454,6.44699014501266,-9535.53322878747,50266.8025815578,TRUE,FALSE,TRUE
3,196712,"p","2020-01-12 23:52:00",151.033333333333,TRUE,150.95,0.0833333333330017,FALSE,TRUE,321.072141623974,1.07024047208417,3.85286569950302,6.48414159869677,-9358.29093626632,50535.843559662,TRUE,FALSE,TRUE
3,196712,"p","2020-01-12 23:57:00",151.116666666667,TRUE,151.033333333333,0.0833333333339965,FALSE,TRUE,321.072275112614,1.07024091703353,3.85286730132071,6.47315620047315,-9181.048643745,50804.8845377847,TRUE,FALSE,TRUE
3,196712,"p","2020-01-13 00:02:00",151.2,TRUE,151.116666666667,0.0833333333330017,FALSE,TRUE,321.072408805433,1.07024136268904,3.85286890568053,6.4606278961441,-9003.80635122374,51073.9255158861,TRUE,FALSE,TRUE
3,196712,"p","2020-01-13 00:07:00",151.283333333333,TRUE,151.2,0.0833333333330017,FALSE,TRUE,321.072542719947,1.07024180907075,3.85287051265469,6.37606248763826,-8826.56405870251,51342.9664940025,TRUE,FALSE,TRUE
3,196712,"o","2020-01-13 00:11:00",151.35,TRUE,151.283333333333,0.0666666666670039,FALSE,TRUE,255.70852924088,1.06545220516494,3.83562793859379,6.28979650711615,-8684.6470335756,51556.7367573734,TRUE,FALSE,TRUE
3,196712,"p","2020-01-13 00:12:00",151.366666666667,TRUE,151.35,0.0166666666669926,FALSE,TRUE,39.7174234593757,0.661957057643317,2.38304540751594,6.16318083976389,-8644.75244959038,51557.7607585966,TRUE,FALSE,TRUE
3,196712,"p","2020-01-13 00:17:00",151.45,TRUE,151.366666666667,0.0833333333330017,FALSE,TRUE,199.146576539019,0.663821921799373,2.38975891847774,6.03675148634352,-8444.66357412152,51555.5681691773,TRUE,FALSE,TRUE
3,196712,"p","2020-01-13 00:22:00",151.533333333333,TRUE,151.45,0.0833333333330017,FALSE,TRUE,199.146573657591,0.663821912194611,2.3897588839006,5.91032195905883,-8244.57469866126,51553.3755798023,TRUE,FALSE,TRUE
3,196712,"o","2020-01-13 00:23:00",151.55,TRUE,151.533333333333,0.016666666667021,FALSE,TRUE,39.0814365280109,0.651357275453001,2.3448861916308,5.78264579478717,-8205.63955583639,51558.4737096202,TRUE,FALSE,TRUE
3,196712,"p","2020-01-13 00:27:00",151.616666666667,TRUE,151.55,0.0666666666669755,FALSE,TRUE,811.845345896003,3.38268894121767,12.1776801883836,5.92810262336974,-8205.11071349399,52372.6285135733,TRUE,FALSE,TRUE
3,196712,"p","2020-01-13 00:32:00",151.7,TRUE,151.616666666667,0.0833333333330017,FALSE,TRUE,1021.70939168191,3.4056979722866,12.2605127002317,6.07586018091878,-8205.80295091471,53397.2428282222,TRUE,FALSE,TRUE
3,196712,"o","2020-01-13 00:35:00",151.75,TRUE,151.7,0.0500000000000114,FALSE,TRUE,608.261797054154,3.37923220585564,12.1652359410803,6.22097098727631,-8211.09212640399,54007.2104803561,TRUE,FALSE,TRUE
3,196712,"p","2020-01-13 00:37:00",151.783333333333,TRUE,151.75,0.0333333333329904,FALSE,TRUE,360.012561316756,3.0001046776705,10.8003768396138,6.32816886585613,-8568.04865027746,54065.7113224909,TRUE,FALSE,TRUE
3,196712,"p","2020-01-13 00:42:00",151.866666666667,TRUE,151.783333333333,0.0833333333339965,FALSE,TRUE,910.162612022595,3.03387537338451,10.9219513441842,6.43874363863003,-9472.62454250977,54199.9610862333,TRUE,FALSE,TRUE
3,196712,"o","2020-01-13 00:43:00",151.883333333333,TRUE,151.866666666667,0.0166666666660262,FALSE,TRUE,177.31543818353,2.9552573031724,10.6389262914206,6.54145642859701,-9648.63602874075,54227.5230108575,TRUE,FALSE,TRUE
3,196712,"p","2020-01-13 00:47:00",151.95,TRUE,151.883333333333,0.0666666666669755,FALSE,TRUE,211.720601994266,0.88216917497202,3.17580902989927,6.43686022955784,-9649.6634419534,54439.8426604371,TRUE,FALSE,TRUE
3,196712,"p","2020-01-13 00:52:00",152.033333333333,TRUE,151.95,0.0833333333330017,FALSE,TRUE,265.578918311917,0.885263061043244,3.18694701975568,6.33860036956178,-9644.81809313454,54706.1321872787,TRUE,FALSE,TRUE
3,196712,"p","2020-01-13 00:57:00",152.116666666667,TRUE,152.033333333333,0.0833333333339965,FALSE,TRUE,265.579032152556,0.885263440501476,3.18694838580531,6.39513580366962,-9639.97274431555,54972.4217141218,TRUE,FALSE,TRUE
3,196712,"p","2020-01-13 01:02:00",152.2,TRUE,152.116666666667,0.0833333333330017,FALSE,TRUE,265.579146109337,0.885263820367978,3.18694975332472,6.45025394500588,-9635.12739549682,55238.7112409476,TRUE,FALSE,TRUE
3,196712,"p","2020-01-13 01:07:00",152.283333333333,TRUE,152.2,0.0833333333330017,FALSE,TRUE,265.579260192169,0.885264200644086,3.18695112231871,6.50537212925549,-9630.28204667766,55505.0007677865,TRUE,FALSE,TRUE
3,196712,"p","2020-01-13 01:12:00",152.366666666667,TRUE,152.283333333333,0.0833333333339965,FALSE,TRUE,265.579374389723,0.885264581292031,3.18695249265131,6.56233875932554,-9625.43669785879,55771.2902946314,TRUE,FALSE,TRUE
3,196712,"p","2020-01-13 01:17:00",152.45,TRUE,152.366666666667,0.0833333333330017,FALSE,TRUE,265.579488707667,0.885264962362414,3.18695386450469,6.21142105676792,-9620.59134903985,56037.5798214592,TRUE,FALSE,TRUE
3,196712,"p","2020-01-13 01:22:00",152.533333333333,TRUE,152.45,0.0833333333330017,FALSE,TRUE,265.579603147409,0.885265343828218,3.18695523778159,5.84780451925114,-9615.74600022097,56303.8693483011,TRUE,FALSE,TRUE
3,196712,"o","2020-01-13 01:26:00",152.6,TRUE,152.533333333333,0.0666666666670039,FALSE,TRUE,212.99677982097,0.887486582582883,3.19495169729838,5.4844099044651,-9614.80729827639,56517.4685310711,TRUE,FALSE,TRUE
3,196712,"p","2020-01-13 01:27:00",152.616666666667,TRUE,152.6,0.0166666666669926,FALSE,TRUE,127.821154644587,2.13035257736812,7.66926927852524,5.24530168262354,-9719.85916170827,56591.2104533327,TRUE,FALSE,TRUE
3,196712,"p","2020-01-13 01:32:00",152.7,TRUE,152.616666666667,0.0833333333330017,FALSE,TRUE,652.719173763238,2.17573057921945,7.83263008519002,5.02583385130202,-10259.8063642647,56962.7578710871,TRUE,FALSE,TRUE
3,196712,"p","2020-01-13 01:37:00",152.783333333333,TRUE,152.7,0.0833333333330017,FALSE,TRUE,652.719591640141,2.17573197214246,7.83263509971286,5.1377291680601,-10799.7535668472,57334.3052888543,TRUE,FALSE,TRUE
3,196712,"p","2020-01-13 01:42:00",152.866666666667,TRUE,152.783333333333,0.0833333333339965,FALSE,TRUE,652.720011298842,2.17573337097882,7.83264013552377,5.2458790900131,-11339.7007694295,57705.8527066298,TRUE,FALSE,TRUE
3,196712,"p","2020-01-13 01:47:00",152.95,TRUE,152.866666666667,0.0833333333330017,FALSE,TRUE,652.720432757838,2.17573477586812,7.83264519312522,5.35402915581615,-11879.6479720121,58077.400124397,TRUE,FALSE,TRUE
3,196712,"p","2020-01-13 01:52:00",153.033333333333,TRUE,152.95,0.0833333333330017,FALSE,TRUE,652.218277454896,2.1740609248583,7.82661932948989,5.46201183980381,-12419.7752882387,58447.7974301838,TRUE,FALSE,TRUE
3,196712,"p","2020-01-13 01:57:00",153.116666666667,TRUE,153.033333333333,0.0833333333339965,FALSE,TRUE,592.172342123526,1.97390780706271,7.10606810542576,5.54997921522179,-12992.9456098925,58607.1993038483,TRUE,FALSE,TRUE
3,196712,"o","2020-01-13 02:01:00",153.183333333333,TRUE,153.116666666667,0.0666666666660092,FALSE,TRUE,471.463104226291,1.96442960096225,7.07194656346411,5.63699877315983,-13450.057783273,58731.2889486866,TRUE,FALSE,TRUE
3,196712,"p","2020-01-13 02:02:00",153.2,TRUE,153.183333333333,0.0166666666669926,FALSE,TRUE,82.4734480560671,1.37455746757424,4.94840688326727,5.66503112081345,-13508.1304243296,58672.2864921631,TRUE,FALSE,TRUE
3,196712,"p","2020-01-13 02:07:00",153.283333333333,TRUE,153.2,0.0833333333330017,FALSE,TRUE,416.079821523997,1.38693273841884,4.99295785830783,5.69430099853053,-13790.6527554028,58364.7153871634,TRUE,FALSE,TRUE
3,196712,"p","2020-01-13 02:12:00",153.366666666667,TRUE,153.283333333333,0.0833333333339965,FALSE,TRUE,416.079622715139,1.38693207570609,4.99295547254193,5.72593735218362,-14073.1750864622,58057.1442821484,TRUE,FALSE,TRUE
3,196712,"p","2020-01-13 02:17:00",153.45,TRUE,153.366666666667,0.0833333333330017,FALSE,TRUE,416.07942436249,1.38693141454715,4.99295309236974,5.7591771879021,-14355.6974175218,57749.5731771187,TRUE,FALSE,TRUE
3,196712,"p","2020-01-13 02:22:00",153.533333333333,TRUE,153.45,0.0833333333330017,FALSE,TRUE,413.986115788004,1.37995371929884,4.96783338947582,5.79014851262356,-14635.3599701294,57442.239259285,TRUE,FALSE,TRUE
3,196712,"p","2020-01-13 02:27:00",153.616666666667,TRUE,153.533333333333,0.0833333333339965,FALSE,TRUE,358.686355231908,1.19562118409684,4.30423626274864,5.80268653932989,-14390.3777893755,57178.4188556031,TRUE,FALSE,TRUE
3,196712,"p","2020-01-13 02:32:00",153.7,TRUE,153.616666666667,0.0833333333330017,FALSE,TRUE,360.454416606365,1.201514722026,4.3254529992936,5.81581387526359,-14142.5358301696,56914.8356391151,TRUE,FALSE,TRUE
3,196712,"p","2020-01-13 02:37:00",153.783333333333,TRUE,153.7,0.0833333333330017,FALSE,TRUE,360.454253983068,1.20151417994834,4.32545104781402,5.82894111235135,-13894.6938709637,56651.2524226255,TRUE,FALSE,TRUE
3,196712,"p","2020-01-13 02:42:00",153.866666666667,TRUE,153.783333333333,0.0833333333339965,FALSE,TRUE,360.454091662319,1.20151363886484,4.32544909991341,5.84254725572134,-13646.8519117581,56387.6692061352,TRUE,FALSE,TRUE
3,196712,"p","2020-01-13 02:47:00",153.95,TRUE,153.866666666667,0.0833333333330017,FALSE,TRUE,360.453929643311,1.20151309881582,4.32544715573694,5.89650285983859,-13399.0099525522,56124.085989643,TRUE,FALSE,TRUE
3,196712,"p","2020-01-13 02:52:00",154.033333333333,TRUE,153.95,0.0833333333330017,FALSE,TRUE,360.453767927169,1.20151255976201,4.32544521514324,5.95027192363485,-13151.1679933464,55860.5027731547,TRUE,FALSE,TRUE
3,196712,"p","2020-01-13 02:57:00",154.116666666667,TRUE,154.033333333333,0.0833333333339965,FALSE,TRUE,360.453606512438,1.20151202169857,4.32544327811484,6.00404093458525,-12903.3260341406,55596.9195566604,TRUE,FALSE,TRUE
3,196712,"p","2020-01-13 03:02:00",154.2,TRUE,154.116666666667,0.0833333333330017,FALSE,TRUE,360.453445402959,1.20151148468131,4.32544134485272,6.05905635550808,-12655.484074935,55333.336340169,TRUE,FALSE,TRUE
3,196712,"p","2020-01-13 03:07:00",154.283333333333,TRUE,154.2,0.0833333333330017,FALSE,TRUE,360.453284592371,1.20151094864602,4.32543941512566,5.84093855625091,-12407.642115729,55069.7531236779,TRUE,FALSE,TRUE
3,196712,"p","2020-01-13 03:12:00",154.366666666667,TRUE,154.283333333333,0.0833333333339965,FALSE,TRUE,360.453124082704,1.20151041359945,4.32543748895802,5.6205198003822,-12159.8001565231,54806.1699071916,TRUE,FALSE,TRUE
3,196712,"p","2020-01-13 03:17:00",154.45,TRUE,154.366666666667,0.0833333333330017,FALSE,TRUE,360.452963881029,1.20150987960821,4.32543556658956,5.40274756775746,-11911.9581973173,54542.5866907001,TRUE,FALSE,TRUE
3,196712,"p","2020-01-13 03:22:00",154.533333333333,TRUE,154.45,0.0833333333330017,FALSE,TRUE,360.452803977886,1.20150934659773,4.32543364775184,5.22288803465018,-11664.1162381115,54279.0034742183,TRUE,FALSE,TRUE
3,196712,"p","2020-01-13 03:27:00",154.616666666667,TRUE,154.533333333333,0.0833333333339965,FALSE,TRUE,360.452644377632,1.20150881458254,4.32543173249716,5.03965137876998,-11416.2742789058,54015.4202577247,TRUE,FALSE,TRUE
3,196712,"p","2020-01-13 03:32:00",154.7,TRUE,154.616666666667,0.0833333333330017,FALSE,TRUE,360.452485080236,1.20150828360557,4.32542982098004,4.8642764768133,-11168.4323196998,53751.8370412356,TRUE,FALSE,TRUE
3,196712,"p","2020-01-13 03:37:00",154.783333333333,TRUE,154.7,0.0833333333330017,FALSE,TRUE,360.452326084631,1.20150775362022,4.32542791303279,4.89621033467812,-10920.5903604941,53488.2538247389,TRUE,FALSE,TRUE
3,196712,"o","2020-01-13 03:42:00",154.866666666667,TRUE,154.783333333333,0.0833333333339965,FALSE,TRUE,357.97010729003,1.19323369095727,4.29564128744618,4.92700739766952,-10675.5296276839,53225.4832423914,TRUE,FALSE,TRUE
3,196712,"p","2020-01-13 03:47:00",154.95,TRUE,154.866666666667,0.0833333333330017,FALSE,TRUE,287.225662218367,0.957418874065032,3.44670794663411,4.93422294102588,-10940.7027486909,53111.7956138565,TRUE,FALSE,TRUE
3,196712,"p","2020-01-13 03:52:00",155.033333333333,TRUE,154.95,0.0833333333330017,FALSE,TRUE,289.454868763598,0.964849562549167,3.473458425177,4.942181515244,-11208.6570960936,52998.9206194589,TRUE,FALSE,TRUE
3,196712,"p","2020-01-13 03:57:00",155.116666666667,TRUE,155.033333333333,0.0833333333339965,FALSE,TRUE,289.454822045805,0.964849406811671,3.47345786452202,4.95014003586076,-11476.6114434963,52886.0456250626,TRUE,FALSE,TRUE
3,196712,"p","2020-01-13 04:02:00",155.2,TRUE,155.116666666667,0.0833333333330017,FALSE,TRUE,287.450076853318,0.958166922848204,3.44940092225354,4.95743027001637,-11742.7768852332,52774.110679636,TRUE,FALSE,TRUE
3,196712,"p","2020-01-13 04:07:00",155.283333333333,TRUE,155.2,0.0833333333330017,FALSE,TRUE,86.3259192910651,0.287753064304695,1.0359110314969,4.8976790802106,-11680.7560874334,52834.633757659,TRUE,FALSE,TRUE
3,196712,"p","2020-01-13 04:12:00",155.366666666667,TRUE,155.283333333333,0.0833333333339965,FALSE,TRUE,88.2561124362043,0.294187041451673,1.05907334922602,4.83857124997295,-11616.9463839677,52896.0968846413,TRUE,FALSE,TRUE
3,196712,"p","2020-01-13 04:17:00",155.45,TRUE,155.366666666667,0.0833333333330017,FALSE,TRUE,88.256120699154,0.294187068998351,1.05907344839406,4.77924129861449,-11553.136680502,52957.5600116362,TRUE,FALSE,TRUE
3,196712,"p","2020-01-13 04:22:00",155.533333333333,TRUE,155.45,0.0833333333330017,FALSE,TRUE,88.25612896261,0.294187096543204,1.05907354755553,4.595624750532,-11489.3269770363,53019.0231386239,TRUE,FALSE,TRUE
3,196712,"p","2020-01-13 04:27:00",155.616666666667,TRUE,155.533333333333,0.0833333333339965,FALSE,TRUE,88.2561372308939,0.294187124100639,1.0590736467623,4.40747040502012,-11425.5172735705,53080.4862656147,TRUE,FALSE,TRUE
3,196712,"p","2020-01-13 04:32:00",155.7,TRUE,155.616666666667,0.0833333333330017,FALSE,TRUE,88.2561455055504,0.294187151686339,1.05907374607082,4.21931592297451,-11361.7075701049,53141.9493925997,TRUE,FALSE,TRUE
3,196712,"p","2020-01-13 04:37:00",155.783333333333,TRUE,155.7,0.0833333333330017,FALSE,TRUE,88.2561537840536,0.294187179281349,1.05907384541286,4.03116130380476,-11297.8978666392,53203.412519591,TRUE,FALSE,TRUE
3,196712,"p","2020-01-13 04:42:00",155.866666666667,TRUE,155.783333333333,0.0833333333339965,FALSE,TRUE,88.2561620630563,0.294187206874513,1.05907394474825,3.8430065469054,-11234.0881631736,53264.875646583,TRUE,FALSE,TRUE
3,196712,"p","2020-01-13 04:47:00",155.95,TRUE,155.866666666667,0.0833333333330017,FALSE,TRUE,88.2561703517724,0.294187234507079,1.05907404422548,3.65501917787028,-11170.2784597079,53326.338773571,TRUE,FALSE,TRUE
3,196712,"p","2020-01-13 04:52:00",156.033333333333,TRUE,155.95,0.0833333333330017,FALSE,TRUE,88.2561786440567,0.294187262148026,1.05907414373289,3.48704712337881,-11106.4687562422,53387.8019005639,TRUE,FALSE,TRUE
3,196712,"p","2020-01-13 04:57:00",156.116666666667,TRUE,156.033333333333,0.0833333333339965,FALSE,TRUE,88.2561869380878,0.294187289791285,1.05907424324863,3.32002289226171,-11042.6590527764,53449.2650275495,TRUE,FALSE,TRUE
3,196712,"p","2020-01-13 05:02:00",156.2,TRUE,156.116666666667,0.0833333333330017,FALSE,TRUE,88.2561952375038,0.294187317459516,1.05907434285426,3.21198587725024,-10978.8493493107,53510.7281545484,TRUE,FALSE,TRUE
3,196712,"p","2020-01-13 05:07:00",156.283333333333,TRUE,156.2,0.0833333333330017,FALSE,TRUE,88.2562035427136,0.294187345143549,1.05907444251678,3.10271133792271,-10915.039645845,53572.1912815326,TRUE,FALSE,TRUE
3,196712,"p","2020-01-13 05:12:00",156.366666666667,TRUE,156.283333333333,0.0833333333339965,FALSE,TRUE,88.2562118505069,0.294187372832682,1.05907454219766,2.99343686763537,-10851.2299423793,53633.6544085214,TRUE,FALSE,TRUE
3,196712,"p","2020-01-13 05:17:00",156.45,TRUE,156.366666666667,0.0833333333330017,FALSE,TRUE,92.7600306521394,0.309200102175028,1.1131203678301,2.88566373639816,-10782.4348194033,53696.4166803906,TRUE,FALSE,TRUE
3,196712,"p","2020-01-13 05:22:00",156.533333333333,TRUE,156.45,0.0833333333330017,FALSE,TRUE,1023.72763310146,3.4124254436851,12.2847315972663,3.08891090883678,-9799.03245203583,53997.5154275167,TRUE,FALSE,TRUE
3,196712,"o","2020-01-13 05:24:00",156.566666666667,TRUE,156.533333333333,0.0333333333340136,FALSE,TRUE,405.648417476956,3.38040347890565,12.1694525240604,3.30738913831766,-9409.30048950738,54116.6214811788,TRUE,FALSE,TRUE
3,196712,"p","2020-01-13 05:27:00",156.616666666667,TRUE,156.566666666667,0.0499999999999829,FALSE,TRUE,35.3106524088877,0.196170291160554,0.706213048177994,3.20685469523112,-9436.35449285802,54093.7113891262,TRUE,FALSE,TRUE
3,196712,"p","2020-01-13 05:32:00",156.7,TRUE,156.616666666667,0.0833333333330017,FALSE,TRUE,68.0555869023125,0.226851956341944,0.816667042831,3.10938847287048,-9490.81641881345,54052.4393971682,TRUE,FALSE,TRUE
3,196712,"p","2020-01-13 05:37:00",156.783333333333,TRUE,156.7,0.0833333333330017,FALSE,TRUE,68.0555826126991,0.226851942043233,0.816666991355639,3.01192230318832,-9545.27834476878,54011.167405205,TRUE,FALSE,TRUE
3,196712,"o","2020-01-13 05:40:00",156.833333333333,TRUE,156.783333333333,0.0500000000000114,FALSE,TRUE,43.2412259066965,0.240229032814926,0.864824518133733,2.91579389658823,-9580.0731513408,53985.1965819846,TRUE,FALSE,TRUE
3,196712,"p","2020-01-13 05:42:00",156.866666666667,TRUE,156.833333333333,0.0333333333339851,FALSE,TRUE,204.658653861541,1.70548878214616,6.13975961572616,2.96619151882665,-9756.83306485471,53880.3104615318,TRUE,FALSE,TRUE
3,196712,"p","2020-01-13 05:47:00",156.95,TRUE,156.866666666667,0.0833333333330017,FALSE,TRUE,517.71386592418,1.7257128864208,6.21256639111489,3.01861160529887,-10204.0269761365,53615.0760903116,TRUE,FALSE,TRUE
3,196712,"p","2020-01-13 05:52:00",157.033333333333,TRUE,156.95,0.0833333333330017,FALSE,TRUE,517.713660712364,1.72571220238141,6.21256392857309,3.07103167706888,-10651.2208874185,53349.8417190862,TRUE,FALSE,TRUE
3,196712,"p","2020-01-13 05:57:00",157.116666666667,TRUE,157.033333333333,0.0833333333339965,FALSE,TRUE,517.713456403307,1.72571152133062,6.21256147679024,3.12345173433734,-11098.4147987003,53084.6073478638,TRUE,FALSE,TRUE
3,196712,"p","2020-01-13 06:02:00",157.2,TRUE,157.116666666667,0.0833333333330017,FALSE,TRUE,517.713252995508,1.72571084332523,6.21255903597082,3.17587177730992,-11545.6087099823,52819.3729766349,TRUE,FALSE,TRUE
3,196712,"p","2020-01-13 06:07:00",157.283333333333,TRUE,157.2,0.0833333333330017,FALSE,TRUE,517.71305048992,1.7257101683066,6.21255660590376,3.22829180617976,-11992.8026212642,52554.1386054194,TRUE,FALSE,TRUE
3,196712,"p","2020-01-13 06:12:00",157.366666666667,TRUE,157.283333333333,0.0833333333339965,FALSE,TRUE,517.712848883123,1.72570949626334,6.21255418654803,3.28071182114632,-12439.9965325461,52288.9042341863,TRUE,FALSE,TRUE
3,196712,"p","2020-01-13 06:17:00",157.45,TRUE,157.366666666667,0.0833333333330017,FALSE,TRUE,517.712648177447,1.72570882726502,6.21255177815408,3.33313182241457,-12887.190443828,52023.6698629731,TRUE,FALSE,TRUE
3,196712,"p","2020-01-13 06:22:00",157.533333333333,TRUE,157.45,0.0833333333330017,FALSE,TRUE,517.712448375776,1.72570816125945,6.21254938053403,3.38555181017995,-13334.38435511,51758.4354917463,TRUE,FALSE,TRUE
3,196712,"p","2020-01-13 06:27:00",157.616666666667,TRUE,157.533333333333,0.0833333333339965,FALSE,TRUE,517.712249474048,1.72570749823309,6.21254699363914,3.43797178464124,-13781.5782663918,51493.2011205212,TRUE,FALSE,TRUE
3,196712,"p","2020-01-13 06:32:00",157.7,TRUE,157.616666666667,0.0833333333330017,FALSE,TRUE,517.712051473817,1.72570683825292,6.21254461771052,3.49121909937081,-14228.7721776738,51227.9667493019,TRUE,FALSE,TRUE
3,196712,"p","2020-01-13 06:37:00",157.783333333333,TRUE,157.7,0.0833333333330017,FALSE,TRUE,517.711854373734,1.72570618125265,6.21254225250952,3.56804783008957,-14675.9660889557,50962.7323780791,TRUE,FALSE,TRUE
3,196712,"p","2020-01-13 06:42:00",157.866666666667,TRUE,157.783333333333,0.0833333333339965,FALSE,TRUE,517.711658145259,1.72570552713713,6.21253989769367,3.64413342654836,-15123.1600002125,50697.498006871,TRUE,FALSE,TRUE
3,196712,"o","2020-01-13 06:43:00",157.883333333333,TRUE,157.866666666667,0.0166666666660262,FALSE,TRUE,100.021985628531,1.6670330938729,6.00131913794244,3.71435179525449,-15209.7446430563,50646.569509611,TRUE,FALSE,TRUE
3,196712,"p","2020-01-13 06:47:00",157.95,TRUE,157.883333333333,0.0666666666669755,FALSE,TRUE,117.696783242471,0.490403263508023,1.76545174862888,3.66757542932047,-15146.8991124913,50746.5569379695,TRUE,FALSE,TRUE
3,196712,"p","2020-01-13 06:52:00",158.033333333333,TRUE,157.95,0.0833333333330017,FALSE,TRUE,151.253091152115,0.504176970509057,1.8150370938326,3.68921781994091,-15064.7745249881,50874.1891946765,TRUE,FALSE,TRUE
3,196712,"p","2020-01-13 06:57:00",158.116666666667,TRUE,158.033333333333,0.0833333333339965,FALSE,TRUE,151.253120585466,0.504177068614208,1.81503744701115,3.71021682265716,-14982.6499374849,51001.821451382,TRUE,FALSE,TRUE
3,196712,"p","2020-01-13 07:02:00",158.2,TRUE,158.116666666667,0.0833333333330017,FALSE,TRUE,151.253150041149,0.504177166805837,1.81503780050101,3.73121583243791,-14900.5253499815,51129.45370809,TRUE,FALSE,TRUE
3,196712,"o","2020-01-13 07:05:00",158.25,TRUE,158.2,0.0500000000000114,FALSE,TRUE,89.0016196403466,0.494453442446258,1.78003239280653,3.75124246702821,-14852.4961851651,51204.744542109,TRUE,FALSE,TRUE
3,196712,"p","2020-01-13 07:07:00",158.283333333333,TRUE,158.25,0.0333333333329904,FALSE,TRUE,72.2949081396867,0.602457567836921,2.16884724421292,3.78206951140184,-14910.8016585422,51161.5002395082,TRUE,FALSE,TRUE
3,196712,"p","2020-01-13 07:12:00",158.366666666667,TRUE,158.283333333333,0.0833333333339965,FALSE,TRUE,185.142053160033,0.617140177195199,2.22170463790272,3.81436481395273,-15059.6793111986,51050.1681829952,TRUE,FALSE,TRUE
3,196712,"o","2020-01-13 07:15:00",158.416666666667,TRUE,158.366666666667,0.0500000000000114,FALSE,TRUE,109.871232024499,0.6103957334693,2.19742464048948,3.84598566937152,-15148.1953243078,50984.3201550534,TRUE,FALSE,TRUE
3,196712,"p","2020-01-13 07:17:00",158.45,TRUE,158.416666666667,0.0333333333329904,FALSE,TRUE,25.008739260102,0.208406160502994,0.750262177810778,3.83740756473437,-15148.4261684127,51009.3990299538,TRUE,FALSE,TRUE
3,196712,"p","2020-01-13 07:22:00",158.533333333333,TRUE,158.45,0.0833333333330017,FALSE,TRUE,64.9064695437993,0.216354898480192,0.77887763452869,3.82962433113168,-15146.9768324621,51074.4742321014,TRUE,FALSE,TRUE
3,196712,"p","2020-01-13 07:27:00",158.616666666667,TRUE,158.533333333333,0.0833333333339965,FALSE,TRUE,64.9064762441554,0.21635492081213,0.778877714923666,3.82184109699809,-15145.5274965121,51139.5494342703,TRUE,FALSE,TRUE
3,196712,"p","2020-01-13 07:32:00",158.7,TRUE,158.616666666667,0.0833333333330017,FALSE,TRUE,64.9064829403299,0.216354943135294,0.778877795287058,3.81405786233249,-15144.0781605619,51204.6246364278,TRUE,FALSE,TRUE
3,196712,"p","2020-01-13 07:37:00",158.783333333333,TRUE,158.7,0.0833333333330017,FALSE,TRUE,64.9064896436021,0.216354965479534,0.778877875726324,3.80627462713449,-15142.6288246117,51269.6998385871,TRUE,FALSE,TRUE
3,196712,"p","2020-01-13 07:42:00",158.866666666667,TRUE,158.783333333333,0.0833333333339965,FALSE,TRUE,64.9064963455026,0.21635498781662,0.778877956139833,3.7984913914018,-15141.1794886615,51334.7750407449,TRUE,FALSE,TRUE
3,196712,"p","2020-01-13 07:47:00",158.95,TRUE,158.866666666667,0.0833333333330017,FALSE,TRUE,64.9065030474438,0.216355010159007,0.778878036572425,3.79070815513443,-15139.7301527114,51399.8502428917,TRUE,FALSE,TRUE
3,196712,"p","2020-01-13 07:52:00",159.033333333333,TRUE,158.95,0.0833333333330017,FALSE,TRUE,64.9065097564828,0.21635503252247,0.778878117080892,3.78142364816918,-15138.2808167615,51464.9254450542,TRUE,FALSE,TRUE
3,196712,"o","2020-01-13 07:57:00",159.116666666667,TRUE,159.033333333333,0.0833333333339965,FALSE,TRUE,60.6976298106586,0.202325432700585,0.728371557722106,3.46041364707073,-15138.3293546245,51525.795808818,TRUE,FALSE,TRUE
3,196712,"p","2020-01-13 08:02:00",159.2,TRUE,159.116666666667,0.0833333333330017,FALSE,TRUE,759.479606256694,2.53159868753239,9.11375527511659,3.3755331679334,-15413.1724685394,50815.2615494806,TRUE,FALSE,TRUE
3,196712,"p","2020-01-13 08:07:00",159.283333333333,TRUE,159.2,0.0833333333330017,FALSE,TRUE,763.92716677395,2.54642388925663,9.16712600132388,3.61055852774301,-15689.5134562676,50100.5224517393,TRUE,FALSE,TRUE
3,196712,"p","2020-01-13 08:12:00",159.366666666667,TRUE,159.283333333333,0.0833333333339965,FALSE,TRUE,763.926324361554,2.54642108118492,9.1671158922657,3.84251544022731,-15965.8544439956,49385.7833540036,TRUE,FALSE,TRUE
3,196712,"p","2020-01-13 08:17:00",159.45,TRUE,159.366666666667,0.0833333333330017,FALSE,TRUE,763.925484803828,2.54641828268956,9.16710581768241,4.07447207429194,-16242.1954317239,48671.0442562627,TRUE,FALSE,TRUE
3,196712,"p","2020-01-13 08:22:00",159.533333333333,TRUE,159.45,0.0833333333330017,FALSE,TRUE,763.924648107635,2.54641549370225,9.16709577732809,4.30509072038067,-16518.5364194521,47956.3051585259,TRUE,FALSE,TRUE
3,196712,"o","2020-01-13 08:25:00",159.583333333333,TRUE,159.533333333333,0.0500000000000114,FALSE,TRUE,455.205947219073,2.52892192899428,9.10411894437939,4.38743403506548,-16680.6444345273,47529.431186317,TRUE,FALSE,TRUE
3,196712,"p","2020-01-13 08:27:00",159.616666666667,TRUE,159.583333333333,0.0333333333339851,FALSE,TRUE,212.923459910425,1.77436216588551,6.38770379718784,4.39229896301195,-16520.6557822809,47387.667626439,TRUE,FALSE,TRUE
3,196712,"p","2020-01-13 08:32:00",159.7,TRUE,159.616666666667,0.0833333333330017,FALSE,TRUE,536.015940256748,1.78671980086293,6.43219128310656,4.39839972286011,-16111.4427077946,47038.1824428157,TRUE,FALSE,TRUE
3,196712,"o","2020-01-13 08:33:00",159.716666666667,TRUE,159.7,0.016666666667021,FALSE,TRUE,104.327721993965,1.73879536652912,6.25966331950484,4.39970810737996,-16033.5556344988,46968.1591010464,TRUE,FALSE,TRUE
3,196712,"p","2020-01-13 08:37:00",159.783333333333,TRUE,159.716666666667,0.0666666666659808,FALSE,TRUE,391.272247824094,1.63030103261716,5.86908371742179,4.39016712630915,-16289.094125429,46669.957994672,TRUE,FALSE,TRUE
3,196712,"p","2020-01-13 08:42:00",159.866666666667,TRUE,159.783333333333,0.0833333333339965,FALSE,TRUE,492.421520312994,1.64140506769692,5.90905824370891,4.38173661624818,-16613.4616661462,46297.0487304125,TRUE,FALSE,TRUE
3,196712,"o","2020-01-13 08:45:00",159.916666666667,TRUE,159.866666666667,0.0500000000000114,FALSE,TRUE,294.578423879979,1.63654679933285,5.89156847759824,4.37282034655513,-16807.6073963747,46074.0530168602,TRUE,FALSE,TRUE
3,196712,"p","2020-01-13 08:47:00",159.95,TRUE,159.916666666667,0.0333333333329904,FALSE,TRUE,133.336062063389,1.11113385053967,4.00008186194282,4.3113628488826,-16902.6077525844,45979.764896156,TRUE,FALSE,TRUE
3,196712,"p","2020-01-13 08:52:00",160.033333333333,TRUE,159.95,0.0833333333330017,FALSE,TRUE,331.184734844337,1.10394911615218,3.97421681814785,4.24918694437187,-17138.9216576039,45745.9192069066,TRUE,FALSE,TRUE
3,196712,"o","2020-01-13 08:54:00",160.066666666667,TRUE,160.033333333333,0.0333333333340136,FALSE,TRUE,128.366022392689,1.06971685325058,3.85098067170209,4.18358787987362,-17236.9298407367,45662.2303292979,TRUE,FALSE,TRUE
3,196712,"o","2020-01-13 08:55:00",160.083333333333,TRUE,160.066666666667,0.0166666666659978,FALSE,TRUE,341.063976322187,5.68439960559791,20.4638385801525,4.57945715660812,-17405.2611482924,45960.1591373373,TRUE,FALSE,TRUE
3,196712,"p","2020-01-13 08:57:00",160.116666666667,TRUE,160.083333333333,0.0333333333339851,FALSE,TRUE,152.009566055915,1.26674638377452,4.56028698158828,4.5335611768603,-17419.7588013886,45808.4035213697,TRUE,FALSE,TRUE
3,196712,"p","2020-01-13 09:02:00",160.2,TRUE,160.116666666667,0.0833333333330017,FALSE,TRUE,405.924297797269,1.35308099266295,4.87109157358661,4.49629872341289,-17444.443566417,45402.065748849,TRUE,FALSE,TRUE
3,196712,"p","2020-01-13 09:07:00",160.283333333333,TRUE,160.2,0.0833333333330017,FALSE,TRUE,405.924042970729,1.35308014324115,4.87108851566813,4.46490342834971,-17469.1283314453,44995.7279763286,TRUE,FALSE,TRUE
3,196712,"p","2020-01-13 09:12:00",160.366666666667,TRUE,160.283333333333,0.0833333333339965,FALSE,TRUE,405.923788568974,1.35307929521914,4.87108546278892,4.55117103152082,-17493.8130964737,44589.390203803,TRUE,FALSE,TRUE
3,196712,"p","2020-01-13 09:17:00",160.45,TRUE,160.366666666667,0.0833333333330017,FALSE,TRUE,405.923534600473,1.35307844867363,4.87108241522506,4.63606117933728,-17518.497861502,44183.052431278,TRUE,FALSE,TRUE
3,196712,"p","2020-01-13 09:22:00",160.533333333333,TRUE,160.45,0.0833333333330017,FALSE,TRUE,405.923281055404,1.3530776035234,4.87107937268423,4.7209512328282,-17543.1826265305,43776.7146587628,TRUE,FALSE,TRUE
3,196712,"p","2020-01-13 09:27:00",160.616666666667,TRUE,160.533333333333,0.0833333333339965,FALSE,TRUE,405.923027940815,1.35307675979195,4.87107633525102,4.80584119212681,-17567.8673915586,43370.3768862369,TRUE,FALSE,TRUE
3,196712,"p","2020-01-13 09:32:00",160.7,TRUE,160.616666666667,0.0833333333330017,FALSE,TRUE,405.922775248318,1.35307591749978,4.8710733029992,4.89170343963216,-17592.5521565869,42964.0391137218,TRUE,FALSE,TRUE
3,196712,"p","2020-01-13 09:37:00",160.783333333333,TRUE,160.7,0.0833333333330017,FALSE,TRUE,405.922522987781,1.35307507663132,4.87107027587275,4.9667651905116,-17617.2369216151,42557.7013411846,TRUE,FALSE,TRUE
3,196712,"o","2020-01-13 09:39:00",160.816666666667,TRUE,160.783333333333,0.0333333333340136,FALSE,TRUE,162.369342351213,1.35307785289916,4.87108027043699,5.040358958082,-17629.0066481781,42395.2915773486,TRUE,FALSE,TRUE
3,196712,"p","2020-01-13 09:42:00",160.866666666667,TRUE,160.816666666667,0.0499999999999829,FALSE,TRUE,319.731571555517,1.77628650864237,6.39463143111251,5.1569480355993,-17852.8769487008,42165.311208988,TRUE,FALSE,TRUE
3,196712,"p","2020-01-13 09:47:00",160.95,TRUE,160.866666666667,0.0833333333330017,FALSE,TRUE,534.932955132975,1.78310985045035,6.41919546162124,5.31441840459404,-18229.1538171581,41782.2195036694,TRUE,FALSE,TRUE
3,196712,"p","2020-01-13 09:52:00",161.033333333333,TRUE,160.95,0.0833333333330017,FALSE,TRUE,534.93266533265,1.78310888444926,6.41919198401734,5.47109380319095,-18605.4306856151,41399.1277983582,TRUE,FALSE,TRUE
3,196712,"p","2020-01-13 09:57:00",161.116666666667,TRUE,161.033333333333,0.0833333333339965,FALSE,TRUE,534.932376512207,1.78310792169317,6.4191885180954,5.62776910327905,-18981.7075540674,41016.0360930542,TRUE,FALSE,TRUE
3,196712,"o","2020-01-13 09:58:00",161.133333333333,TRUE,161.116666666667,0.0166666666660262,FALSE,TRUE,105.488404474741,1.75814007464658,6.3293042687277,5.78194761643018,-19056.4090596647,40940.9829098117,TRUE,FALSE,TRUE
3,196712,"p","2020-01-13 10:02:00",161.2,TRUE,161.133333333333,0.0666666666669755,FALSE,TRUE,231.071465325625,0.962797772185645,3.46607197986832,5.85659189710079,-19275.8097041293,40865.1592511009,TRUE,FALSE,TRUE
3,196712,"p","2020-01-13 10:07:00",161.283333333333,TRUE,161.2,0.0833333333330017,FALSE,TRUE,287.554466365914,0.958514887890193,3.45065359640469,5.93080788710815,-19549.3681745866,40772.3361250016,TRUE,FALSE,TRUE
3,196712,"o","2020-01-13 10:10:00",161.333333333333,TRUE,161.283333333333,0.0500000000000114,FALSE,TRUE,171.958483048893,0.955324905826966,3.43916966097708,6.00470487667494,-19712.2724858246,40714.8570235344,TRUE,FALSE,TRUE
3,196712,"p","2020-01-13 10:12:00",161.366666666667,TRUE,161.333333333333,0.0333333333339851,FALSE,TRUE,168.402167359176,1.40335139463236,5.05206502067649,6.12340451288593,-19731.6248861089,40547.0803599241,TRUE,FALSE,TRUE
3,196712,"p","2020-01-13 10:17:00",161.45,TRUE,161.366666666667,0.0833333333330017,FALSE,TRUE,425.09102226557,1.4169700742242,5.10109226720713,6.24486897703829,-19776.9289592287,40123.1756364006,TRUE,FALSE,TRUE
3,196712,"p","2020-01-13 10:22:00",161.533333333333,TRUE,161.45,0.0833333333330017,FALSE,TRUE,425.090751131225,1.41696917044306,5.101089013595,6.13340602532936,-19822.2330323481,39699.2709128758,TRUE,FALSE,TRUE
3,196712,"p","2020-01-13 10:27:00",161.616666666667,TRUE,161.533333333333,0.0833333333339965,FALSE,TRUE,425.090480487931,1.41696826828183,5.10108576581458,6.02046046323188,-19867.5371054681,39275.3661893508,TRUE,FALSE,TRUE
3,196712,"p","2020-01-13 10:32:00",161.7,TRUE,161.616666666667,0.0833333333330017,FALSE,TRUE,425.090210334212,1.41696736778634,5.10108252403084,5.90751509189202,-19912.8411785879,38851.4614658298,TRUE,FALSE,TRUE
3,196712,"o","2020-01-13 10:35:00",161.75,TRUE,161.7,0.0500000000000114,FALSE,TRUE,254.389419000546,1.41327455000271,5.08778838000975,5.79420071862334,-19940.9498741334,38597.8894619861,TRUE,FALSE,TRUE
3,196712,"p","2020-01-13 10:37:00",161.783333333333,TRUE,161.75,0.0333333333329904,FALSE,TRUE,141.560143387834,1.17966786157742,4.24680430167871,5.65752595541086,-20026.8569816362,38484.7389135919,TRUE,FALSE,TRUE
3,196712,"p","2020-01-13 10:42:00",161.866666666667,TRUE,161.783333333333,0.0833333333339965,FALSE,TRUE,353.773283254288,1.17924427750491,4.24527939901767,5.52255819026192,-20243.9403795781,38203.7896183092,TRUE,FALSE,TRUE
3,196712,"p","2020-01-13 10:47:00",161.95,TRUE,161.866666666667,0.0833333333330017,FALSE,TRUE,353.773143526665,1.17924381176024,4.24527772233687,5.46304635484939,-20461.02377752,37922.8403230242,TRUE,FALSE,TRUE
3,196712,"p","2020-01-13 10:52:00",162.033333333333,TRUE,161.95,0.0833333333330017,FALSE,TRUE,353.773004086343,1.17924334695917,4.24527604905301,5.40229870945902,-20678.1071754619,37641.8910277273,TRUE,FALSE,TRUE
3,196712,"p","2020-01-13 10:57:00",162.116666666667,TRUE,162.033333333333,0.0833333333339965,FALSE,TRUE,353.772864924933,1.17924288307373,4.24527437906542,5.34634346111348,-20895.1905734037,37360.9417324548,TRUE,FALSE,TRUE
3,196712,"p","2020-01-13 11:02:00",162.2,TRUE,162.116666666667,0.0833333333330017,FALSE,TRUE,353.772726054569,1.17924242018659,4.24527271267172,5.30123759987042,-21112.2739713458,37079.9924371542,TRUE,FALSE,TRUE
3,196712,"p","2020-01-13 11:07:00",162.283333333333,TRUE,162.2,0.0833333333330017,FALSE,TRUE,353.772587468509,1.17924195823305,4.24527104963899,5.25502128892403,-21329.3573692876,36799.0431418716,TRUE,FALSE,TRUE
3,196712,"p","2020-01-13 11:12:00",162.366666666667,TRUE,162.283333333333,0.0833333333339965,FALSE,TRUE,353.772449164631,1.17924149720605,4.24526938994179,5.20929075871135,-21546.4407672295,36518.0938465844,TRUE,FALSE,TRUE
3,196712,"p","2020-01-13 11:17:00",162.45,TRUE,162.366666666667,0.0833333333330017,FALSE,TRUE,353.772311159518,1.17924103720308,4.2452677339311,5.21610147737769,-21763.524165154,36237.1445512669,TRUE,FALSE,TRUE
3,196712,"o","2020-01-13 11:18:00",162.466666666667,TRUE,162.45,0.016666666667021,FALSE,TRUE,71.7527606714374,1.19587934449853,4.30516564019472,5.22529450021233,-21804.9760205561,36178.2675746842,TRUE,FALSE,TRUE
3,196712,"p","2020-01-13 11:22:00",162.533333333333,TRUE,162.466666666667,0.0666666666659808,FALSE,TRUE,629.624662118008,2.62343609218536,9.44436993186729,5.38066642410581,-21689.0961438175,35557.5206827969,TRUE,FALSE,TRUE
3,196712,"p","2020-01-13 11:27:00",162.616666666667,TRUE,162.533333333333,0.0833333333339965,FALSE,TRUE,790.772403884664,2.6359080129279,9.48926884654045,5.07581726483881,-21541.79026764,34778.2281709922,TRUE,FALSE,TRUE
3,196712,"p","2020-01-13 11:32:00",162.7,TRUE,162.616666666667,0.0833333333330017,FALSE,TRUE,790.771473076178,2.63590491026441,9.48925767695189,5.2127331174878,-21394.4843914621,33998.9356591797,TRUE,FALSE,TRUE
3,196712,"p","2020-01-13 11:37:00",162.783333333333,TRUE,162.7,0.0833333333330017,FALSE,TRUE,790.770545431457,2.63590181811534,9.48924654521524,5.34101520003304,-21247.1785152842,33219.6431473788,TRUE,FALSE,TRUE
3,196712,"p","2020-01-13 11:42:00",162.866666666667,TRUE,162.783333333333,0.0833333333339965,FALSE,TRUE,790.769620949248,2.63589873647652,9.48923545131546,5.46929705935657,-21099.8726391064,32440.3506355666,TRUE,FALSE,TRUE
3,196712,"o","2020-01-13 11:44:00",162.9,TRUE,162.866666666667,0.0333333333330188,FALSE,TRUE,312.261474447133,2.60217895375067,9.3678442335024,5.59420702520972,-21041.6637345104,32132.6286129978,TRUE,FALSE,TRUE
3,196712,"p","2020-01-13 11:47:00",162.95,TRUE,162.9,0.0499999999999829,FALSE,TRUE,28.6356311400711,0.159086839667116,0.572712622801617,5.47480786430907,-21031.9546361174,32105.5951900931,TRUE,FALSE,TRUE
3,196712,"p","2020-01-13 11:52:00",163.033333333333,TRUE,162.95,0.0833333333330017,FALSE,TRUE,41.0923391758367,0.136974463920001,0.493108070112002,5.35319755034873,-21016.9618819207,32067.1977888236,TRUE,FALSE,TRUE
3,196712,"p","2020-01-13 11:57:00",163.116666666667,TRUE,163.033333333333,0.0833333333339965,FALSE,TRUE,41.0923367773742,0.13697445592349,0.493108041324566,5.23158731996189,-21001.9691277241,32028.8003875594,TRUE,FALSE,TRUE
3,196712,"p","2020-01-13 12:02:00",163.2,TRUE,163.116666666667,0.0833333333330017,FALSE,TRUE,41.0923343805386,0.136974447935674,0.493108012568425,5.10997717300548,-20986.9763735274,31990.4029862917,TRUE,FALSE,TRUE
3,196712,"p","2020-01-13 12:07:00",163.283333333333,TRUE,163.2,0.0833333333330017,FALSE,TRUE,41.0923319774832,0.136974439925489,0.49310798373176,4.98836710933489,-20971.9836193309,31952.0055850305,TRUE,FALSE,TRUE
3,196712,"p","2020-01-13 12:12:00",163.366666666667,TRUE,163.283333333333,0.0833333333339965,FALSE,TRUE,41.0923295854232,0.13697443195032,0.493107955021154,4.86675676724001,-20956.9908651341,31913.6081837668,TRUE,FALSE,TRUE
3,196712,"p","2020-01-13 12:17:00",163.45,TRUE,163.366666666667,0.0833333333330017,FALSE,TRUE,41.0923271895785,0.136974423965807,0.493107926276904,4.70282555877235,-20941.9981109376,31875.2107825058,TRUE,FALSE,TRUE
3,196712,"p","2020-01-13 12:22:00",163.533333333333,TRUE,163.45,0.0833333333330017,FALSE,TRUE,41.0923247929929,0.136974415977188,0.493107897517877,4.53821201532504,-20927.0053567409,31836.8133812361,TRUE,FALSE,TRUE
3,196712,"p","2020-01-13 12:27:00",163.616666666667,TRUE,163.533333333333,0.0833333333339965,FALSE,TRUE,41.0923223953282,0.136974407983337,0.493107868740014,4.37359856767845,-20912.0126025442,31798.4159799727,TRUE,FALSE,TRUE
3,196712,"p","2020-01-13 12:32:00",163.7,TRUE,163.616666666667,0.0833333333330017,FALSE,TRUE,41.0923200031797,0.136974400011144,0.493107840040118,4.20898521551024,-20897.0198483479,31760.0185787161,TRUE,FALSE,TRUE
3,196712,"p","2020-01-13 12:37:00",163.783333333333,TRUE,163.7,0.0833333333330017,FALSE,TRUE,41.0923176064004,0.13697439202188,0.493107811278767,4.04686864724777,-20882.0270941511,31721.6211774482,TRUE,FALSE,TRUE
3,196712,"p","2020-01-13 12:42:00",163.866666666667,TRUE,163.783333333333,0.0833333333339965,FALSE,TRUE,41.0923152111801,0.136974384036177,0.493107782530237,3.96428630843283,-20867.0343399542,31683.2237761795,TRUE,FALSE,TRUE
3,196712,"p","2020-01-13 12:47:00",163.95,TRUE,163.866666666667,0.0833333333330017,FALSE,TRUE,41.0923128201567,0.136974376067734,0.493107753843843,3.88213225725058,-20852.0415857577,31644.8263749232,TRUE,FALSE,TRUE
3,196712,"p","2020-01-13 12:52:00",164.033333333333,TRUE,163.95,0.0833333333330017,FALSE,TRUE,41.0923104256187,0.136974368085941,0.493107725109387,3.80029720347648,-20837.0488315611,31606.4289736573,TRUE,FALSE,TRUE
3,196712,"p","2020-01-13 12:57:00",164.116666666667,TRUE,164.033333333333,0.0833333333339965,FALSE,TRUE,41.0923080340937,0.136974360112555,0.4931076964052,3.6736595000245,-20822.0560773645,31568.0315723914,TRUE,FALSE,TRUE
3,196712,"p","2020-01-13 13:02:00",164.2,TRUE,164.116666666667,0.0833333333330017,FALSE,TRUE,41.0923056389863,0.136974352130499,0.493107667669798,3.54565992781513,-20807.0633231679,31529.6341711313,TRUE,FALSE,TRUE
3,196712,"p","2020-01-13 13:07:00",164.283333333333,TRUE,164.2,0.0833333333330017,FALSE,TRUE,41.0923032455728,0.136974344152454,0.493107638948836,3.41766044518607,-20792.0705689711,31491.2367698663,TRUE,FALSE,TRUE
3,196712,"p","2020-01-13 13:12:00",164.366666666667,TRUE,164.283333333333,0.0833333333339965,FALSE,TRUE,41.0923008590615,0.136974336195782,0.493107610304814,3.28966105197746,-20777.0778147744,31452.8393686028,TRUE,FALSE,TRUE
3,196712,"p","2020-01-13 13:17:00",164.45,TRUE,164.366666666667,0.0833333333330017,FALSE,TRUE,41.0922984648756,0.136974328216797,0.493107581580469,3.16166174802051,-20762.0850605781,31414.4419673297,TRUE,FALSE,TRUE
3,196712,"p","2020-01-13 13:22:00",164.533333333333,TRUE,164.45,0.0833333333330017,FALSE,TRUE,41.0922960753593,0.136974320251743,0.493107552906273,3.03403172504541,-20747.0923063811,31376.0445660676,TRUE,FALSE,TRUE
3,196712,"p","2020-01-13 13:27:00",164.616666666667,TRUE,164.533333333333,0.0833333333339965,FALSE,TRUE,41.0922936858119,0.13697431228495,0.493107524225819,2.92976237011616,-20732.0995521847,31337.6471648069,TRUE,FALSE,TRUE
3,196712,"p","2020-01-13 13:32:00",164.7,TRUE,164.616666666667,0.0833333333330017,FALSE,TRUE,41.0922912942714,0.136974304314783,0.493107495533219,2.82553537279715,-20717.106797988,31299.2497635424,TRUE,FALSE,TRUE
3,196712,"p","2020-01-13 13:37:00",164.783333333333,TRUE,164.7,0.0833333333330017,FALSE,TRUE,41.0922889069272,0.136974296356969,0.493107466885089,2.72130842125682,-20702.1140437913,31260.8523622763,TRUE,FALSE,TRUE
3,196712,"p","2020-01-13 13:42:00",164.866666666667,TRUE,164.783333333333,0.0833333333339965,FALSE,TRUE,41.0922865172518,0.136974288389749,0.493107438203097,2.61708151539988,-20687.1212895948,31222.4549610099,TRUE,FALSE,TRUE
3,196712,"p","2020-01-13 13:47:00",164.95,TRUE,164.866666666667,0.0833333333330017,FALSE,TRUE,41.0922841267668,0.136974280423101,0.493107409523164,2.51285465513482,-20672.128535398,31184.0575597508,TRUE,FALSE,TRUE
3,196712,"p","2020-01-13 13:52:00",165.033333333333,TRUE,164.95,0.0833333333330017,FALSE,TRUE,41.0922817391589,0.136974272464408,0.49310738087187,2.4086278403626,-20657.1357812014,31145.6601584827,TRUE,FALSE,TRUE
3,196712,"p","2020-01-13 13:57:00",165.116666666667,TRUE,165.033333333333,0.0833333333339965,FALSE,TRUE,41.0922793533119,0.13697426450995,0.493107352235819,2.30440107099029,-20642.1430270047,31107.2627572169,TRUE,FALSE,TRUE
3,196712,"p","2020-01-13 14:02:00",165.2,TRUE,165.116666666667,0.0833333333330017,FALSE,TRUE,41.0922769663849,0.136974256555161,0.49310732359858,2.2001743469252,-20627.1502728082,31068.8653559596,TRUE,FALSE,TRUE
3,196712,"p","2020-01-13 14:07:00",165.283333333333,TRUE,165.2,0.0833333333330017,FALSE,TRUE,41.0922745773967,0.136974248591867,0.493107294930722,2.09594766806408,-20612.1575186113,31030.4679546908,TRUE,FALSE,TRUE
3,196712,"p","2020-01-13 14:12:00",165.366666666667,TRUE,165.283333333333,0.0833333333339965,FALSE,TRUE,41.0922721937882,0.136974240644871,0.493107266321534,1.99005715767871,-20597.1647644148,30992.0705534324,TRUE,FALSE,TRUE
3,196712,"p","2020-01-13 14:17:00",165.45,TRUE,165.366666666667,0.0833333333330017,FALSE,TRUE,41.0922698066642,0.136974232689426,0.493107237681933,1.74141097172912,-20582.1720102183,30953.6731521654,TRUE,FALSE,TRUE
3,196712,"p","2020-01-13 14:22:00",165.533333333333,TRUE,165.45,0.0833333333330017,FALSE,TRUE,41.0922674213685,0.13697422473844,0.493107209058384,1.49151759291017,-20567.1792560217,30915.2757509066,TRUE,FALSE,TRUE
3,196712,"p","2020-01-13 14:27:00",165.616666666667,TRUE,165.533333333333,0.0833333333339965,FALSE,TRUE,41.0922650402684,0.136974216799805,0.493107180479296,1.24162452356371,-20552.1865018249,30876.8783496294,TRUE,FALSE,TRUE
4,196712,"p","2020-01-14 10:47:00",185.95,TRUE,185.866666666667,0.0833333333330017,FALSE,TRUE,318.300319879441,1.06100106626903,3.81960383856849,1.23002036947673,-15957.7149197905,23910.4841045742,TRUE,TRUE,TRUE
4,196712,"p","2020-01-14 10:52:00",186.033333333333,TRUE,185.95,0.0833333333330017,FALSE,TRUE,318.300444227214,1.0610014807616,3.81960533074177,1.32242325953032,-15816.2033063971,24196.7585497134,TRUE,FALSE,TRUE
4,196712,"p","2020-01-14 10:57:00",186.116666666667,TRUE,186.033333333333,0.0833333333339965,FALSE,TRUE,318.300568781233,1.061001895929,3.8196068253444,1.41482619186474,-15674.6916930039,24483.0329948503,TRUE,FALSE,TRUE
4,196712,"p","2020-01-14 11:02:00",186.2,TRUE,186.116666666667,0.0833333333330017,FALSE,TRUE,318.300693541298,1.06100231180855,3.81960832251078,1.50722916655035,-15533.180079611,24769.3074399976,TRUE,FALSE,TRUE
4,196712,"p","2020-01-14 11:07:00",186.283333333333,TRUE,186.2,0.0833333333330017,FALSE,TRUE,318.300818504931,1.06100272835399,3.81960982207437,1.5996321836538,-15391.6684662174,25055.5818851284,TRUE,FALSE,TRUE
4,196712,"p","2020-01-14 11:12:00",186.366666666667,TRUE,186.283333333333,0.0833333333339965,FALSE,TRUE,318.300943682388,1.06100314559952,3.81961132415826,1.6920352432455,-15250.1568528243,25341.8563302644,TRUE,FALSE,TRUE
4,196712,"p","2020-01-14 11:17:00",186.45,TRUE,186.366666666667,0.0833333333330017,FALSE,TRUE,318.301069062508,1.06100356354592,3.8196128287653,1.78443834539426,-15108.6452394312,25628.1307754036,TRUE,FALSE,TRUE
4,196712,"p","2020-01-14 11:22:00",186.533333333333,TRUE,186.45,0.0833333333330017,FALSE,TRUE,318.301194651245,1.06100398217504,3.81961433583014,1.87684149016972,-14967.1336260379,25914.4052205433,TRUE,FALSE,TRUE
4,196712,"o","2020-01-14 11:25:00",186.583333333333,TRUE,186.533333333333,0.0500000000000114,FALSE,TRUE,189.989198301888,1.05549554612136,3.7997839660369,1.96869379210226,-14883.351247176,26085.6130843113,TRUE,FALSE,TRUE
4,196712,"p","2020-01-14 11:27:00",186.616666666667,TRUE,186.583333333333,0.0333333333339851,FALSE,TRUE,77.8686640775578,0.64890553396696,2.33605992228106,2.01988709358143,-14909.0469281252,26159.374564778,TRUE,FALSE,TRUE
4,196712,"p","2020-01-14 11:32:00",186.7,TRUE,186.616666666667,0.0833333333330017,FALSE,TRUE,194.304329240831,0.647681097472015,2.33165195089925,2.07095795217406,-14976.0976034335,26342.3862576463,TRUE,FALSE,TRUE
4,196712,"p","2020-01-14 11:37:00",186.783333333333,TRUE,186.7,0.0833333333330017,FALSE,TRUE,194.304381375705,0.647681271254926,2.33165257651773,2.12202882890796,-15043.148278742,26525.3979505239,TRUE,FALSE,TRUE
4,196712,"p","2020-01-14 11:42:00",186.866666666667,TRUE,186.783333333333,0.0833333333339965,FALSE,TRUE,194.304433553581,0.64768144517345,2.33165320262442,2.17309972379492,-15110.1989540503,26708.4096433873,TRUE,FALSE,TRUE
4,196712,"p","2020-01-14 11:47:00",186.95,TRUE,186.866666666667,0.0833333333330017,FALSE,TRUE,194.304485779867,0.6476816192688,2.33165382936768,2.22417063685313,-15177.2496293587,26891.4213362686,TRUE,FALSE,TRUE
4,196712,"p","2020-01-14 11:52:00",187.033333333333,TRUE,186.95,0.0833333333330017,FALSE,TRUE,194.304538051866,0.647681793508797,2.33165445663167,2.27524156809835,-15244.3003046672,27074.4330291371,TRUE,FALSE,TRUE
4,196712,"o","2020-01-14 11:57:00",187.116666666667,TRUE,187.033333333333,0.0833333333339965,FALSE,TRUE,191.467769474085,0.638225898241872,2.29761323367074,2.32536691057864,-15300.7326948876,27258.0054297152,TRUE,FALSE,TRUE
4,196712,"p","2020-01-14 12:02:00",187.2,TRUE,187.116666666667,0.0833333333330017,FALSE,TRUE,1904.06080448845,6.34686934832008,22.8487296539523,2.94635659882764,-13409.17245502,27544.4432610876,TRUE,FALSE,TRUE
4,196712,"o","2020-01-14 12:03:00",187.216666666667,TRUE,187.2,0.016666666667021,FALSE,TRUE,372.105692691393,6.2017615447247,22.3263415610089,3.55283550747841,-13039.457128079,27600.0736289783,TRUE,FALSE,TRUE
4,196712,"p","2020-01-14 12:07:00",187.283333333333,TRUE,187.216666666667,0.0666666666659808,FALSE,TRUE,65.6030062631394,0.27334585943256,0.984045093957215,3.56647284836178,-13097.5243437221,27568.9334304696,TRUE,FALSE,TRUE
4,196712,"p","2020-01-14 12:12:00",187.366666666667,TRUE,187.283333333333,0.0833333333339965,FALSE,TRUE,94.896187932454,0.316320626438996,1.13875425518039,3.58440766670717,-13183.5088359813,27527.7965073943,TRUE,FALSE,TRUE
4,196712,"p","2020-01-14 12:17:00",187.45,TRUE,187.366666666667,0.0833333333330017,FALSE,TRUE,94.8961830115509,0.316320610039762,1.13875419614314,3.6023424841736,-13269.4933282402,27486.6595843238,TRUE,FALSE,TRUE
4,196712,"p","2020-01-14 12:22:00",187.533333333333,TRUE,187.45,0.0833333333330017,FALSE,TRUE,94.8961780933246,0.316320593645674,1.13875413712443,3.62027730076075,-13355.4778204992,27445.522661253,TRUE,FALSE,TRUE
4,196712,"p","2020-01-14 12:27:00",187.616666666667,TRUE,187.533333333333,0.0833333333339965,FALSE,TRUE,94.8961731826343,0.31632057727293,1.13875407818255,3.63821211647248,-13441.4623127585,27404.3857381769,TRUE,FALSE,TRUE
4,196712,"p","2020-01-14 12:32:00",187.7,TRUE,187.616666666667,0.0833333333330017,FALSE,TRUE,94.8961682778591,0.316320560927456,1.13875401933884,3.65614693130937,-13527.4468050173,27363.2488151053,TRUE,FALSE,TRUE
4,196712,"p","2020-01-14 12:37:00",187.783333333333,TRUE,187.7,0.0833333333330017,FALSE,TRUE,94.8961633782825,0.316320544595534,1.13875396054392,3.67408174527239,-13613.4312972766,27322.1118920365,TRUE,FALSE,TRUE
4,196712,"p","2020-01-14 12:42:00",187.866666666667,TRUE,187.783333333333,0.0833333333339965,FALSE,TRUE,94.8961584828162,0.316320528273537,1.13875390178473,3.69201655836511,-13699.4157895355,27280.9749689621,TRUE,FALSE,TRUE
4,196712,"p","2020-01-14 12:47:00",187.95,TRUE,187.866666666667,0.0833333333330017,FALSE,TRUE,94.8961535934353,0.316320511979376,1.13875384312576,3.70995137058863,-13785.4002817946,27239.83804589,TRUE,FALSE,TRUE
4,196712,"o","2020-01-14 12:50:00",188,TRUE,187.95,0.0500000000000114,FALSE,TRUE,55.9719227910575,0.310955126616915,1.1194384558209,3.72734964503485,-13836.6748871371,27216.7745916774,TRUE,FALSE,TRUE
4,196712,"p","2020-01-14 12:52:00",188.033333333333,TRUE,188,0.0333333333329904,FALSE,TRUE,102.328387430411,0.852736561928866,3.06985162294392,3.79967356011156,-13847.9364044601,27318.7804223506,TRUE,FALSE,TRUE
4,196712,"p","2020-01-14 12:57:00",188.116666666667,TRUE,188.033333333333,0.0833333333339965,FALSE,TRUE,259.748611771315,0.865828705897493,3.11698334123097,3.78171138116089,-13875.2999727362,27577.8417481117,TRUE,FALSE,TRUE
4,196712,"p","2020-01-14 13:02:00",188.2,TRUE,188.116666666667,0.0833333333330017,FALSE,TRUE,259.748709208259,0.865829030697641,3.11698451051151,3.76219442484504,-13902.6635410122,27836.9030738768,TRUE,FALSE,TRUE
4,196712,"p","2020-01-14 13:07:00",188.283333333333,TRUE,188.2,0.0833333333330017,FALSE,TRUE,259.748806750979,0.865829355840042,3.11698568102415,3.74267746000939,-13930.0271092879,28095.9643996429,TRUE,FALSE,TRUE
4,196712,"p","2020-01-14 13:12:00",188.366666666667,TRUE,188.283333333333,0.0833333333339965,FALSE,TRUE,259.748904405147,0.865829681343599,3.11698685283696,3.72316048662183,-13957.3906775639,28355.0257254005,TRUE,FALSE,TRUE
4,196712,"p","2020-01-14 13:17:00",188.45,TRUE,188.366666666667,0.0833333333330017,FALSE,TRUE,259.749002177686,0.865830007262399,3.11698802614464,3.70364350465284,-13984.7542458398,28614.0870511573,TRUE,FALSE,TRUE
4,196712,"p","2020-01-14 13:22:00",188.533333333333,TRUE,188.45,0.0833333333330017,FALSE,TRUE,259.749100058769,0.865830333532675,3.11698920071763,3.6841265140691,-14012.1178141156,28873.1483769271,TRUE,FALSE,TRUE
4,196712,"p","2020-01-14 13:27:00",188.616666666667,TRUE,188.533333333333,0.0833333333339965,FALSE,TRUE,259.749198051294,0.865830660164089,3.11699037659072,3.66460951483851,-14039.4813823919,29132.2097026861,TRUE,FALSE,TRUE
4,196712,"p","2020-01-14 13:32:00",188.7,TRUE,188.616666666667,0.0833333333330017,FALSE,TRUE,259.749296157853,0.86583098719629,3.11699155390664,3.64509250693124,-14066.8449506675,29391.2710284446,TRUE,FALSE,TRUE
4,196712,"p","2020-01-14 13:37:00",188.783333333333,TRUE,188.7,0.0833333333330017,FALSE,TRUE,259.749394370235,0.865831314570895,3.11699273245522,3.62557549031217,-14094.2085189435,29650.3323542095,TRUE,FALSE,TRUE
4,196712,"p","2020-01-14 13:42:00",188.866666666667,TRUE,188.783333333333,0.0833333333339965,FALSE,TRUE,259.749492702333,0.865831642334221,3.11699391240319,3.60605846495269,-14121.5720872194,29909.3936799674,TRUE,FALSE,TRUE
4,196712,"p","2020-01-14 13:47:00",188.95,TRUE,188.866666666667,0.0833333333330017,FALSE,TRUE,259.74959114717,0.86583197049401,3.11699509377844,3.58654143082124,-14148.9356554955,30168.4550057317,TRUE,FALSE,TRUE
4,196712,"p","2020-01-14 13:52:00",189.033333333333,TRUE,188.95,0.0833333333330017,FALSE,TRUE,259.749689694858,0.865832298986306,3.1169962763507,3.56702438788447,-14176.2992237714,30427.516331502,TRUE,FALSE,TRUE
4,196712,"p","2020-01-14 13:57:00",189.116666666667,TRUE,189.033333333333,0.0833333333339965,FALSE,TRUE,259.749788363683,0.865832627872052,3.11699746033939,3.54750733611172,-14203.6627920471,30686.5776572545,TRUE,FALSE,TRUE
4,196712,"p","2020-01-14 14:02:00",189.2,TRUE,189.116666666667,0.0833333333330017,FALSE,TRUE,259.749887141003,0.865832957140123,3.11699864570444,3.52799027547114,-14231.0263603231,30945.6389830207,TRUE,FALSE,TRUE
4,196712,"p","2020-01-14 14:07:00",189.283333333333,TRUE,189.2,0.0833333333330017,FALSE,TRUE,259.749986029585,0.865833286768728,3.11699983236742,3.50847320593051,-14258.389928599,31204.7003087849,TRUE,FALSE,TRUE
4,196712,"p","2020-01-14 14:12:00",189.366666666667,TRUE,189.283333333333,0.0833333333339965,FALSE,TRUE,259.750085033655,0.865833616771959,3.11700102037905,3.48950701299557,-14285.753496875,31463.7616345476,TRUE,FALSE,TRUE
4,196712,"p","2020-01-14 14:17:00",189.45,TRUE,189.366666666667,0.0833333333330017,FALSE,TRUE,259.750184143328,0.865833947147872,3.11700220973234,3.51119985431366,-14313.1170651508,31722.8229603121,TRUE,FALSE,TRUE
4,196712,"p","2020-01-14 14:22:00",189.533333333333,TRUE,189.45,0.0833333333330017,FALSE,TRUE,259.750283369897,0.865834277903103,3.11700340045117,3.53301517235677,-14340.4806334268,31981.8842860687,TRUE,FALSE,TRUE
4,196712,"o","2020-01-14 14:27:00",189.616666666667,TRUE,189.533333333333,0.0833333333339965,FALSE,TRUE,259.190835379642,0.863969451258598,3.11029002453095,3.55464399035714,-14365.1002368892,32240.6560802167,TRUE,FALSE,TRUE
4,196712,"p","2020-01-14 14:32:00",189.7,TRUE,189.616666666667,0.0833333333330017,FALSE,TRUE,518.742055131613,1.72914018377892,6.22490466160412,3.66278986421769,-13886.3218631905,32446.3114377902,TRUE,FALSE,TRUE
4,196712,"p","2020-01-14 14:37:00",189.783333333333,TRUE,189.7,0.0833333333330017,FALSE,TRUE,521.13822127211,1.73712740424728,6.2536586552902,3.77173444271553,-13404.7995246782,32651.6772637615,TRUE,FALSE,TRUE
4,196712,"p","2020-01-14 14:42:00",189.866666666667,TRUE,189.783333333333,0.0833333333339965,FALSE,TRUE,521.138357044829,1.73712785680227,6.25366028448818,3.88067904904488,-12923.2771861659,32857.0430897277,TRUE,FALSE,TRUE
4,196712,"p","2020-01-14 14:47:00",189.95,TRUE,189.866666666667,0.0833333333330017,FALSE,TRUE,521.138493739961,1.73712831247345,6.25366192490441,3.99056929046804,-12441.7548476536,33062.4089156815,TRUE,FALSE,TRUE
4,196712,"p","2020-01-14 14:52:00",190.033333333333,TRUE,189.95,0.0833333333330017,FALSE,TRUE,521.138631355521,1.73712877119198,6.25366357629113,3.52959523275523,-11960.2325091413,33267.7747416552,TRUE,FALSE,TRUE
4,196712,"p","2020-01-14 14:57:00",190.116666666667,TRUE,190.033333333333,0.0833333333339965,FALSE,TRUE,521.138769893037,1.73712923296296,6.25366523866667,3.08313200157906,-11478.7101706289,33473.140567608,TRUE,FALSE,TRUE
4,196712,"p","2020-01-14 15:02:00",190.2,TRUE,190.116666666667,0.0833333333330017,FALSE,TRUE,521.138909352558,1.73712969784877,6.25366691225558,3.22951038542068,-10997.1878321166,33678.5063935712,TRUE,FALSE,TRUE
4,196712,"p","2020-01-14 15:07:00",190.283333333333,TRUE,190.2,0.0833333333330017,FALSE,TRUE,521.139049732105,1.73713016578059,6.25366859681014,3.37159133935484,-10515.6654936043,33883.8722195378,TRUE,FALSE,TRUE
4,196712,"p","2020-01-14 15:12:00",190.366666666667,TRUE,190.283333333333,0.0833333333339965,FALSE,TRUE,521.139191034863,1.73713063676905,6.25367029236859,3.51367234202777,-10034.143155092,34089.2380454968,TRUE,FALSE,TRUE
4,196712,"p","2020-01-14 15:17:00",190.45,TRUE,190.366666666667,0.0833333333330017,FALSE,TRUE,521.139333257926,1.73713111086666,6.25367199911999,3.65575339374987,-9552.62081657957,34294.6038714656,TRUE,FALSE,TRUE
4,196712,"p","2020-01-14 15:22:00",190.533333333333,TRUE,190.45,0.0833333333330017,FALSE,TRUE,521.139476404517,1.73713158802197,6.25367371687908,3.79783449482477,-9071.09847806737,34499.9696974329,TRUE,FALSE,TRUE
4,196712,"p","2020-01-14 15:27:00",190.616666666667,TRUE,190.533333333333,0.0833333333339965,FALSE,TRUE,521.139620469487,1.7371320682178,6.25367544558408,3.9399156455538,-8589.57613955499,34705.3355233972,TRUE,FALSE,TRUE
4,196712,"p","2020-01-14 15:32:00",190.7,TRUE,190.616666666667,0.0833333333330017,FALSE,TRUE,521.139765458276,1.7371325515345,6.25367718552419,4.0819968462477,-8108.05380104272,34910.7013493553,TRUE,FALSE,TRUE
4,196712,"p","2020-01-14 15:37:00",190.783333333333,TRUE,190.7,0.0833333333330017,FALSE,TRUE,521.139911367596,1.7371330378989,6.25367893643604,4.22407809721024,-7626.5314625303,35116.0671753137,TRUE,FALSE,TRUE
4,196712,"p","2020-01-14 15:42:00",190.866666666667,TRUE,190.783333333333,0.0833333333339965,FALSE,TRUE,521.1400581992,1.73713352731684,6.25368069834063,4.36615939874398,-7145.00912401803,35321.4330012772,TRUE,FALSE,TRUE
4,196712,"p","2020-01-14 15:47:00",190.95,TRUE,190.866666666667,0.0833333333330017,FALSE,TRUE,521.140205950906,1.73713401984327,6.25368247143576,4.50877728806662,-6663.48678550564,35526.7988272377,TRUE,FALSE,TRUE
4,196712,"p","2020-01-14 15:52:00",191.033333333333,TRUE,190.95,0.0833333333330017,FALSE,TRUE,521.140354624643,1.73713451542239,6.2536842555206,4.59721708341597,-6181.96444699321,35732.1646532027,TRUE,FALSE,TRUE
4,196712,"p","2020-01-14 15:57:00",191.116666666667,TRUE,191.033333333333,0.0833333333339965,FALSE,TRUE,521.140504222136,1.73713501405996,6.25368605061587,4.68434771423222,-5700.44210848083,35937.5304791651,TRUE,FALSE,TRUE
4,196712,"p","2020-01-14 16:02:00",191.2,TRUE,191.116666666667,0.0833333333330017,FALSE,TRUE,521.140654737921,1.73713551579998,6.25368785687993,4.77147836274245,-5218.91976996857,36142.896305138,TRUE,FALSE,TRUE
4,196712,"o","2020-01-14 16:06:00",191.266666666667,TRUE,191.2,0.0666666666670039,FALSE,TRUE,416.647954005708,1.73603314168167,6.249719310054,4.85849874132661,-4833.20465602788,36305.3410877054,TRUE,FALSE,TRUE
4,196712,"p","2020-01-14 16:07:00",191.283333333333,TRUE,191.266666666667,0.0166666666659978,FALSE,TRUE,116.539505230804,1.94232508725801,6.99237031412885,4.96614828191806,-4718.95404470163,36279.7219537691,TRUE,FALSE,TRUE
4,196712,"p","2020-01-14 16:12:00",191.366666666667,TRUE,191.283333333333,0.0833333333339965,FALSE,TRUE,587.19192350789,1.95730641167739,7.04630308203861,5.07529592235956,-4145.21477244363,36142.3868931989,TRUE,FALSE,TRUE
4,196712,"p","2020-01-14 16:17:00",191.45,TRUE,191.366666666667,0.0833333333330017,FALSE,TRUE,587.191793988814,1.9573059799705,7.0463015278938,5.18444348700334,-3571.47550018083,36005.0518326248,TRUE,FALSE,TRUE
4,196712,"p","2020-01-14 16:22:00",191.533333333333,TRUE,191.45,0.0833333333330017,FALSE,TRUE,587.191665781861,1.95730555261399,7.04629998941037,5.29359097624833,-2997.73622791835,35867.7167720437,TRUE,FALSE,TRUE
4,196712,"p","2020-01-14 16:27:00",191.616666666667,TRUE,191.533333333333,0.0833333333339965,FALSE,TRUE,587.1915388977,1.95730512964342,7.04629846671632,5.40273839049304,-2423.99695565559,35730.3817114582,TRUE,FALSE,TRUE
4,196712,"p","2020-01-14 16:32:00",191.7,TRUE,191.616666666667,0.0833333333330017,FALSE,TRUE,587.19141333296,1.95730471111766,7.04629696002356,5.51188573014772,-1850.25768339293,35593.0466508807,TRUE,FALSE,TRUE
4,196712,"p","2020-01-14 16:37:00",191.783333333333,TRUE,191.7,0.0833333333330017,FALSE,TRUE,587.191289089853,1.95730429697396,7.04629546910627,5.62103299561169,-1276.51841113036,35455.7115902952,TRUE,FALSE,TRUE
4,196712,"p","2020-01-14 16:42:00",191.866666666667,TRUE,191.783333333333,0.0833333333339965,FALSE,TRUE,587.191166167428,1.95730388720918,7.04629399395306,5.73018018728321,-702.779138867676,35318.3765297116,TRUE,FALSE,TRUE
4,196712,"p","2020-01-14 16:47:00",191.95,TRUE,191.866666666667,0.0833333333330017,FALSE,TRUE,587.191044566016,1.95730348189451,7.04629253482023,5.83932730557403,-129.039866604891,35181.0414691261,TRUE,FALSE,TRUE
4,196712,"p","2020-01-14 16:52:00",192.033333333333,TRUE,191.95,0.0833333333330017,FALSE,TRUE,587.190924284775,1.95730308095704,7.04629109144533,5.94847435088253,444.6994056576,35043.7064085478,TRUE,FALSE,TRUE
4,196712,"p","2020-01-14 16:57:00",192.116666666667,TRUE,192.033333333333,0.0833333333339965,FALSE,TRUE,587.190805325789,1.95730268440372,7.0462896638534,6.05762132360889,1018.43867792034,34906.3713479647,TRUE,FALSE,TRUE
4,196712,"p","2020-01-14 17:02:00",192.2,TRUE,192.116666666667,0.0833333333330017,FALSE,TRUE,587.190687687,1.95730229229779,7.04628825227204,6.16676822416179,1592.17795018289,34769.0362873804,TRUE,FALSE,TRUE
4,196712,"p","2020-01-14 17:07:00",192.283333333333,TRUE,192.2,0.0833333333330017,FALSE,TRUE,587.190571369975,1.95730190457437,7.04628685646774,6.27591505294204,2165.91722244558,34631.7012267986,TRUE,FALSE,TRUE
4,196712,"p","2020-01-14 17:12:00",192.366666666667,TRUE,192.283333333333,0.0833333333339965,FALSE,TRUE,587.190456372362,1.95730152122563,7.04628547641227,6.38506181034981,2739.65649470814,34494.3661662173,TRUE,FALSE,TRUE
4,196712,"p","2020-01-14 17:17:00",192.45,TRUE,192.366666666667,0.0833333333330017,FALSE,TRUE,587.190342697838,1.95730114233392,7.04628411240209,6.49420849679289,3313.39576697084,34357.0311056362,TRUE,FALSE,TRUE
4,196712,"o","2020-01-14 17:21:00",192.516666666667,TRUE,192.45,0.0666666666670039,FALSE,TRUE,467.332296909857,1.94721790378122,7.0099844536124,6.60253334204515,3769.76445178364,34246.6597237592,TRUE,FALSE,TRUE
4,196712,"p","2020-01-14 17:22:00",192.533333333333,TRUE,192.516666666667,0.0166666666659978,FALSE,TRUE,49.7012444496293,0.828354074193732,2.98207466709743,6.51245473108664,3789.85450170883,34201.0267620844,TRUE,FALSE,TRUE
4,196712,"p","2020-01-14 17:27:00",192.616666666667,TRUE,192.533333333333,0.0833333333339965,FALSE,TRUE,245.895082550138,0.819650275160603,2.95074099057817,6.42070701817797,3877.19108648707,33970.3452866733,TRUE,FALSE,TRUE
4,196712,"p","2020-01-14 17:32:00",192.7,TRUE,192.616666666667,0.0833333333330017,FALSE,TRUE,245.894999169341,0.819649997234397,2.95073999004383,6.32895923222118,3964.52767124208,33739.663811271,TRUE,FALSE,TRUE
4,196712,"p","2020-01-14 17:37:00",192.783333333333,TRUE,192.7,0.0833333333330017,FALSE,TRUE,245.894915889266,0.819649719634149,2.95073899068294,6.23721137293725,4051.86425599701,33508.9823358609,TRUE,FALSE,TRUE
4,196712,"p","2020-01-14 17:42:00",192.866666666667,TRUE,192.783333333333,0.0833333333339965,FALSE,TRUE,245.894832707169,0.819649442350706,2.95073799246254,6.14546344005312,4139.20084075203,33278.3008604462,TRUE,FALSE,TRUE
4,196712,"o","2020-01-14 17:44:00",192.9,TRUE,192.866666666667,0.0333333333330188,FALSE,TRUE,96.6662391191781,0.805551992667418,2.89998717360271,6.05230571602357,4173.62318111363,33187.648725346,TRUE,FALSE,TRUE
4,196712,"p","2020-01-14 17:47:00",192.95,TRUE,192.9,0.0499999999999829,FALSE,TRUE,40.3752642279273,0.224307023488562,0.807505284558822,5.90102344858755,4169.53254813044,33227.9336674213,TRUE,FALSE,TRUE
4,196712,"p","2020-01-14 17:52:00",193.033333333333,TRUE,192.95,0.0833333333330017,FALSE,TRUE,70.0594351919389,0.233531450640726,0.840713222306612,5.75066357707356,4161.86100392474,33297.77599597,TRUE,FALSE,TRUE
4,196712,"p","2020-01-14 17:57:00",193.116666666667,TRUE,193.033333333333,0.0833333333339965,FALSE,TRUE,70.0594423950611,0.233531474648345,0.840713308734043,5.60030366086149,4154.18945971892,33367.6183245176,TRUE,FALSE,TRUE
4,196712,"p","2020-01-14 18:02:00",193.2,TRUE,193.116666666667,0.0833333333330017,FALSE,TRUE,70.0594495976493,0.23353149865976,0.840713395175137,5.4499436996408,4146.51791551318,33437.4606530746,TRUE,FALSE,TRUE
4,196712,"p","2020-01-14 18:07:00",193.283333333333,TRUE,193.2,0.0833333333330017,FALSE,TRUE,70.0594568081499,0.233531522694762,0.840713481701144,5.29958369310808,4138.84637130748,33507.3029816185,TRUE,FALSE,TRUE
4,196712,"p","2020-01-14 18:12:00",193.366666666667,TRUE,193.283333333333,0.0833333333339965,FALSE,TRUE,70.0594640153496,0.233531546715973,0.840713568177504,5.1492236409579,4131.17482710164,33577.1453101761,TRUE,FALSE,TRUE
4,196712,"p","2020-01-14 18:17:00",193.45,TRUE,193.366666666667,0.0833333333330017,FALSE,TRUE,70.0594712234197,0.233531570745662,0.840713654684382,4.99886354287901,4123.50328289583,33646.9876387261,TRUE,FALSE,TRUE
4,196712,"p","2020-01-14 18:22:00",193.533333333333,TRUE,193.45,0.0833333333330017,FALSE,TRUE,70.0594784393817,0.233531594798868,0.840713741275926,4.84850339856901,4115.83173869021,33716.8299672793,TRUE,FALSE,TRUE
4,196712,"p","2020-01-14 18:27:00",193.616666666667,TRUE,193.533333333333,0.0833333333339965,FALSE,TRUE,70.0594856520846,0.233531618838423,0.840713827818324,4.69814320772117,4108.1601944842,33786.672295836,TRUE,FALSE,TRUE
4,196712,"p","2020-01-14 18:32:00",193.7,TRUE,193.616666666667,0.0833333333330017,FALSE,TRUE,70.0594928726171,0.233531642909653,0.840713914474751,4.54778297002781,4100.48865027854,33856.5146243764,TRUE,FALSE,TRUE
4,196712,"p","2020-01-14 18:37:00",193.783333333333,TRUE,193.7,0.0833333333330017,FALSE,TRUE,70.0595000940827,0.233531666981205,0.840714001132338,4.39742268518369,4092.81710607284,33926.3569529316,TRUE,FALSE,TRUE
4,196712,"p","2020-01-14 18:42:00",193.866666666667,TRUE,193.783333333333,0.0833333333339965,FALSE,TRUE,70.059507313652,0.233531691043648,0.840714087757134,4.24706235288206,4085.14556186687,33996.199281479,TRUE,FALSE,TRUE
4,196712,"p","2020-01-14 18:47:00",193.95,TRUE,193.866666666667,0.0833333333330017,FALSE,TRUE,70.0595145396678,0.233531715133155,0.840714174479358,4.09670197281537,4077.4740176612,34066.0416100392,TRUE,FALSE,TRUE
4,196712,"p","2020-01-14 18:52:00",194.033333333333,TRUE,193.95,0.0833333333330017,FALSE,TRUE,70.0595217638082,0.233531739213623,0.840714261169043,3.94645183256857,4069.8024734554,34135.8839385841,TRUE,FALSE,TRUE
4,196712,"p","2020-01-14 18:57:00",194.116666666667,TRUE,194.033333333333,0.0833333333339965,FALSE,TRUE,70.0595289958409,0.233531763317611,0.840714347943401,3.77557250017453,4062.13092924966,34205.7262671375,TRUE,FALSE,TRUE
4,196712,"p","2020-01-14 19:02:00",194.2,TRUE,194.116666666667,0.0833333333330017,FALSE,TRUE,70.0595362231692,0.233531787411493,0.840714434681375,3.60319503774794,4054.45938504376,34275.5685956942,TRUE,FALSE,TRUE
4,196712,"o","2020-01-14 19:04:00",194.233333333333,TRUE,194.2,0.0333333333330188,FALSE,TRUE,25.5963116078712,0.213302596734273,0.767889348243382,3.42879469942432,4056.12748649415,34301.1843646088,TRUE,FALSE,TRUE
4,196712,"p","2020-01-14 19:07:00",194.283333333333,TRUE,194.233333333333,0.0499999999999829,FALSE,TRUE,557.71973437717,3.09844296876311,11.1543946875472,3.54290844103923,4573.86084100481,34087.1262230075,TRUE,FALSE,TRUE
4,196712,"p","2020-01-14 19:12:00",194.366666666667,TRUE,194.283333333333,0.0833333333339965,FALSE,TRUE,938.267648644919,3.12755882879151,11.2592117836494,3.65993381095404,5444.64429707664,33726.4940494792,TRUE,FALSE,TRUE
4,196712,"p","2020-01-14 19:17:00",194.45,TRUE,194.366666666667,0.0833333333330017,FALSE,TRUE,938.267177071401,3.12755725691712,11.2592061249016,3.77695906553398,6315.42775314878,33365.8618759549,TRUE,FALSE,TRUE
4,196712,"p","2020-01-14 19:22:00",194.533333333333,TRUE,194.45,0.0833333333330017,FALSE,TRUE,938.266710877431,3.12755570293721,11.259200530574,3.89398420613031,7186.21120922096,33005.2297024374,TRUE,FALSE,TRUE
4,196712,"o","2020-01-14 19:25:00",194.583333333333,TRUE,194.533333333333,0.0500000000000114,FALSE,TRUE,556.556911120133,3.09198283955559,11.1311382224001,4.00745210136495,7702.77838529065,32791.4064106924,TRUE,FALSE,TRUE
4,196712,"p","2020-01-14 19:27:00",194.616666666667,TRUE,194.583333333333,0.0333333333339851,FALSE,TRUE,93.5758736217079,0.779798946832318,2.80727620859634,3.88970164785873,7619.10255099369,32834.2090960901,TRUE,FALSE,TRUE
4,196712,"p","2020-01-14 19:32:00",194.7,TRUE,194.616666666667,0.0833333333330017,FALSE,TRUE,249.918082704924,0.833060275686395,2.99901699247102,3.77727736733166,7395.1557213174,32947.6058404963,TRUE,FALSE,TRUE
4,196712,"p","2020-01-14 19:37:00",194.783333333333,TRUE,194.7,0.0833333333330017,FALSE,TRUE,249.918121792273,0.833060405977558,2.99901746151921,3.66485313948905,7171.20889164091,33061.0025848973,TRUE,FALSE,TRUE
4,196712,"p","2020-01-14 19:42:00",194.866666666667,TRUE,194.783333333333,0.0833333333339965,FALSE,TRUE,249.918160979938,0.833060536593164,2.99901793173539,3.55242896391859,6947.26206196456,33174.3993293009,TRUE,FALSE,TRUE
4,196712,"p","2020-01-14 19:47:00",194.95,TRUE,194.866666666667,0.0833333333330017,FALSE,TRUE,249.918200270976,0.833060667573235,2.99901840326365,3.44000484021847,6723.31523228807,33287.7960737095,TRUE,FALSE,TRUE
4,196712,"p","2020-01-14 19:52:00",195.033333333333,TRUE,194.95,0.0833333333330017,FALSE,TRUE,249.918239662974,0.833060798879896,2.99901887596762,3.3275807679839,6499.36840261168,33401.1928181064,TRUE,FALSE,TRUE
4,196712,"p","2020-01-14 19:57:00",195.116666666667,TRUE,195.033333333333,0.0833333333339965,FALSE,TRUE,249.918279156272,0.833060930514279,2.9990193498514,3.21515674680193,6275.42157293529,33514.589562519,TRUE,FALSE,TRUE
4,196712,"p","2020-01-14 20:02:00",195.2,TRUE,195.116666666667,0.0833333333330017,FALSE,TRUE,249.918318750706,0.833061062505668,2.9990198250204,3.10374106267438,6051.47474325892,33627.986306922,TRUE,FALSE,TRUE
4,196712,"p","2020-01-14 20:07:00",195.283333333333,TRUE,195.2,0.0833333333330017,FALSE,TRUE,249.91835844819,0.833061194830614,2.99902030139021,3.10421177473807,5827.52791358259,33741.383051336,TRUE,FALSE,TRUE
4,196712,"o","2020-01-14 20:12:00",195.366666666667,TRUE,195.283333333333,0.0833333333339965,FALSE,TRUE,247.619662057991,0.825398873520069,2.97143594467225,3.10478663457401,5605.80262728451,33854.0543193527,TRUE,FALSE,TRUE
4,196712,"p","2020-01-14 20:17:00",195.45,TRUE,195.366666666667,0.0833333333330017,FALSE,TRUE,186.061137753073,0.620203792512711,2.23273365304576,3.08484201410185,5791.63374889316,33833.6322828324,TRUE,FALSE,TRUE
4,196712,"p","2020-01-14 20:22:00",195.533333333333,TRUE,195.45,0.0833333333330017,FALSE,TRUE,188.33855712675,0.627795190424997,2.26006268552999,3.06565656118093,5979.68641388056,33812.4847699271,TRUE,FALSE,TRUE
4,196712,"p","2020-01-14 20:27:00",195.616666666667,TRUE,195.533333333333,0.0833333333339965,FALSE,TRUE,188.338552604901,0.627795175344673,2.26006263124082,3.04647113448033,6167.73907886804,33791.3372570267,TRUE,FALSE,TRUE
4,196712,"p","2020-01-14 20:32:00",195.7,TRUE,195.616666666667,0.0833333333330017,FALSE,TRUE,188.338548126315,0.627795160423549,2.26006257752478,3.02869545125594,6355.79174385556,33770.1897441319,TRUE,FALSE,TRUE
4,196712,"p","2020-01-14 20:37:00",195.783333333333,TRUE,195.7,0.0833333333330017,FALSE,TRUE,188.338543691259,0.627795145640029,2.2600625243041,3.06904426347109,6543.84440884259,33749.0422312261,TRUE,FALSE,TRUE
4,196712,"o","2020-01-14 20:39:00",195.816666666667,TRUE,195.783333333333,0.0333333333340136,FALSE,TRUE,75.2750922828374,0.627292435677511,2.25825276843904,3.10842036197477,6619.08684917686,33741.3472629888,TRUE,FALSE,TRUE
4,196712,"p","2020-01-14 20:42:00",195.866666666667,TRUE,195.816666666667,0.0499999999999829,FALSE,TRUE,135.034483001387,0.750191572230184,2.70068966002866,3.16008637173295,6734.27547894804,33812.9120527745,TRUE,FALSE,TRUE
4,196712,"p","2020-01-14 20:47:00",195.95,TRUE,195.866666666667,0.0833333333330017,FALSE,TRUE,225.761102042713,0.752537006812036,2.70913322452333,3.21198692254818,6926.29215246545,33933.4600972807,TRUE,FALSE,TRUE
4,196712,"p","2020-01-14 20:52:00",196.033333333333,TRUE,195.95,0.0833333333330017,FALSE,TRUE,229.33897862491,0.764463262086077,2.75206774350988,3.26508009648731,7120.72397291476,34056.9092958998,TRUE,FALSE,TRUE
4,196712,"p","2020-01-14 20:57:00",196.116666666667,TRUE,196.033333333333,0.0833333333339965,FALSE,TRUE,911.049482055527,3.03683160682759,10.9325937845793,3.54541010249847,7758.23001726615,34712.5938572585,TRUE,FALSE,TRUE
4,196712,"p","2020-01-14 21:02:00",196.2,TRUE,196.116666666667,0.0833333333330017,FALSE,TRUE,914.800397985693,3.04933465996444,10.977604775872,3.82699041142035,8398.15120855009,35371.1795727076,TRUE,FALSE,TRUE
4,196712,"o","2020-01-14 21:04:00",196.233333333333,TRUE,196.2,0.0333333333330188,FALSE,TRUE,360.70811009499,3.00590091748661,10.8212433029518,4.10422734368912,8650.59860134707,35630.7403255145,TRUE,FALSE,TRUE
4,196712,"p","2020-01-14 21:07:00",196.283333333333,TRUE,196.233333333333,0.0499999999999829,FALSE,TRUE,32.196288885499,0.178868271586166,0.643925777710199,4.0987610089639,8646.26783926942,35598.7422956846,TRUE,FALSE,TRUE
4,196712,"p","2020-01-14 21:12:00",196.366666666667,TRUE,196.283333333333,0.0833333333339965,FALSE,TRUE,61.0210170098835,0.203403390031326,0.732252204112775,4.09574818367606,8633.1814296126,35538.9563569991,TRUE,FALSE,TRUE
4,196712,"p","2020-01-14 21:17:00",196.45,TRUE,196.366666666667,0.0833333333330017,FALSE,TRUE,61.0210115314825,0.203403371772418,0.732252138380704,4.09273535415519,8620.09501995565,35479.1704183268,TRUE,FALSE,TRUE
4,196712,"p","2020-01-14 21:22:00",196.533333333333,TRUE,196.45,0.0833333333330017,FALSE,TRUE,61.0210060592476,0.203403353531635,0.732252072713885,4.08972252040398,8607.0086102988,35419.3844796405,TRUE,FALSE,TRUE
4,196712,"p","2020-01-14 21:27:00",196.616666666667,TRUE,196.533333333333,0.0833333333339965,FALSE,TRUE,61.021000582211,0.203403335272418,0.732252006980704,4.08670968241791,8593.92220064205,35359.5985409603,TRUE,FALSE,TRUE
4,196712,"p","2020-01-14 21:32:00",196.7,TRUE,196.616666666667,0.0833333333330017,FALSE,TRUE,61.02099511142,0.203403317038876,0.732251941339953,4.08369684020044,8580.83579098529,35299.8126022782,TRUE,FALSE,TRUE
4,196712,"p","2020-01-14 21:37:00",196.783333333333,TRUE,196.7,0.0833333333330017,FALSE,TRUE,61.0209896400097,0.203403298800842,0.73225187568303,4.08068399374876,8567.74938132827,35240.0266635946,TRUE,FALSE,TRUE
4,196712,"p","2020-01-14 21:42:00",196.866666666667,TRUE,196.783333333333,0.0833333333339965,FALSE,TRUE,61.0209841705823,0.203403280566989,0.73225181004116,4.07767114306431,8554.66297167152,35180.2407249198,TRUE,FALSE,TRUE
4,196712,"p","2020-01-14 21:47:00",196.95,TRUE,196.866666666667,0.0833333333330017,FALSE,TRUE,61.0209786991544,0.203403262331324,0.732251744392767,4.07668120962401,8541.57656201477,35120.4547862424,TRUE,FALSE,TRUE
4,196712,"o","2020-01-14 21:51:00",197.016666666667,TRUE,196.95,0.0666666666670039,FALSE,TRUE,47.390515070275,0.19746047945848,0.710857726050529,3.78658296069355,8529.95075837371,35074.3665660982,TRUE,FALSE,TRUE
4,196712,"p","2020-01-14 21:52:00",197.033333333333,TRUE,197.016666666667,0.0166666666659978,FALSE,TRUE,67.2408541629759,1.12068090276124,4.03445124994046,3.58589516809052,8485.58755612961,35125.2273721988,TRUE,FALSE,TRUE
4,196712,"p","2020-01-14 21:57:00",197.116666666667,TRUE,197.033333333333,0.0833333333339965,FALSE,TRUE,346.531261692955,1.15510420563399,4.15837514028237,3.38864986296221,8257.98816539422,35388.2340566415,TRUE,FALSE,TRUE
4,196712,"p","2020-01-14 22:02:00",197.2,TRUE,197.116666666667,0.0833333333330017,FALSE,TRUE,346.531393193067,1.15510464398149,4.15837671833335,3.19140475706664,8030.38877464814,35651.2407410931,TRUE,FALSE,TRUE
4,196712,"p","2020-01-14 22:07:00",197.283333333333,TRUE,197.2,0.0833333333330017,FALSE,TRUE,346.53152494534,1.15510508315573,4.15837829936063,2.99771698142665,7802.78938390212,35914.2474255414,TRUE,FALSE,TRUE
4,196712,"p","2020-01-14 22:12:00",197.366666666667,TRUE,197.283333333333,0.0833333333339965,FALSE,TRUE,346.531656968109,1.15510552321784,4.15837988358422,3.0352476390652,7575.18999315605,36177.2541100048,TRUE,FALSE,TRUE
4,196712,"p","2020-01-14 22:17:00",197.45,TRUE,197.366666666667,0.0833333333330017,FALSE,TRUE,346.531789253197,1.15510596418192,4.15838147105491,3.06745220791476,7347.59060240995,36440.2607944531,TRUE,FALSE,TRUE
4,196712,"p","2020-01-14 22:22:00",197.533333333333,TRUE,197.45,0.0833333333330017,FALSE,TRUE,346.531921811765,1.15510640604381,4.15838306175772,3.09965680792138,7119.99121166401,36703.2674789038,TRUE,FALSE,TRUE
4,196712,"o","2020-01-14 22:25:00",197.583333333333,TRUE,197.533333333333,0.0500000000000114,FALSE,TRUE,207.067664953014,1.15037591640537,4.14135329905934,3.1313883459026,6982.07316324674,36858.7514569863,TRUE,FALSE,TRUE
4,196712,"p","2020-01-14 22:27:00",197.616666666667,TRUE,197.583333333333,0.0333333333339851,FALSE,TRUE,200.184292397138,1.6682024366102,6.00552877179672,3.2149025228063,6791.62118109768,36794.1681825889,TRUE,FALSE,TRUE
4,196712,"p","2020-01-14 22:32:00",197.7,TRUE,197.616666666667,0.0833333333330017,FALSE,TRUE,505.540413314134,1.68513471105382,6.06648495979375,3.30010991402369,6312.09519080047,36626.9099151112,TRUE,FALSE,TRUE
4,196712,"o","2020-01-14 22:35:00",197.75,TRUE,197.7,0.0500000000000114,FALSE,TRUE,300.963233243984,1.6720179624662,6.0192646648783,3.38400561721888,6026.91952586835,36526.4820657865,TRUE,FALSE,TRUE
4,196712,"p","2020-01-14 22:37:00",197.783333333333,TRUE,197.75,0.0333333333329904,FALSE,TRUE,72.2724140459217,0.602270117055544,2.16817242139996,3.36092652267387,6020.98768039468,36454.2445656285,TRUE,FALSE,TRUE
4,196712,"p","2020-01-14 22:42:00",197.866666666667,TRUE,197.783333333333,0.0833333333339965,FALSE,TRUE,180.456316576695,0.601521055250863,2.1654757989031,3.3377725087159,6012.50788982654,36273.4685931296,TRUE,FALSE,TRUE
4,196712,"p","2020-01-14 22:47:00",197.95,TRUE,197.866666666667,0.0833333333330017,FALSE,TRUE,180.456267787126,0.601520892626146,2.16547521345413,3.3153847106265,6004.02809925786,36092.6926206285,TRUE,FALSE,TRUE
4,196712,"p","2020-01-14 22:52:00",198.033333333333,TRUE,197.95,0.0833333333330017,FALSE,TRUE,180.456219035365,0.601520730120276,2.16547462843299,3.31351640438726,5995.5483086897,35911.9166481319,TRUE,FALSE,TRUE
4,196712,"p","2020-01-14 22:57:00",198.116666666667,TRUE,198.033333333333,0.0833333333339965,FALSE,TRUE,180.456170324328,0.601520567742973,2.1654740438747,3.31088894211906,5987.06851812102,35731.1406756285,TRUE,FALSE,TRUE
4,196712,"p","2020-01-14 23:02:00",198.2,TRUE,198.116666666667,0.0833333333330017,FALSE,TRUE,180.456121646864,0.60152040549194,2.16547345977099,3.30826146513379,5978.58872755296,35550.3647031297,TRUE,FALSE,TRUE
4,196712,"p","2020-01-14 23:07:00",198.283333333333,TRUE,198.2,0.0833333333330017,FALSE,TRUE,176.857151943819,0.589523839815075,2.12228582333427,3.30443433307294,5967.94636621191,35373.318329824,TRUE,FALSE,TRUE
4,196712,"p","2020-01-14 23:12:00",198.366666666667,TRUE,198.283333333333,0.0833333333339965,FALSE,TRUE,648.173119595239,2.16057706530027,7.77807743508097,3.45771252503896,5560.5665004184,35880.4908927787,TRUE,FALSE,TRUE
4,196712,"p","2020-01-14 23:17:00",198.45,TRUE,198.366666666667,0.0833333333330017,FALSE,TRUE,652.421737245686,2.17473912416094,7.82906084697939,3.6124571938873,5151.02406385199,36391.3930549266,TRUE,FALSE,TRUE
4,196712,"p","2020-01-14 23:22:00",198.533333333333,TRUE,198.45,0.0833333333330017,FALSE,TRUE,652.422226713401,2.17474075571999,7.82906672059196,3.75491211223629,4741.48162728596,36902.2952170733,TRUE,FALSE,TRUE
4,196712,"o","2020-01-14 23:26:00",198.6,TRUE,198.533333333333,0.0666666666670039,FALSE,TRUE,517.998301075692,2.15832625447113,7.76997451609608,3.89549103700219,4416.61470165946,37308.1662295941,TRUE,FALSE,TRUE
4,196712,"p","2020-01-14 23:27:00",198.616666666667,TRUE,198.6,0.0166666666669926,FALSE,TRUE,17.8850521135422,0.298084201886542,1.07310312679155,3.84885313098224,4434.57165310592,37307.4606147816,TRUE,FALSE,TRUE
4,196712,"p","2020-01-14 23:32:00",198.7,TRUE,198.616666666667,0.0833333333330017,FALSE,TRUE,104.638196534433,0.348793988449498,1.25565835841819,3.58004936914443,4538.19152832472,37289.6789549001,TRUE,FALSE,TRUE
4,196712,"p","2020-01-14 23:37:00",198.783333333333,TRUE,198.7,0.0833333333330017,FALSE,TRUE,104.638194086332,0.348793980289161,1.25565832904098,3.3099953011769,4641.81140356776,37271.897295002,TRUE,FALSE,TRUE
4,196712,"p","2020-01-14 23:42:00",198.866666666667,TRUE,198.783333333333,0.0833333333339965,FALSE,TRUE,104.638191618942,0.348793972060363,1.25565829941731,3.04428460663428,4745.43127881118,37254.11563509,TRUE,FALSE,TRUE
4,196712,"p","2020-01-14 23:47:00",198.95,TRUE,198.866666666667,0.0833333333330017,FALSE,TRUE,104.638189158557,0.348793963863243,1.25565826990768,3.06127717586199,4849.05115405432,37236.3339751797,TRUE,FALSE,TRUE
4,196712,"p","2020-01-14 23:52:00",199.033333333333,TRUE,198.95,0.0833333333330017,FALSE,TRUE,104.63818670445,0.348793955682889,1.2556582404584,3.07581623242714,4952.67102929744,37218.5523152716,TRUE,FALSE,TRUE
4,196712,"p","2020-01-14 23:57:00",199.116666666667,TRUE,199.033333333333,0.0833333333339965,FALSE,TRUE,104.638184225712,0.348793947416264,1.25565821069855,3.09035528999153,5056.29090450494,37200.7706553575,TRUE,FALSE,TRUE
4,196712,"o","2020-01-14 23:58:00",199.133333333333,TRUE,199.116666666667,0.0166666666660262,FALSE,TRUE,17.2882786214607,0.288137977035418,1.0372967173275,3.09882875234191,5072.99848528134,37196.024054426,TRUE,FALSE,TRUE
4,196712,"p","2020-01-15 00:02:00",199.2,TRUE,199.133333333333,0.0666666666669755,FALSE,TRUE,540.692313523971,2.25288463967278,8.11038470282199,3.30377688278194,4564.01787348821,37006.3945728822,TRUE,FALSE,TRUE
4,196712,"p","2020-01-15 00:07:00",199.283333333333,TRUE,199.2,0.0833333333330017,FALSE,TRUE,681.065115475247,2.27021705159319,8.17278138573548,3.51045825623737,3922.77161586205,36767.8698847405,TRUE,FALSE,TRUE
4,196712,"p","2020-01-15 00:12:00",199.366666666667,TRUE,199.283333333333,0.0833333333339965,FALSE,TRUE,681.064861030932,2.27021620341837,8.17277833230614,3.71713954669913,3281.52535823629,36529.3451965995,TRUE,FALSE,TRUE
4,196712,"p","2020-01-15 00:17:00",199.45,TRUE,199.366666666667,0.0833333333330017,FALSE,TRUE,681.06460864582,2.27021536216177,8.17277530378236,3.9238207548586,2640.27910061024,36290.8205084659,TRUE,FALSE,TRUE
4,196712,"o","2020-01-15 00:19:00",199.483333333333,TRUE,199.45,0.0333333333330188,FALSE,TRUE,268.982060972238,2.2415171747898,8.06946182924329,4.12763214610445,2387.15334472073,36196.268297876,TRUE,FALSE,TRUE
4,196712,"p","2020-01-15 00:22:00",199.533333333333,TRUE,199.483333333333,0.0499999999999829,FALSE,TRUE,50.0519840962678,0.278066578312694,1.0010396819257,4.13569275598987,2374.33142309755,36147.7314749493,TRUE,FALSE,TRUE
4,196712,"p","2020-01-15 00:27:00",199.616666666667,TRUE,199.533333333333,0.0833333333339965,FALSE,TRUE,80.7731931493941,0.269243977162504,0.969278317785015,4.05054906343,2358.58279899405,36068.2662111837,TRUE,FALSE,TRUE
4,196712,"p","2020-01-15 00:32:00",199.7,TRUE,199.616666666667,0.0833333333330017,FALSE,TRUE,80.7731835509747,0.269243945170987,0.969278202615554,3.9619630373837,2342.83417489064,35988.8009474091,TRUE,FALSE,TRUE
4,196712,"p","2020-01-15 00:37:00",199.783333333333,TRUE,199.7,0.0833333333330017,FALSE,TRUE,80.7731739553008,0.269243913185407,0.969278087467466,3.87337696430409,2327.08555078713,35909.3356836364,TRUE,FALSE,TRUE
4,196712,"p","2020-01-15 00:42:00",199.866666666667,TRUE,199.783333333333,0.0833333333339965,FALSE,TRUE,80.7731643862336,0.269243881285303,0.969277972627089,3.78479084411705,2311.33692666738,35829.8704198449,TRUE,FALSE,TRUE
4,196712,"o","2020-01-15 00:43:00",199.883333333333,TRUE,199.866666666667,0.0166666666660262,FALSE,TRUE,19.0066086299812,0.316776810511858,1.14039651784269,3.70095797284645,2306.35493504207,35811.4692785626,TRUE,FALSE,TRUE
4,196712,"p","2020-01-15 00:47:00",199.95,TRUE,199.883333333333,0.0666666666669755,FALSE,TRUE,515.440101978667,2.14766709156783,7.73160152964418,3.80021408558504,2023.74377806271,35378.2922451774,TRUE,FALSE,TRUE
4,196712,"p","2020-01-15 00:52:00",200.033333333333,TRUE,199.95,0.0833333333330017,FALSE,TRUE,648.163193087873,2.16054397696817,7.77795831708543,3.90075784267748,1668.18949831319,34833.6858427571,TRUE,FALSE,TRUE
4,196712,"p","2020-01-15 00:57:00",200.116666666667,TRUE,200.033333333333,0.0833333333339965,FALSE,TRUE,648.16266641903,2.16054222137957,7.77795199696647,4.0017744731749,1312.63521856348,34289.0794403398,TRUE,FALSE,TRUE
4,196712,"p","2020-01-15 01:02:00",200.2,TRUE,200.116666666667,0.0833333333330017,FALSE,TRUE,648.162141500745,2.16054047167775,7.77794569803989,4.05100827668165,957.080938813569,33744.4730379302,TRUE,FALSE,TRUE
4,196712,"p","2020-01-15 01:07:00",200.283333333333,TRUE,200.2,0.0833333333330017,FALSE,TRUE,648.161618338354,2.16053872780311,7.7779394200912,4.09854867835658,601.526659063928,33199.8666355132,TRUE,FALSE,TRUE
4,196712,"o","2020-01-15 01:09:00",200.316666666667,TRUE,200.283333333333,0.0333333333340136,FALSE,TRUE,258.284997028436,2.15237497519304,7.74854991069495,4.14658437962927,452.502970221473,32987.8004600258,TRUE,FALSE,TRUE
4,196712,"o","2020-01-15 01:11:00",200.35,TRUE,200.316666666667,0.0333333333329904,FALSE,TRUE,659.850642825325,5.49875535693428,19.7955192849634,4.63623290361714,-178.869599827487,33189.8010303377,TRUE,FALSE,TRUE
4,196712,"p","2020-01-15 01:12:00",200.366666666667,TRUE,200.35,0.0166666666669926,FALSE,TRUE,11.7425679170545,0.195709465280414,0.704554075009492,4.5956517446201,-190.615530318356,33190.9159291557,TRUE,FALSE,TRUE
4,196712,"p","2020-01-15 01:17:00",200.45,TRUE,200.366666666667,0.0833333333330017,FALSE,TRUE,17.8243677282771,0.0594145590944934,0.213892412740176,4.54144111126693,-206.168694719302,33182.05239753,TRUE,FALSE,TRUE
4,196712,"p","2020-01-15 01:22:00",200.533333333333,TRUE,200.45,0.0833333333330017,FALSE,TRUE,17.8243674392305,0.0594145581310046,0.213892409271617,4.487230494068,-221.721859044019,33173.1888658834,TRUE,FALSE,TRUE
4,196712,"p","2020-01-15 01:27:00",200.616666666667,TRUE,200.533333333333,0.0833333333339965,FALSE,TRUE,17.8243672095742,0.0594145573647744,0.213892406513188,4.43301989303018,-237.275023369044,33164.3253342309,TRUE,FALSE,TRUE
4,196712,"p","2020-01-15 01:32:00",200.7,TRUE,200.616666666667,0.0833333333330017,FALSE,TRUE,17.8243669759401,0.0594145565867033,0.213892403712132,4.37880930813966,-252.828187693541,33155.4618025832,TRUE,FALSE,TRUE
4,196712,"p","2020-01-15 01:37:00",200.783333333333,TRUE,200.7,0.0833333333330017,FALSE,TRUE,17.8243667562245,0.059414555854318,0.213892401075545,4.32579837974358,-268.381352030894,33146.5982709319,TRUE,FALSE,TRUE
4,196712,"o","2020-01-15 01:38:00",200.8,TRUE,200.783333333333,0.016666666667021,FALSE,TRUE,5.00110701866661,0.0833517836426714,0.300066421113617,4.11807585157782,-272.902403437831,33144.4088869396,TRUE,FALSE,TRUE
4,196712,"p","2020-01-15 01:42:00",200.866666666667,TRUE,200.8,0.0666666666669755,FALSE,TRUE,229.628902978561,0.956787095739572,3.44443354466246,3.99628064873569,-493.19146352746,33075.9142990942,TRUE,FALSE,TRUE
4,196712,"p","2020-01-15 01:47:00",200.95,TRUE,200.866666666667,0.0833333333330017,FALSE,TRUE,288.865763659721,0.962885878869567,3.46638916393044,3.87509516105064,-770.315811832818,32989.7752172113,TRUE,FALSE,TRUE
4,196712,"p","2020-01-15 01:52:00",201.033333333333,TRUE,200.95,0.0833333333330017,FALSE,TRUE,288.865727381208,0.96288575794119,3.46638872858828,3.75555111139765,-1047.44016013833,32903.6361353266,TRUE,FALSE,TRUE
4,196712,"p","2020-01-15 01:57:00",201.116666666667,TRUE,201.033333333333,0.0833333333339965,FALSE,TRUE,288.865691260522,0.962885637527409,3.46638829509867,3.82203125496174,-1324.56450844365,32817.4970534413,TRUE,FALSE,TRUE
4,196712,"o","2020-01-15 02:01:00",201.183333333333,TRUE,201.116666666667,0.0666666666660092,FALSE,TRUE,229.194443708134,0.954976848793308,3.43791665565591,3.88264954099612,-1544.8121304525,32750.3460623609,TRUE,FALSE,TRUE
4,196712,"p","2020-01-15 02:02:00",201.2,TRUE,201.183333333333,0.0166666666669926,FALSE,TRUE,46.2681332107584,0.771135553497561,2.77608799259122,3.92488369831696,-1547.83762826727,32796.648812342,TRUE,FALSE,TRUE
4,196712,"p","2020-01-15 02:07:00",201.283333333333,TRUE,201.2,0.0833333333330017,FALSE,TRUE,239.754361619212,0.799181205400554,2.87705233944199,3.96992242165098,-1555.70583424042,33036.9639342967,TRUE,FALSE,TRUE
4,196712,"p","2020-01-15 02:12:00",201.366666666667,TRUE,201.283333333333,0.0833333333339965,FALSE,TRUE,239.754446536651,0.799181488449145,2.87705335841692,4.01496117410957,-1563.57404020058,33277.2790562593,TRUE,FALSE,TRUE
4,196712,"p","2020-01-15 02:17:00",201.45,TRUE,201.366666666667,0.0833333333330017,FALSE,TRUE,239.754531523969,0.799181771749744,2.87705437829908,4.05999995571625,-1571.4422461609,33517.5941782251,TRUE,FALSE,TRUE
4,196712,"o","2020-01-15 02:21:00",201.516666666667,TRUE,201.45,0.0666666666670039,FALSE,TRUE,191.494174949603,0.797892395619309,2.87241262422951,4.10490980053656,-1578.54233782273,33709.5077065676,TRUE,FALSE,TRUE
4,196712,"p","2020-01-15 02:22:00",201.533333333333,TRUE,201.516666666667,0.0166666666659978,FALSE,TRUE,46.9856871429155,0.783094785746684,2.81914122868806,4.15440548140768,-1609.18847983887,33745.3513323617,TRUE,FALSE,TRUE
4,196712,"p","2020-01-15 02:27:00",201.616666666667,TRUE,201.533333333333,0.0833333333339965,FALSE,TRUE,236.28277823109,0.787609260764033,2.83539333875052,4.00787794351681,-1766.44682434421,33922.876615185,TRUE,FALSE,TRUE
4,196712,"p","2020-01-15 02:32:00",201.7,TRUE,201.616666666667,0.0833333333330017,FALSE,TRUE,236.282840710466,0.78760946903802,2.83539408853687,3.85961718526129,-1923.70516885712,34100.4018980013,TRUE,FALSE,TRUE
4,196712,"p","2020-01-15 02:37:00",201.783333333333,TRUE,201.7,0.0833333333330017,FALSE,TRUE,236.282903270697,0.787609677572124,2.83539483925965,3.71135653267667,-2080.96351336957,34277.9271808221,TRUE,FALSE,TRUE
4,196712,"p","2020-01-15 02:42:00",201.866666666667,TRUE,201.783333333333,0.0833333333339965,FALSE,TRUE,236.282965919501,0.78760988639207,2.83539559101145,3.5630959850997,-2238.2218578822,34455.4524636403,TRUE,FALSE,TRUE
4,196712,"p","2020-01-15 02:47:00",201.95,TRUE,201.866666666667,0.0833333333330017,FALSE,TRUE,234.748060823406,0.782493536081134,2.81697672989208,3.41719362122883,-2396.67341526591,34629.8450846524,TRUE,FALSE,TRUE
4,196712,"p","2020-01-15 02:52:00",202.033333333333,TRUE,201.95,0.0833333333330017,FALSE,TRUE,548.063388585621,1.82687796195934,6.57676066305362,3.5720747595935,-2774.02754121732,34229.5307672442,TRUE,FALSE,TRUE
4,196712,"p","2020-01-15 02:57:00",202.116666666667,TRUE,202.033333333333,0.0833333333339965,FALSE,TRUE,551.153318137042,1.83717772710885,6.61383981759187,3.72886813458813,-3152.57488003993,33826.0837880248,TRUE,FALSE,TRUE
4,196712,"p","2020-01-15 03:02:00",202.2,TRUE,202.116666666667,0.0833333333330017,FALSE,TRUE,551.152993547804,1.83717664516666,6.61383592259996,3.8856614045877,-3531.12221886266,33422.6368088137,TRUE,FALSE,TRUE
4,196712,"p","2020-01-15 03:07:00",202.283333333333,TRUE,202.2,0.0833333333330017,FALSE,TRUE,551.152670045946,1.83717556682713,6.61383204057767,4.04245456995187,-3909.66955768537,33019.1898295953,TRUE,FALSE,TRUE
4,196712,"p","2020-01-15 03:12:00",202.366666666667,TRUE,202.283333333333,0.0833333333339965,FALSE,TRUE,551.152347620293,1.83717449205302,6.61382817139088,4.19924763102864,-4288.21689650782,32615.7428503774,TRUE,FALSE,TRUE
4,196712,"p","2020-01-15 03:17:00",202.45,TRUE,202.366666666667,0.0833333333330017,FALSE,TRUE,551.152026276803,1.83717342092999,6.61382431534795,4.35128729207046,-4666.76423533061,32212.2958711637,TRUE,FALSE,TRUE
4,196712,"p","2020-01-15 03:22:00",202.533333333333,TRUE,202.45,0.0833333333330017,FALSE,TRUE,551.151706013963,1.83717235338719,6.61382047219388,4.32023781825239,-5045.31157415329,31808.8488919528,TRUE,FALSE,TRUE
4,196712,"o","2020-01-15 03:24:00",202.566666666667,TRUE,202.533333333333,0.0333333333340136,FALSE,TRUE,214.764119637151,1.78970099693974,6.44292358898306,4.28315352024955,-5192.97792307756,31651.7895918224,TRUE,FALSE,TRUE
4,196712,"p","2020-01-15 03:27:00",202.616666666667,TRUE,202.566666666667,0.0499999999999829,FALSE,TRUE,298.464605266544,1.65813669592581,5.96929210533291,4.23291296770417,-5006.294133478,31886.0483918612,TRUE,FALSE,TRUE
4,196712,"p","2020-01-15 03:32:00",202.7,TRUE,202.616666666667,0.0833333333330017,FALSE,TRUE,506.934123345963,1.68978041115993,6.08320948017576,4.18583696165239,-4688.90017313717,32283.6788778515,TRUE,FALSE,TRUE
4,196712,"p","2020-01-15 03:37:00",202.783333333333,TRUE,202.7,0.0833333333330017,FALSE,TRUE,506.934414536434,1.68978138179484,6.08321297446141,4.13876122705156,-4371.50621281723,32681.3093638189,TRUE,FALSE,TRUE
4,196712,"o","2020-01-15 03:38:00",202.8,TRUE,202.783333333333,0.016666666667021,FALSE,TRUE,97.6491294615955,1.62748549099199,5.85894776757117,4.08627227863146,-4310.37830063244,32757.9120610539,TRUE,FALSE,TRUE
4,196712,"p","2020-01-15 03:42:00",202.866666666667,TRUE,202.8,0.0666666666669755,FALSE,TRUE,145.285844220221,0.605357684248118,2.17928766329322,3.59693251136284,-4402.90088005166,32645.209199164,TRUE,FALSE,TRUE
4,196712,"p","2020-01-15 03:47:00",202.95,TRUE,202.866666666667,0.0833333333330017,FALSE,TRUE,186.279305050904,0.620931016838816,2.23535166061974,3.63945466651868,-4521.49270420596,32500.6763718257,TRUE,FALSE,TRUE
4,196712,"p","2020-01-15 03:52:00",203.033333333333,TRUE,202.95,0.0833333333330017,FALSE,TRUE,186.279266108512,0.620930887030844,2.23535119331104,3.69560629931232,-4640.08452836049,32356.1435444738,TRUE,FALSE,TRUE
4,196712,"p","2020-01-15 03:57:00",203.116666666667,TRUE,203.033333333333,0.0833333333339965,FALSE,TRUE,186.279227210375,0.620930757362976,2.23535072650671,3.75175791923551,-4758.6763525147,32211.6107171251,TRUE,FALSE,TRUE
4,196712,"p","2020-01-15 04:02:00",203.2,TRUE,203.116666666667,0.0833333333330017,FALSE,TRUE,186.279188349568,0.620930627834365,2.23535026020371,3.80790952628247,-4877.26817666909,32067.0778897816,TRUE,FALSE,TRUE
4,196712,"p","2020-01-15 04:07:00",203.283333333333,TRUE,203.2,0.0833333333330017,FALSE,TRUE,186.279149535561,0.620930498454341,2.23534979443563,3.86406112046924,-4995.86000082352,31922.5450624372,TRUE,FALSE,TRUE
4,196712,"p","2020-01-15 04:12:00",203.366666666667,TRUE,203.283333333333,0.0833333333339965,FALSE,TRUE,186.279110760711,0.620930369197428,2.23534932911074,3.92021270180355,-5114.45182497777,31778.0122350913,TRUE,FALSE,TRUE
4,196712,"p","2020-01-15 04:17:00",203.45,TRUE,203.366666666667,0.0833333333330017,FALSE,TRUE,186.279072028653,0.620930240097982,2.23534886435274,3.97397054744908,-5233.04364913212,31633.4794077529,TRUE,FALSE,TRUE
4,196712,"p","2020-01-15 04:22:00",203.533333333333,TRUE,203.45,0.0833333333330017,FALSE,TRUE,186.27903333927,0.62093011113337,2.23534840008013,3.94038484898846,-5351.63547328658,31488.946580407,TRUE,FALSE,TRUE
4,196712,"o","2020-01-15 04:25:00",203.583333333333,TRUE,203.533333333333,0.0500000000000114,FALSE,TRUE,110.410873957372,0.61339374420748,2.20821747914693,3.90543563552225,-5423.39764858876,31404.5028302919,TRUE,FALSE,TRUE
4,196712,"o","2020-01-15 04:27:00",203.616666666667,TRUE,203.583333333333,0.0333333333339851,FALSE,TRUE,141.939823282316,1.18283186066284,4.25819469838622,3.92743024579441,-5516.66327630985,31512.1952805813,TRUE,FALSE,TRUE
4,196712,"p","2020-01-15 04:32:00",203.7,TRUE,203.616666666667,0.0833333333330017,FALSE,TRUE,494.294832596308,1.64764944199425,5.9315379911793,3.9959066262411,-6006.29584625307,31595.3309055839,TRUE,FALSE,TRUE
4,196712,"p","2020-01-15 04:37:00",203.783333333333,TRUE,203.7,0.0833333333330017,FALSE,TRUE,495.494982863909,1.65164994288627,5.94593979439057,4.06557393565039,-6497.32958022542,31677.4125124969,TRUE,FALSE,TRUE
4,196712,"p","2020-01-15 04:42:00",203.866666666667,TRUE,203.783333333333,0.0833333333339965,FALSE,TRUE,495.495052699693,1.6516501756525,5.945940632349,4.15362539786589,-6988.36331419753,31759.4941194012,TRUE,FALSE,TRUE
4,196712,"p","2020-01-15 04:47:00",203.95,TRUE,203.866666666667,0.0833333333330017,FALSE,TRUE,495.49512333034,1.65165041110771,5.94594147998775,4.2388723184366,-7479.39704816995,31841.5757262999,TRUE,FALSE,TRUE
4,196712,"p","2020-01-15 04:52:00",204.033333333333,TRUE,203.95,0.0833333333330017,FALSE,TRUE,495.495194754866,1.65165064918946,5.94594233708206,4.32411923451064,-7970.43078214217,31923.6573332173,TRUE,FALSE,TRUE
4,196712,"o","2020-01-15 04:54:00",204.066666666667,TRUE,204.033333333333,0.0333333333340136,FALSE,TRUE,197.260089018385,1.64383407511966,5.91780267043077,4.40858446484763,-8165.89559924087,31956.4482846107,TRUE,FALSE,TRUE
4,196712,"p","2020-01-15 04:57:00",204.116666666667,TRUE,204.066666666667,0.0499999999999829,FALSE,TRUE,194.2696131726,1.07927562873703,3.88539226345333,4.4367227881594,-8355.90162545335,32001.0997807849,TRUE,FALSE,TRUE
4,196712,"o","2020-01-15 04:58:00",204.133333333333,TRUE,204.116666666667,0.0166666666660262,FALSE,TRUE,65.2412990029111,1.08735498342363,3.91447794032508,4.46714880792709,-8419.60823269653,32016.5245151134,TRUE,FALSE,TRUE
4,196712,"p","2020-01-15 05:02:00",204.2,TRUE,204.133333333333,0.0666666666669755,FALSE,TRUE,378.850964749255,1.57854568644792,5.6827644712125,4.54624245049548,-8772.99685929399,32157.7623457887,TRUE,FALSE,TRUE
4,196712,"p","2020-01-15 05:07:00",204.283333333333,TRUE,204.2,0.0833333333330017,FALSE,TRUE,474.614973023334,1.58204991008407,5.69537967630267,4.62568649460009,-9215.59200588687,32335.0031333669,TRUE,FALSE,TRUE
4,196712,"o","2020-01-15 05:12:00",204.366666666667,TRUE,204.283333333333,0.0833333333339965,FALSE,TRUE,473.020907468833,1.5767363582169,5.67625088958083,4.70459916266457,-9657.35088019649,32510.0220680984,TRUE,FALSE,TRUE
4,196712,"p","2020-01-15 05:17:00",204.45,TRUE,204.366666666667,0.0833333333330017,FALSE,TRUE,368.966418837594,1.22988806279688,4.42759702606875,4.74882698030505,-9945.69023038195,32277.4278187704,TRUE,FALSE,TRUE
4,196712,"p","2020-01-15 05:22:00",204.533333333333,TRUE,204.45,0.0833333333330017,FALSE,TRUE,369.718433060176,1.23239477687216,4.43662119673977,4.79381710438415,-10233.1933082841,32042.6117165854,TRUE,FALSE,TRUE
4,196712,"p","2020-01-15 05:27:00",204.616666666667,TRUE,204.533333333333,0.0833333333339965,FALSE,TRUE,369.718312670004,1.23239437555687,4.43661975200475,4.7343687457439,-10520.696386186,31807.7956143977,TRUE,FALSE,TRUE
4,196712,"p","2020-01-15 05:32:00",204.7,TRUE,204.616666666667,0.0833333333330017,FALSE,TRUE,369.718192606175,1.23239397535882,4.43661831129175,4.6738903705689,-10808.1994640882,31572.9795122096,TRUE,FALSE,TRUE
4,196712,"p","2020-01-15 05:37:00",204.783333333333,TRUE,204.7,0.0833333333330017,FALSE,TRUE,369.718072867634,1.23239357623035,4.43661687442926,4.61341206367527,-11095.7025419903,31338.1634100291,TRUE,FALSE,TRUE
4,196712,"p","2020-01-15 05:42:00",204.866666666667,TRUE,204.783333333333,0.0833333333339965,FALSE,TRUE,369.717953457826,1.23239317818294,4.4366154414586,4.55293382481085,-11383.2056199005,31103.3473078628,TRUE,FALSE,TRUE
4,196712,"o","2020-01-15 05:43:00",204.883333333333,TRUE,204.866666666667,0.0166666666660262,FALSE,TRUE,73.9689848105057,1.2328164135558,4.43813908880088,4.49249801696113,-11441.6420595784,31057.5080056012,TRUE,FALSE,TRUE
4,196712,"p","2020-01-15 05:47:00",204.95,TRUE,204.883333333333,0.0666666666669755,FALSE,TRUE,366.822642575398,1.52842767739041,5.50233963860548,4.46162344260717,-11809.5523728456,31035.2814858228,TRUE,FALSE,TRUE
4,196712,"p","2020-01-15 05:52:00",205.033333333333,TRUE,204.95,0.0833333333330017,FALSE,TRUE,459.608092134258,1.53202697378696,5.51529710563304,4.43110890464715,-12270.6100445616,31008.90323384,TRUE,FALSE,TRUE
4,196712,"p","2020-01-15 05:57:00",205.116666666667,TRUE,205.033333333333,0.0833333333339965,FALSE,TRUE,459.608091239906,1.5320269707875,5.51529709483499,4.40534150203192,-12731.667716278,30982.5249818546,TRUE,FALSE,TRUE
4,196712,"p","2020-01-15 06:02:00",205.2,TRUE,205.116666666667,0.0833333333330017,FALSE,TRUE,459.608090979398,1.53202696993742,5.51529709177472,4.39273052943308,-13192.725387994,30956.146729872,TRUE,FALSE,TRUE
4,196712,"o","2020-01-15 06:05:00",205.25,TRUE,205.2,0.0500000000000114,FALSE,TRUE,273.531485165278,1.51961936202897,5.47062970330431,4.37571442451999,-13467.0826399611,30939.8173648493,TRUE,FALSE,TRUE
4,196712,"p","2020-01-15 06:07:00",205.283333333333,TRUE,205.25,0.0333333333329904,FALSE,TRUE,50.3854288987577,0.419878574160634,1.51156286697828,4.24872414375657,-13484.8433043737,30892.4981283877,TRUE,FALSE,TRUE
4,196712,"p","2020-01-15 06:12:00",205.366666666667,TRUE,205.283333333333,0.0833333333339965,FALSE,TRUE,125.28051347777,0.417601711589245,1.50336616172128,4.12773576581629,-13523.5515877488,30772.9440026558,TRUE,FALSE,TRUE
4,196712,"p","2020-01-15 06:17:00",205.45,TRUE,205.366666666667,0.0833333333330017,FALSE,TRUE,125.28049204862,0.417601640163728,1.50336590458942,4.10896016140785,-13562.2598711239,30653.3898769217,TRUE,FALSE,TRUE
4,196712,"p","2020-01-15 06:22:00",205.533333333333,TRUE,205.45,0.0833333333330017,FALSE,TRUE,125.280470629957,0.417601568768186,1.50336564756547,4.08862721660079,-13600.9681544992,30533.835751188,TRUE,FALSE,TRUE
4,196712,"p","2020-01-15 06:27:00",205.616666666667,TRUE,205.533333333333,0.0833333333339965,FALSE,TRUE,125.280449226974,0.417601497419924,1.50336539071173,4.0682942776397,-13639.6764378742,30414.2816254469,TRUE,FALSE,TRUE
4,196712,"p","2020-01-15 06:32:00",205.7,TRUE,205.616666666667,0.0833333333330017,FALSE,TRUE,125.280427833245,0.417601426112479,1.50336513400493,4.04796134451465,-13678.3847212495,30294.727499716,TRUE,FALSE,TRUE
4,196712,"o","2020-01-15 06:34:00",205.733333333333,TRUE,205.7,0.0333333333330188,FALSE,TRUE,50.6445766274467,0.422038138566038,1.51933729883774,4.02807209558782,-13694.8829132362,30246.6803179335,TRUE,FALSE,TRUE
4,196712,"p","2020-01-15 06:37:00",205.783333333333,TRUE,205.733333333333,0.0499999999999829,FALSE,TRUE,165.429294297423,0.919051634985998,3.30858588594959,4.05788420924098,-13830.0224633725,30150.0776158372,TRUE,FALSE,TRUE
4,196712,"p","2020-01-15 06:42:00",205.866666666667,TRUE,205.783333333333,0.0833333333339965,FALSE,TRUE,277.303079108646,0.924343597021464,3.32763694927727,4.08822553202339,-14056.9465113273,29988.6972265302,TRUE,FALSE,TRUE
4,196712,"p","2020-01-15 06:47:00",205.95,TRUE,205.866666666667,0.0833333333330017,FALSE,TRUE,277.303019726317,0.924343399091401,3.32763623672904,4.11856684792273,-14283.8705592824,29827.3168372163,TRUE,FALSE,TRUE
4,196712,"o","2020-01-15 06:50:00",206,TRUE,205.95,0.0500000000000114,FALSE,TRUE,171.536101017446,0.952978338985595,3.43072202034814,4.15177167070795,-14425.0179227511,29728.5836194083,TRUE,FALSE,TRUE
4,196712,"p","2020-01-15 06:52:00",206.033333333333,TRUE,206,0.0333333333329904,FALSE,TRUE,497.456895269948,4.14547412729222,14.923706858252,4.50497970901642,-14881.1833363675,29524.619821339,TRUE,FALSE,TRUE
4,196712,"p","2020-01-15 06:57:00",206.116666666667,TRUE,206.033333333333,0.0833333333339965,FALSE,TRUE,1256.92037070486,4.18973456898284,15.0830444483382,4.80566997984842,-16034.0792071477,29009.9478655956,TRUE,FALSE,TRUE
4,196712,"p","2020-01-15 07:02:00",206.2,TRUE,206.116666666667,0.0833333333330017,FALSE,TRUE,1256.91958385104,4.18973194618679,15.0830350062725,5.05987823026768,-17186.975077928,28495.275909864,TRUE,FALSE,TRUE
4,196712,"p","2020-01-15 07:07:00",206.283333333333,TRUE,206.2,0.0833333333330017,FALSE,TRUE,1256.91880992407,4.18972936643023,15.0830257191488,5.31368617262207,-18339.8709487086,27980.603954122,TRUE,FALSE,TRUE
4,196712,"p","2020-01-15 07:12:00",206.366666666667,TRUE,206.283333333333,0.0833333333339965,FALSE,TRUE,1256.9180489237,4.18972682971231,15.0830165869643,5.56749383802805,-19492.7668194884,27465.93199838,TRUE,FALSE,TRUE
4,196712,"p","2020-01-15 07:17:00",206.45,TRUE,206.366666666667,0.0833333333330017,FALSE,TRUE,1256.91730084908,4.18972433618029,15.083007610249,5.82130123053531,-20645.6626902687,26951.2600426449,TRUE,FALSE,TRUE
4,196712,"p","2020-01-15 07:22:00",206.533333333333,TRUE,206.45,0.0833333333330017,FALSE,TRUE,1256.9165656467,4.18972188550566,15.0829987878204,6.07510835416693,-21798.5585609981,26436.5880869208,TRUE,FALSE,TRUE
4,196712,"o","2020-01-15 07:23:00",206.55,TRUE,206.533333333333,0.016666666667021,FALSE,TRUE,245.226383575683,4.08710639284117,14.7135830142282,6.31943558593908,-22023.3631900162,26335.8912983347,TRUE,FALSE,TRUE
4,196712,"p","2020-01-15 07:27:00",206.616666666667,TRUE,206.55,0.0666666666669755,FALSE,TRUE,108.28789125581,0.451199546897118,1.62431836882962,6.25662797775509,-22094.7132227712,26253.8983530593,TRUE,FALSE,TRUE
4,196712,"p","2020-01-15 07:32:00",206.7,TRUE,206.616666666667,0.0833333333330017,FALSE,TRUE,128.593941404274,0.428646471349286,1.54312729685743,6.19075712654766,-22176.6825822283,26154.2041746941,TRUE,FALSE,TRUE
4,196712,"p","2020-01-15 07:37:00",206.783333333333,TRUE,206.7,0.0833333333330017,FALSE,TRUE,128.59392457659,0.428646415257005,1.54312709492522,6.07576719942857,-22258.6519416853,26054.5099963257,TRUE,FALSE,TRUE
4,196712,"p","2020-01-15 07:42:00",206.866666666667,TRUE,206.783333333333,0.0833333333339965,FALSE,TRUE,128.59390776823,0.428646359224022,1.54312689320648,5.96042684434256,-22340.6213011425,25954.8158179593,TRUE,FALSE,TRUE
4,196712,"p","2020-01-15 07:47:00",206.95,TRUE,206.866666666667,0.0833333333330017,FALSE,TRUE,128.593890970377,0.428646303236294,1.54312669165066,5.8456178388445,-22422.5906605997,25855.1216395918,TRUE,FALSE,TRUE
4,196712,"p","2020-01-15 07:52:00",207.033333333333,TRUE,206.95,0.0833333333330017,FALSE,TRUE,128.59387418762,0.428646247293772,1.54312649025758,5.76549365729419,-22504.5600200571,25755.4274612245,TRUE,FALSE,TRUE
4,196712,"p","2020-01-15 07:57:00",207.116666666667,TRUE,207.033333333333,0.0833333333339965,FALSE,TRUE,128.593857417185,0.428646191387204,1.54312628899393,5.6851187987457,-22586.529379514,25655.7332828527,TRUE,FALSE,TRUE
4,196712,"p","2020-01-15 08:02:00",207.2,TRUE,207.116666666667,0.0833333333330017,FALSE,TRUE,128.593840663295,0.428646135546022,1.54312608796568,5.60474397474461,-22668.4987389713,25556.0391044869,TRUE,FALSE,TRUE
4,196712,"p","2020-01-15 08:07:00",207.283333333333,TRUE,207.2,0.0833333333330017,FALSE,TRUE,128.593823918587,0.428646079730327,1.54312588702918,5.52436918518176,-22750.4680984283,25456.3449261164,TRUE,FALSE,TRUE
4,196712,"p","2020-01-15 08:12:00",207.366666666667,TRUE,207.283333333333,0.0833333333339965,FALSE,TRUE,128.59380725681,0.428646024185956,1.54312568706944,5.44399442997732,-22832.4374579045,25356.6507476814,TRUE,FALSE,TRUE
4,196712,"o","2020-01-15 08:13:00",207.383333333333,TRUE,207.366666666667,0.0166666666660262,FALSE,TRUE,33.2606222925656,0.554343704897394,1.99563733763062,5.37618948264877,-22850.9874059225,25328.9037352952,TRUE,FALSE,TRUE
4,196712,"p","2020-01-15 08:17:00",207.45,TRUE,207.383333333333,0.0666666666669755,FALSE,TRUE,1284.7965615677,5.35331900650729,19.2719484234262,5.78823974194392,-23234.29335788,24098.4953232323,TRUE,FALSE,TRUE
5,196712,"o","2020-01-15 08:54:00",208.066666666667,TRUE,208.033333333333,0.0333333333340136,FALSE,TRUE,263.920045994091,2.19933371657254,7.91760137966114,7.91760137966114,-25043.0240824431,23244.1371654239,TRUE,TRUE,TRUE
5,196712,"p","2020-01-15 08:57:00",208.116666666667,TRUE,208.066666666667,0.0499999999999829,FALSE,TRUE,50.5982755800252,0.281101531000236,1.01196551160085,4.464783445631,-24992.911478041,23235.5779349209,TRUE,FALSE,TRUE
5,196712,"p","2020-01-15 09:02:00",208.2,TRUE,208.116666666667,0.0833333333330017,FALSE,TRUE,86.8763517162731,0.289587839055396,1.04251622059943,3.32402770395381,-24908.0106509003,23215.3204348523,TRUE,FALSE,TRUE
5,196712,"p","2020-01-15 09:07:00",208.283333333333,TRUE,208.2,0.0833333333330017,FALSE,TRUE,7.24873734287565,0.0241624578096816,0.0869848481148539,2.51476698999407,-24901.9967753659,23219.4216881388,TRUE,FALSE,TRUE
5,196712,"p","2020-01-15 09:12:00",208.366666666667,TRUE,208.283333333333,0.0833333333339965,FALSE,TRUE,6.97890265923289,0.0232630088639245,0.0837468319101282,2.02856295837728,-24896.4129035842,23223.6557181977,TRUE,FALSE,TRUE
5,196712,"p","2020-01-15 09:17:00",208.45,TRUE,208.366666666667,0.0833333333330017,FALSE,TRUE,6.97890269493122,0.0232630089831966,0.0837468323395078,1.70442693737098,-24890.8290318029,23227.8897482586,TRUE,FALSE,TRUE
5,196712,"p","2020-01-15 09:22:00",208.533333333333,TRUE,208.45,0.0833333333330017,FALSE,TRUE,6.97890272838857,0.0232630090947211,0.0837468327409961,1.47290120813813,-24885.2451600216,23232.1237783196,TRUE,FALSE,TRUE
5,196712,"p","2020-01-15 09:27:00",208.616666666667,TRUE,208.533333333333,0.0833333333339965,FALSE,TRUE,6.9789027653883,0.0232630092177759,0.0837468331839931,1.29925691126886,-24879.66128824,23236.3578083787,TRUE,FALSE,TRUE
5,196712,"p","2020-01-18 16:17:00",287.45,TRUE,287.366666666667,0.0833333333329733,FALSE,TRUE,448.428368259767,1.49476122753901,5.38114041914045,1.2615512958316,-16402.7107277069,28324.7057534776,TRUE,FALSE,TRUE
5,196712,"p","2020-01-18 16:22:00",287.533333333333,TRUE,287.45,0.0833333333330302,FALSE,TRUE,448.428443024396,1.49476147675342,5.38114131631232,1.40870113150359,-15976.7837170738,28471.4339291294,TRUE,FALSE,TRUE
5,196712,"p","2020-01-18 16:27:00",287.616666666667,TRUE,287.533333333333,0.0833333333339965,FALSE,TRUE,448.42851837607,1.49476172790834,5.38114222047001,1.55585099227893,-15550.8567064408,28618.162104781,TRUE,FALSE,TRUE
5,196712,"p","2020-01-18 16:32:00",287.7,TRUE,287.616666666667,0.0833333333329733,FALSE,TRUE,448.428594317404,1.49476198106447,5.3811431318321,1.7030008783573,-15124.9296958078,28764.8902804315,TRUE,FALSE,TRUE
5,196712,"p","2020-01-18 16:37:00",287.783333333333,TRUE,287.7,0.0833333333330302,FALSE,TRUE,448.428670844375,1.49476223615335,5.38114405015207,1.85015078993213,-14699.0026851745,28911.6184560851,TRUE,FALSE,TRUE
5,196712,"p","2020-01-18 16:42:00",287.866666666667,TRUE,287.783333333333,0.0833333333339965,FALSE,TRUE,448.428747960547,1.49476249318993,5.38114497548374,1.99730072719796,-14273.0756745418,29058.346631733,TRUE,FALSE,TRUE
5,196712,"p","2020-01-18 16:47:00",287.95,TRUE,287.866666666667,0.0833333333329733,FALSE,TRUE,448.428825664215,1.49476275222051,5.38114590799383,2.14445069035445,-13847.1486639086,29205.0748073898,TRUE,FALSE,TRUE
5,196712,"p","2020-01-18 16:52:00",288.033333333333,TRUE,287.95,0.0833333333330302,FALSE,TRUE,448.428903955954,1.49476301319195,5.38114684749102,2.29160067959605,-13421.2216532753,29351.8029830396,TRUE,FALSE,TRUE
5,196712,"p","2020-01-18 16:57:00",288.116666666667,TRUE,288.033333333333,0.0833333333339965,FALSE,TRUE,448.428982833638,1.49476327610023,5.38114779396084,2.43875069511543,-12995.2946426424,29498.531158686,TRUE,FALSE,TRUE
5,196712,"p","2020-01-18 17:02:00",288.2,TRUE,288.116666666667,0.0833333333329733,FALSE,TRUE,448.429062301435,1.49476354101124,5.38114874764046,2.58590073711384,-12569.3676320092,29645.2593343465,TRUE,FALSE,TRUE
5,196712,"p","2020-01-18 17:07:00",288.283333333333,TRUE,288.2,0.0833333333330302,FALSE,TRUE,448.429142354598,1.4947638078541,5.38114970827475,2.73305080578355,-12143.440621376,29791.9875099909,TRUE,FALSE,TRUE
5,196712,"p","2020-01-18 17:12:00",288.366666666667,TRUE,288.283333333333,0.0833333333339965,FALSE,TRUE,448.429222998868,1.494764076651,5.38115067594359,2.88020090132109,-11717.513610743,29938.7156856507,TRUE,FALSE,TRUE
5,196712,"o","2020-01-18 17:16:00",288.433333333333,TRUE,288.366666666667,0.0666666666659808,FALSE,TRUE,356.1836813368,1.48409867225194,5.34275522010697,3.02628445640547,-11379.2248387418,30055.3229053254,TRUE,FALSE,TRUE
5,196712,"p","2020-01-18 17:17:00",288.45,TRUE,288.433333333333,0.0166666666669926,FALSE,TRUE,3.59185514897691,0.0598642524817779,0.2155113089344,3.02994456950074,-11382.5654583891,30056.6862146159,TRUE,FALSE,TRUE
5,196712,"p","2020-01-18 17:22:00",288.533333333333,TRUE,288.45,0.0833333333330302,FALSE,TRUE,28.977585360349,0.0965919512015147,0.347731024325453,3.03727745245523,-11411.5327390206,30059.626156902,TRUE,FALSE,TRUE
5,196712,"p","2020-01-18 17:27:00",288.616666666667,TRUE,288.533333333333,0.0833333333339965,FALSE,TRUE,28.9775855674244,0.096591951890646,0.347731026806326,3.04461033546674,-11440.5000196738,30062.5660991736,TRUE,FALSE,TRUE
5,196712,"p","2020-01-18 17:32:00",288.7,TRUE,288.616666666667,0.0833333333329733,FALSE,TRUE,28.977585753397,0.0965919525117405,0.347731029042266,3.05194321852714,-11469.467300327,30065.5060414492,TRUE,FALSE,TRUE
5,196712,"p","2020-01-18 17:37:00",288.783333333333,TRUE,288.7,0.0833333333330302,FALSE,TRUE,28.977585939608,0.096591953132378,0.347731031276561,3.05927610163735,-11498.4345809802,30068.4459837252,TRUE,FALSE,TRUE
5,196712,"p","2020-01-18 17:42:00",288.866666666667,TRUE,288.783333333333,0.0833333333339965,FALSE,TRUE,28.977586126392,0.0965919537538713,0.347731033513937,3.06660898479783,-11527.4018616334,30071.3859259944,TRUE,FALSE,TRUE
5,196712,"p","2020-01-18 17:47:00",288.95,TRUE,288.866666666667,0.0833333333329733,FALSE,TRUE,28.9775863125734,0.0965919543756619,0.347731035752383,3.07394186800721,-11556.3691422867,30074.3258682665,TRUE,FALSE,TRUE
5,196712,"p","2020-01-18 17:52:00",289.033333333333,TRUE,288.95,0.0833333333330302,FALSE,TRUE,28.9775864995404,0.0965919549988195,0.34773103799575,3.0812747512667,-11585.3364229399,30077.2658105514,TRUE,FALSE,TRUE
5,196712,"p","2020-01-18 17:57:00",289.116666666667,TRUE,289.033333333333,0.0833333333339965,FALSE,TRUE,28.9775866864268,0.0965919556206541,0.347731040234355,3.08860763457588,-11614.3037035932,30080.205752818,TRUE,FALSE,TRUE
5,196712,"p","2020-01-18 18:02:00",289.2,TRUE,289.116666666667,0.0833333333329733,FALSE,TRUE,28.9775868736986,0.0965919562460793,0.347731042485886,3.09594051793489,-11643.2709842467,30083.1456950915,TRUE,FALSE,TRUE
5,196712,"p","2020-01-18 18:07:00",289.283333333333,TRUE,289.2,0.0833333333330302,FALSE,TRUE,28.9775870605397,0.0965919568688171,0.347731044727742,3.10327340134454,-11672.2382648998,30086.085637374,TRUE,FALSE,TRUE
5,196712,"p","2020-01-18 18:12:00",289.366666666667,TRUE,289.283333333333,0.0833333333339965,FALSE,TRUE,28.9775872480349,0.0965919574926811,0.347731046973652,3.11060628480317,-11701.2055455529,30089.0255796473,TRUE,FALSE,TRUE
5,196712,"o","2020-01-18 18:14:00",289.4,TRUE,289.366666666667,0.033333333332962,FALSE,TRUE,10.3063310475806,0.0858860920641288,0.309189931430864,3.11686858170623,-11710.9214146567,30092.6025474756,TRUE,FALSE,TRUE
5,196712,"p","2020-01-18 18:17:00",289.45,TRUE,289.4,0.0500000000000114,FALSE,TRUE,325.562170290605,1.80867872383628,6.51124340581062,3.29541014177483,-11521.9746403225,30359.1330380273,TRUE,FALSE,TRUE
5,196712,"p","2020-01-18 18:22:00",289.533333333333,TRUE,289.45,0.0833333333330302,FALSE,TRUE,547.653747861128,1.82551249287707,6.57184497435745,3.47563507873477,-11203.9449445032,30807.3521738123,TRUE,FALSE,TRUE
5,196712,"p","2020-01-18 18:27:00",289.616666666667,TRUE,289.533333333333,0.0833333333339965,FALSE,TRUE,547.654093534612,1.82551364510084,6.57184912236304,3.65393042767331,-10885.9152486839,31255.571309599,TRUE,FALSE,TRUE
5,196712,"p","2020-01-18 18:32:00",289.7,TRUE,289.616666666667,0.0833333333329733,FALSE,TRUE,547.654440265246,1.82551480089204,6.57185328321135,3.68832940285948,-10567.8855528648,31703.7904453851,TRUE,FALSE,TRUE
5,196712,"p","2020-01-18 18:37:00",289.783333333333,TRUE,289.7,0.0833333333330302,FALSE,TRUE,547.654788053126,1.82551596018373,6.57185745666142,3.72140502153955,-10249.8558570453,32152.0095811738,TRUE,FALSE,TRUE
5,196712,"p","2020-01-18 18:42:00",289.866666666667,TRUE,289.783333333333,0.0833333333339965,FALSE,TRUE,547.655136898622,1.82551712298088,6.57186164273116,3.75448073275306,-9931.82616122626,32600.2287169522,TRUE,FALSE,TRUE
5,196712,"p","2020-01-18 18:47:00",289.95,TRUE,289.866666666667,0.0833333333329733,FALSE,TRUE,547.655486803856,1.82551828935407,6.57186584167466,3.78755653666402,-9613.79646540684,33048.4478527409,TRUE,FALSE,TRUE
5,196712,"p","2020-01-18 18:52:00",290.033333333333,TRUE,289.95,0.0833333333330302,FALSE,TRUE,547.655837764487,1.8255194592216,6.57187005319775,3.82063243342159,-9295.7667695874,33496.6669885334,TRUE,FALSE,TRUE
5,196712,"p","2020-01-18 18:57:00",290.116666666667,TRUE,290.033333333333,0.0833333333339965,FALSE,TRUE,547.656189780503,1.82552063258715,6.57187427731374,3.85370842318216,-8977.73707376824,33944.8861243122,TRUE,FALSE,TRUE
5,196712,"o","2020-01-18 19:00:00",290.166666666667,TRUE,290.116666666667,0.0500000000000114,FALSE,TRUE,327.366381393535,1.81870211885256,6.54732762786922,3.88610253704145,-8786.5488598599,34212.0440567072,TRUE,FALSE,TRUE
5,196712,"p","2020-01-18 19:02:00",290.2,TRUE,290.166666666667,0.033333333332962,FALSE,TRUE,161.315954342388,1.34429961953488,4.83947863032556,3.87105637624103,-8632.23041973804,34261.5388307798,TRUE,FALSE,TRUE
5,196712,"p","2020-01-18 19:07:00",290.283333333333,TRUE,290.2,0.0833333333330302,FALSE,TRUE,402.839770218786,1.3427992340675,4.83407724264301,3.85586015197244,-8245.50832839184,34380.8418932438,TRUE,FALSE,TRUE
5,196712,"p","2020-01-18 19:12:00",290.366666666667,TRUE,290.283333333333,0.0833333333339965,FALSE,TRUE,402.839833180518,1.34279944392437,4.83407799812775,3.84066392357405,-7858.78623704573,34500.1449557229,TRUE,FALSE,TRUE
5,196712,"p","2020-01-18 19:17:00",290.45,TRUE,290.366666666667,0.0833333333329733,FALSE,TRUE,402.839896569718,1.34279965523819,4.8340787588575,3.82546769099142,-7472.06414569957,34619.448018184,TRUE,FALSE,TRUE
5,196712,"p","2020-01-18 19:22:00",290.533333333333,TRUE,290.45,0.0833333333330302,FALSE,TRUE,402.839960383656,1.3427998679504,4.83407952462146,3.81027145417112,-7085.34205435328,34738.7510806536,TRUE,FALSE,TRUE
5,196712,"p","2020-01-18 19:27:00",290.616666666667,TRUE,290.533333333333,0.0833333333339965,FALSE,TRUE,402.840024625046,1.3428000820728,4.83408029546209,3.79507521305941,-6698.61996300712,34858.0541431298,TRUE,FALSE,TRUE
5,196712,"p","2020-01-18 19:32:00",290.7,TRUE,290.616666666667,0.0833333333329733,FALSE,TRUE,402.840089291754,1.34280029764498,4.83408107152193,3.77987896760186,-6311.89787166108,34977.3572056041,TRUE,FALSE,TRUE
5,196712,"p","2020-01-18 19:37:00",290.783333333333,TRUE,290.7,0.0833333333330302,FALSE,TRUE,402.840154384493,1.34280051461986,4.8340818526315,3.76468271774465,-5925.1757803146,35096.6602680688,TRUE,FALSE,TRUE
5,196712,"p","2020-01-18 19:42:00",290.866666666667,TRUE,290.783333333333,0.0833333333339965,FALSE,TRUE,402.840219905312,1.34280073300702,4.83408263882528,3.74948646343533,-5538.45368896864,35215.9633305427,TRUE,FALSE,TRUE
5,196712,"p","2020-01-18 19:47:00",290.95,TRUE,290.866666666667,0.0833333333329733,FALSE,TRUE,402.840285849186,1.34280095283642,4.83408343021111,3.73429020461785,-5151.73159762257,35335.2663930168,TRUE,FALSE,TRUE
5,196712,"p","2020-01-18 19:52:00",291.033333333333,TRUE,290.95,0.0833333333330302,FALSE,TRUE,402.840352222986,1.3428011740815,4.83408422669341,3.71909394124059,-4765.00950627613,35454.5694554811,TRUE,FALSE,TRUE
5,196712,"o","2020-01-18 19:55:00",291.083333333333,TRUE,291.033333333333,0.0499999999999545,FALSE,TRUE,240.725110848631,1.33736172693806,4.814502216977,3.70335370626929,-4533.98473915172,35526.082241546,TRUE,FALSE,TRUE
5,196712,"p","2020-01-18 19:57:00",291.116666666667,TRUE,291.083333333333,0.033333333334042,FALSE,TRUE,91.050383474821,0.758753195607377,2.73151150418656,3.63081915860484,-4453.09962339341,35568.7501060013,TRUE,FALSE,TRUE
5,196712,"p","2020-01-18 20:02:00",291.2,TRUE,291.116666666667,0.0833333333329733,FALSE,TRUE,225.329466385936,0.751098221289697,2.70395359664291,3.69994255548563,-4253.40805320531,35675.2471385928,TRUE,FALSE,TRUE
5,196712,"p","2020-01-18 20:07:00",291.283333333333,TRUE,291.2,0.0833333333330302,FALSE,TRUE,225.3295009285,0.751098336431067,2.70395401115184,3.76539319400858,-4053.71648301739,35781.7441711938,TRUE,FALSE,TRUE
5,196712,"p","2020-01-18 20:12:00",291.366666666667,TRUE,291.283333333333,0.0833333333339965,FALSE,TRUE,225.329535546433,0.751098451815465,2.70395442653568,3.83084384400107,-3854.02491282919,35888.2412037839,TRUE,FALSE,TRUE
5,196712,"o","2020-01-18 20:16:00",291.433333333333,TRUE,291.366666666667,0.0666666666659808,FALSE,TRUE,180.308035864392,0.751283482776031,2.70462053799371,3.8963129970275,-3694.22614094867,35973.4482557479,TRUE,FALSE,TRUE
5,196712,"p","2020-01-18 20:17:00",291.45,TRUE,291.433333333333,0.0166666666669926,FALSE,TRUE,46.670099231423,0.777834987175173,2.80020595383062,3.96443730043178,-3652.64510571853,35995.0878544934,TRUE,FALSE,TRUE
5,196712,"p","2020-01-18 20:22:00",291.533333333333,TRUE,291.45,0.0833333333330302,FALSE,TRUE,233.573084555426,0.778576948520919,2.80287701467531,4.03263579990848,-3444.5123509196,36103.3329776524,TRUE,FALSE,TRUE
5,196712,"p","2020-01-18 20:27:00",291.616666666667,TRUE,291.533333333333,0.0833333333339965,FALSE,TRUE,233.573121241184,0.778577070797752,2.80287745487191,4.10083431155069,-3236.37959612048,36211.5781008128,TRUE,FALSE,TRUE
5,196712,"p","2020-01-18 20:32:00",291.7,TRUE,291.616666666667,0.0833333333329733,FALSE,TRUE,233.573158007149,0.778577193360527,2.8028778960979,4.16903283538686,-3028.24684132131,36319.8232239717,TRUE,FALSE,TRUE
5,196712,"p","2020-01-18 20:37:00",291.783333333333,TRUE,291.7,0.0833333333330302,FALSE,TRUE,233.573194860091,0.778577316203136,2.80287833833129,4.23723137144511,-2820.11408652198,36428.0683471399,TRUE,FALSE,TRUE
5,196712,"p","2020-01-18 20:42:00",291.866666666667,TRUE,291.783333333333,0.0833333333339965,FALSE,TRUE,233.57323179095,0.778577439296969,2.80287878146909,4.3054299197502,-2611.98133172297,36536.313470293,TRUE,FALSE,TRUE
5,196712,"p","2020-01-18 20:47:00",291.95,TRUE,291.866666666667,0.0833333333329733,FALSE,TRUE,233.573268809123,0.778577562700441,2.80287922572159,4.37362848033336,-2403.84857692374,36644.5585934584,TRUE,FALSE,TRUE
5,196712,"p","2020-01-18 20:52:00",292.033333333333,TRUE,291.95,0.0833333333330302,FALSE,TRUE,233.573305906687,0.778577686358455,2.80287967089044,4.44182705321994,-2195.71582212456,36752.8037166289,TRUE,FALSE,TRUE
5,196712,"p","2020-01-18 20:57:00",292.116666666667,TRUE,292.033333333333,0.0833333333339965,FALSE,TRUE,233.573343088624,0.778577810289219,2.80288011704119,4.51109622504245,-1987.58306732521,36861.0488397837,TRUE,FALSE,TRUE
5,196712,"o","2020-01-18 21:00:00",292.166666666667,TRUE,292.116666666667,0.0500000000000114,FALSE,TRUE,140.80576391571,0.782254243975986,2.81611527831355,4.40845377705642,-1861.71488204242,36925.5328303254,TRUE,FALSE,TRUE
5,196712,"p","2020-01-18 21:02:00",292.2,TRUE,292.166666666667,0.033333333332962,FALSE,TRUE,155.137371005117,1.29281142505704,4.65412113020535,4.35518367027441,-1706.11843800963,36934.94124959,TRUE,FALSE,TRUE
5,196712,"p","2020-01-18 21:07:00",292.283333333333,TRUE,292.2,0.0833333333330302,FALSE,TRUE,390.230826649022,1.30076942216814,4.6827699198053,4.30270924798114,-1314.65599691894,36957.3045893639,TRUE,FALSE,TRUE
5,196712,"p","2020-01-18 21:12:00",292.366666666667,TRUE,292.283333333333,0.0833333333339965,FALSE,TRUE,390.230838435979,1.30076946144291,4.68277006119448,4.25023471403623,-923.193555828023,36979.6679291392,TRUE,FALSE,TRUE
5,196712,"p","2020-01-18 21:17:00",292.45,TRUE,292.366666666667,0.0833333333329733,FALSE,TRUE,390.230850610149,1.30076950203945,4.68277020734201,4.1977600682218,-531.731114737491,37002.0312689167,TRUE,FALSE,TRUE
5,196712,"p","2020-01-18 21:22:00",292.533333333333,TRUE,292.45,0.0833333333330302,FALSE,TRUE,390.230863173271,1.30076954391563,4.68277035809628,4.14528531031528,-140.268673646586,37024.3946086844,TRUE,FALSE,TRUE
5,196712,"p","2020-01-18 21:27:00",292.616666666667,TRUE,292.533333333333,0.0833333333339965,FALSE,TRUE,390.230876124121,1.30076958707005,4.68277051345219,4.09281044008687,251.193767444155,37046.757948461,TRUE,FALSE,TRUE
5,196712,"p","2020-01-18 21:32:00",292.7,TRUE,292.616666666667,0.0833333333329733,FALSE,TRUE,390.23088946312,1.30076963154935,4.68277067357767,4.04033545731965,642.656208534804,37069.1212882334,TRUE,FALSE,TRUE
5,196712,"o","2020-01-18 21:36:00",292.766666666667,TRUE,292.7,0.0666666666670039,FALSE,TRUE,311.297248635304,1.2970718693072,4.66945872950593,3.98749058099166,954.891341448821,37087.7215991592,TRUE,FALSE,TRUE
5,196712,"p","2020-01-18 21:37:00",292.783333333333,TRUE,292.766666666667,0.0166666666660262,FALSE,TRUE,53.5352525138549,0.892254208598534,3.21211515095472,3.89484578996625,999.44497596554,37117.8060543594,TRUE,FALSE,TRUE
5,196712,"p","2020-01-18 21:42:00",292.866666666667,TRUE,292.783333333333,0.0833333333339965,FALSE,TRUE,265.863641901889,0.88621213966591,3.19036370279728,3.84903704197936,1217.53904880683,37271.7765258569,TRUE,FALSE,TRUE
5,196712,"p","2020-01-18 21:47:00",292.95,TRUE,292.866666666667,0.0833333333329733,FALSE,TRUE,265.86370380324,0.886212346014629,3.19036444565266,3.80337835317407,1435.63312163949,37425.746997367,TRUE,FALSE,TRUE
5,196712,"p","2020-01-18 21:52:00",293.033333333333,TRUE,292.95,0.0833333333330302,FALSE,TRUE,265.387085567196,0.884623618560538,3.18464502681794,3.75756077063769,1653.56449260534,37579.1187205027,TRUE,FALSE,TRUE
5,196712,"p","2020-01-18 21:57:00",293.116666666667,TRUE,293.033333333333,0.0833333333339965,FALSE,TRUE,192.150822036491,0.640502740116539,2.30580986441954,3.68733107912552,1841.64716053297,37622.6462085363,TRUE,FALSE,TRUE
5,196712,"p","2020-01-18 22:02:00",293.2,TRUE,293.116666666667,0.0833333333329733,FALSE,TRUE,191.859009138461,0.6395300304643,2.30230810967148,3.61700409537691,2029.56712659314,37665.5749481955,TRUE,FALSE,TRUE
5,196712,"o","2020-01-18 22:05:00",293.25,TRUE,293.2,0.0500000000000114,FALSE,TRUE,115.155289516207,0.639751608423227,2.30310579032362,3.54669924801195,2142.25905598878,37691.7695431106,TRUE,FALSE,TRUE
5,196712,"p","2020-01-18 22:07:00",293.283333333333,TRUE,293.25,0.0333333333330188,FALSE,TRUE,85.8244296287295,0.715203580246162,2.57473288888618,3.48393957627207,2213.03241145817,37740.9475169986,TRUE,FALSE,TRUE
5,196712,"p","2020-01-18 22:12:00",293.366666666667,TRUE,293.283333333333,0.0833333333339965,FALSE,TRUE,215.063655209954,0.716878850694143,2.58076386249891,3.4213474098795,2389.81567453061,37864.9858294726,TRUE,FALSE,TRUE
5,196712,"p","2020-01-18 22:17:00",293.45,TRUE,293.366666666667,0.0833333333329733,FALSE,TRUE,215.063695937959,0.716878986462959,2.58076435126665,3.35875523522509,2566.59893760304,37989.0241419467,TRUE,FALSE,TRUE
5,196712,"p","2020-01-18 22:22:00",293.533333333333,TRUE,293.45,0.0833333333330302,FALSE,TRUE,215.063736732674,0.716879122444854,2.58076484080147,3.29616305218594,2743.38220067538,38113.0624544237,TRUE,FALSE,TRUE
5,196712,"p","2020-01-18 22:27:00",293.616666666667,TRUE,293.533333333333,0.0833333333339965,FALSE,TRUE,215.063777589242,0.716879258625101,2.58076533105036,3.23357086064029,2920.16546374761,38237.1007668943,TRUE,FALSE,TRUE
5,196712,"p","2020-01-18 22:32:00",293.7,TRUE,293.616666666667,0.0833333333329733,FALSE,TRUE,215.063818515819,0.716879395055827,2.58076582220098,3.17152262745207,3096.94872681982,38361.1390793767,TRUE,FALSE,TRUE
5,196712,"p","2020-01-18 22:37:00",293.783333333333,TRUE,293.7,0.0833333333330302,FALSE,TRUE,215.063859501195,0.716879531673256,2.58076631402372,3.16733526105866,3273.73198989232,38485.1773918442,TRUE,FALSE,TRUE
5,196712,"o","2020-01-18 22:39:00",293.816666666667,TRUE,293.783333333333,0.0333333333339851,FALSE,TRUE,84.815473971567,0.706795616415904,2.54446421909726,3.16290500057128,3343.31526220322,38534.2863916246,TRUE,FALSE,TRUE
5,196712,"p","2020-01-18 22:42:00",293.866666666667,TRUE,293.816666666667,0.0500000000000114,FALSE,TRUE,26.1559197817722,0.145310665454257,0.523118395635325,3.1023262334736,3324.77213338748,38552.8749460205,TRUE,FALSE,TRUE
5,196712,"p","2020-01-18 22:47:00",293.95,TRUE,293.866666666667,0.0833333333329733,FALSE,TRUE,44.3610505175781,0.147870168392566,0.532332606213238,3.04200340513131,3291.98353049804,38583.0119946562,TRUE,FALSE,TRUE
5,196712,"p","2020-01-18 22:52:00",294.033333333333,TRUE,293.95,0.0833333333330302,FALSE,TRUE,44.3610525058378,0.147870175019997,0.532332630071991,2.98166207435571,3259.19492760874,38613.1490432991,TRUE,FALSE,TRUE
5,196712,"p","2020-01-18 22:57:00",294.116666666667,TRUE,294.033333333333,0.0833333333339965,FALSE,TRUE,44.3610544913654,0.147870181636708,0.532332653892148,2.91866559380186,3226.40632471946,38643.2860919412,TRUE,FALSE,TRUE
5,196712,"p","2020-01-18 23:02:00",294.2,TRUE,294.116666666667,0.0833333333329733,FALSE,TRUE,44.3610564816715,0.147870188272877,0.532332677782358,2.85559491777706,3193.61772183026,38673.42314058,TRUE,FALSE,TRUE
5,196712,"p","2020-01-18 23:07:00",294.283333333333,TRUE,294.2,0.0833333333330302,FALSE,TRUE,44.3610584704798,0.147870194902137,0.532332701647694,2.79252423018749,3160.82911894067,38703.560189222,TRUE,FALSE,TRUE
5,196712,"p","2020-01-18 23:12:00",294.366666666667,TRUE,294.283333333333,0.0833333333339965,FALSE,TRUE,44.361060456816,0.147870201521543,0.532332725477556,2.7294535310036,3128.04051605151,38733.697237865,TRUE,FALSE,TRUE
5,196712,"o","2020-01-18 23:16:00",294.433333333333,TRUE,294.366666666667,0.0666666666659808,FALSE,TRUE,32.6535650006709,0.136056520837529,0.489803475015103,2.66520145146704,3105.1205172073,38757.129476512,TRUE,FALSE,TRUE
5,196712,"p","2020-01-18 23:17:00",294.45,TRUE,294.433333333333,0.0166666666669926,FALSE,TRUE,113.88806552008,1.89813442529754,6.83328393107116,2.77715715006709,3218.05683599324,38738.7086401669,TRUE,FALSE,TRUE
5,196712,"p","2020-01-18 23:22:00",294.533333333333,TRUE,294.45,0.0833333333330302,FALSE,TRUE,578.147931342901,1.92715977115001,6.93777517614005,2.89201537091205,3790.91523714113,38642.4400930552,TRUE,FALSE,TRUE
5,196712,"p","2020-01-18 23:27:00",294.616666666667,TRUE,294.533333333333,0.0833333333339965,FALSE,TRUE,988.591715081783,3.29530571691305,11.863100580887,3.14368817396751,2826.84726139912,38403.559103742,TRUE,FALSE,TRUE
5,196712,"o","2020-01-18 23:29:00",294.65,TRUE,294.616666666667,0.033333333332962,FALSE,TRUE,386.608444686002,3.22173703908591,11.5982533407093,3.38800409684718,2449.15905286442,38312.8765914396,TRUE,FALSE,TRUE
5,196712,"p","2020-01-18 23:32:00",294.7,TRUE,294.65,0.0500000000000114,FALSE,TRUE,784.332487020087,4.35740270566616,15.6866497403982,3.7455189430162,3110.68636811319,38740.3915749529,TRUE,FALSE,TRUE
5,196712,"o","2020-01-18 23:36:00",294.766666666667,TRUE,294.7,0.0666666666670039,FALSE,TRUE,1054.09444604339,4.39206019182522,15.8114166905708,4.05544381969301,4000.80807244074,39313.2913844309,TRUE,FALSE,TRUE
5,196712,"p","2020-01-18 23:37:00",294.783333333333,TRUE,294.766666666667,0.0166666666660262,FALSE,TRUE,27.1086406569634,0.451810677633418,1.6265184394803,3.97054794523954,3973.59342511978,39312.1497678576,TRUE,FALSE,TRUE
5,196712,"p","2020-01-18 23:42:00",294.866666666667,TRUE,294.783333333333,0.0833333333339965,FALSE,TRUE,172.039428514223,0.573464761709512,2.06447314215424,3.8978174752662,3802.67977060123,39286.3019820461,TRUE,FALSE,TRUE
5,196712,"p","2020-01-18 23:47:00",294.95,TRUE,294.866666666667,0.0833333333329733,FALSE,TRUE,172.039421122409,0.573464737077174,2.06447305347783,3.82508699876997,3631.76611602091,39260.4541961879,TRUE,FALSE,TRUE
5,196712,"p","2020-01-18 23:52:00",295.033333333333,TRUE,294.95,0.0833333333330302,FALSE,TRUE,172.039413698471,0.573464712330324,2.06447296438917,3.75235651561144,3460.85246144059,39234.6064103427,TRUE,FALSE,TRUE
5,196712,"p","2020-01-18 23:57:00",295.116666666667,TRUE,295.033333333333,0.0833333333339965,FALSE,TRUE,172.039406307282,0.573464687686375,2.06447287567095,3.67962602567307,3289.93880686059,39208.7586244958,TRUE,FALSE,TRUE
5,196712,"p","2020-01-19 00:02:00",295.2,TRUE,295.116666666667,0.0833333333329733,FALSE,TRUE,172.039398949393,0.573464663167122,2.06447278740164,3.60689552883485,3119.02515228025,39182.9108386421,TRUE,FALSE,TRUE
5,196712,"p","2020-01-19 00:07:00",295.283333333333,TRUE,295.2,0.0833333333330302,FALSE,TRUE,172.039391625219,0.573464638752818,2.06447269951014,3.53453480577941,2948.11149769999,39157.0630527916,TRUE,FALSE,TRUE
5,196712,"p","2020-01-19 00:12:00",295.366666666667,TRUE,295.283333333333,0.0833333333339965,FALSE,TRUE,172.039384334113,0.573464614442481,2.06447261199293,3.50265584636381,2777.1978431198,39131.2152669456,TRUE,FALSE,TRUE
5,196712,"p","2020-01-19 00:17:00",295.45,TRUE,295.366666666667,0.0833333333329733,FALSE,TRUE,172.039377076094,0.573464590256126,2.06447252492205,3.47138109142283,2606.28418853943,39105.3674810938,TRUE,FALSE,TRUE
5,196712,"o","2020-01-19 00:20:00",295.5,TRUE,295.45,0.0500000000000114,FALSE,TRUE,104.88623290039,0.582701293890921,2.09772465800732,3.44102998621046,2502.15803675183,39089.1305288478,TRUE,FALSE,TRUE
5,196712,"p","2020-01-19 00:22:00",295.533333333333,TRUE,295.5,0.0333333333330188,FALSE,TRUE,193.658056548927,1.61381713792296,5.80974169652264,3.5139493381467,2318.31347654412,39025.493959024,TRUE,FALSE,TRUE
5,196712,"p","2020-01-19 00:27:00",295.616666666667,TRUE,295.533333333333,0.0833333333339965,FALSE,TRUE,488.449446235732,1.62816482077282,5.86139335478214,3.61271554621233,1854.7571784272,38864.5818326485,TRUE,FALSE,TRUE
5,196712,"p","2020-01-19 00:32:00",295.7,TRUE,295.616666666667,0.0833333333329733,FALSE,TRUE,488.44932471732,1.62816441573143,5.86139189663317,3.71157898473904,1391.20088030995,38703.6697062674,TRUE,FALSE,TRUE
5,196712,"p","2020-01-19 00:37:00",295.783333333333,TRUE,295.7,0.0833333333330302,FALSE,TRUE,488.449203959468,1.62816401320415,5.86139044753495,3.81042022521713,927.644582192465,38542.7575798867,TRUE,FALSE,TRUE
5,196712,"p","2020-01-19 00:42:00",295.866666666667,TRUE,295.783333333333,0.0833333333339965,FALSE,TRUE,488.449083959682,1.62816361318598,5.86138900746954,3.90171622851112,464.08828407527,38381.8454535156,TRUE,FALSE,TRUE
5,196712,"p","2020-01-19 00:47:00",295.95,TRUE,295.866666666667,0.0833333333329733,FALSE,TRUE,488.448964719789,1.62816321573966,5.86138757666279,3.99284466501567,0.531985958146567,38220.9333271337,TRUE,FALSE,TRUE
5,196712,"p","2020-01-19 00:52:00",296.033333333333,TRUE,295.95,0.0833333333330302,FALSE,TRUE,488.448846240331,1.62816282080703,5.8613861549053,4.08397304845008,-463.024312159466,38060.0212007508,TRUE,FALSE,TRUE
5,196712,"p","2020-01-19 00:57:00",296.116666666667,TRUE,296.033333333333,0.0833333333339965,FALSE,TRUE,488.448728519139,1.62816242838417,5.86138474218302,4.17510137904401,-926.580610276587,37899.1090743724,TRUE,FALSE,TRUE
5,196712,"p","2020-01-19 01:02:00",296.2,TRUE,296.116666666667,0.0833333333329733,FALSE,TRUE,488.448611556614,1.62816203852908,5.86138333870468,4.2662296570344,-1390.13690839392,37738.1969479966,TRUE,FALSE,TRUE
5,196712,"o","2020-01-19 01:05:00",296.25,TRUE,296.2,0.0500000000000114,FALSE,TRUE,295.044182041666,1.63913434467555,5.90088364083197,4.35845515199638,-1671.28982280639,37644.348502767,TRUE,FALSE,TRUE
5,196712,"p","2020-01-19 01:07:00",296.283333333333,TRUE,296.25,0.0333333333330188,FALSE,TRUE,425.663984943904,3.54719987456601,12.7699195484376,4.64148718628565,-2077.66044114846,37777.4910118209,TRUE,FALSE,TRUE
5,196712,"o","2020-01-19 01:10:00",296.333333333333,TRUE,296.283333333333,0.0499999999999545,FALSE,TRUE,637.779291603556,3.54321828668964,12.7555858320827,4.92512945331303,-2686.2231272551,37977.9172456361,TRUE,FALSE,TRUE
5,196712,"p","2020-01-19 01:12:00",296.366666666667,TRUE,296.333333333333,0.033333333334042,FALSE,TRUE,108.097562121843,0.900813017662873,3.24292686358634,5.00067968853389,-2691.50277352458,37869.6379488011,TRUE,FALSE,TRUE
5,196712,"p","2020-01-19 01:17:00",296.45,TRUE,296.366666666667,0.0833333333329733,FALSE,TRUE,278.240669854805,0.927468899520025,3.33888803827209,5.07863956164663,-2690.89702740279,37590.6002675868,TRUE,FALSE,TRUE
5,196712,"p","2020-01-19 01:22:00",296.533333333333,TRUE,296.45,0.0833333333330302,FALSE,TRUE,278.240553228079,0.927468510763638,3.3388866387491,5.156599395221,-2690.29128128077,37311.5625863629,TRUE,FALSE,TRUE
5,196712,"o","2020-01-19 01:26:00",296.6,TRUE,296.533333333333,0.0666666666670039,FALSE,TRUE,222.060642764517,0.925252678180805,3.3309096414509,5.23433764487541,-2691.41524431362,37088.8679789524,TRUE,FALSE,TRUE
5,196712,"p","2020-01-19 01:27:00",296.616666666667,TRUE,296.6,0.0166666666669926,FALSE,TRUE,68.1724370545192,1.13620728421977,4.09034622319117,5.3331713544701,-2749.34909023318,37052.3886817924,TRUE,FALSE,TRUE
5,196712,"p","2020-01-19 01:32:00",296.7,TRUE,296.616666666667,0.0833333333329733,FALSE,TRUE,346.268790616796,1.15422930206097,4.1552254874195,5.43380726518598,-3047.06111939768,36872.6698837809,TRUE,FALSE,TRUE
5,196712,"p","2020-01-19 01:37:00",296.783333333333,TRUE,296.7,0.0833333333330302,FALSE,TRUE,346.268699397976,1.15422899799745,4.15522439279083,5.53444314483357,-3344.77314857657,36692.95108578,TRUE,FALSE,TRUE
5,196712,"p","2020-01-19 01:42:00",296.866666666667,TRUE,296.783333333333,0.0833333333339965,FALSE,TRUE,346.268608437203,1.15422869478149,4.15522330121337,5.63626036222797,-3642.48517775531,36513.2322877738,TRUE,FALSE,TRUE
5,196712,"p","2020-01-19 01:47:00",296.95,TRUE,296.866666666667,0.0833333333329733,FALSE,TRUE,346.268517746312,1.15422839249269,4.15522221297369,5.56186975894748,-3940.19720693396,36333.5134897733,TRUE,FALSE,TRUE
5,196712,"p","2020-01-19 01:52:00",297.033333333333,TRUE,296.95,0.0833333333330302,FALSE,TRUE,346.268427326471,1.15422809109243,4.15522112793277,5.48457659094172,-4237.9092361129,36153.7946917761,TRUE,FALSE,TRUE
5,196712,"p","2020-01-19 01:57:00",297.116666666667,TRUE,297.033333333333,0.0833333333339965,FALSE,TRUE,346.144885920908,1.15381628639384,4.15373863101784,5.2704276478898,-4536.05935028124,35975.0411273829,TRUE,FALSE,TRUE
5,196712,"p","2020-01-19 02:02:00",297.2,TRUE,297.116666666667,0.0833333333329733,FALSE,TRUE,376.715754231834,1.25571918077821,4.52058905080154,5.07382586205903,-4914.57897081197,35973.3658712843,TRUE,FALSE,TRUE
5,196712,"p","2020-01-19 02:07:00",297.283333333333,TRUE,297.2,0.0833333333330302,FALSE,TRUE,377.148717045287,1.25716239015553,4.5257846045599,4.76380183050797,-5293.53667633291,35972.6558488133,TRUE,FALSE,TRUE
5,196712,"p","2020-01-19 02:12:00",297.366666666667,TRUE,297.283333333333,0.0833333333339965,FALSE,TRUE,377.14872153968,1.25716240512226,4.52578465844015,4.45031205183767,-5672.49438185311,35971.9458263354,TRUE,FALSE,TRUE
5,196712,"p","2020-01-19 02:17:00",297.45,TRUE,297.366666666667,0.0833333333329733,FALSE,TRUE,377.148726385447,1.25716242129025,4.52578471664491,4.53084722620336,-6051.4520873735,35971.2358038489,TRUE,FALSE,TRUE
5,196712,"p","2020-01-19 02:22:00",297.533333333333,TRUE,297.45,0.0833333333330302,FALSE,TRUE,377.148731581834,1.25716243861069,4.52578477899847,4.59921699389348,-6430.40979289431,35970.5257813659,TRUE,FALSE,TRUE
5,196712,"p","2020-01-19 02:27:00",297.616666666667,TRUE,297.533333333333,0.0833333333339965,FALSE,TRUE,377.148737127714,1.25716245708238,4.52578484549655,4.667586765894,-6809.36749841459,35969.8157588831,TRUE,FALSE,TRUE
5,196712,"p","2020-01-19 02:32:00",297.7,TRUE,297.616666666667,0.0833333333329733,FALSE,TRUE,377.148743024791,1.25716247675473,4.52578491631704,4.73595654233644,-7188.32520393514,35969.1057364107,TRUE,FALSE,TRUE
5,196712,"o","2020-01-19 02:34:00",297.733333333333,TRUE,297.7,0.0333333333330188,FALSE,TRUE,149.485009132187,1.24570840944665,4.48455027400794,4.80318091451246,-7338.51586018377,35967.2409632479,TRUE,FALSE,TRUE
5,196712,"p","2020-01-19 02:37:00",297.783333333333,TRUE,297.733333333333,0.0500000000000114,FALSE,TRUE,189.100007520039,1.05055559733331,3.78200015039993,4.85089000792908,-7412.34230447241,35792.4979908526,TRUE,FALSE,TRUE
5,196712,"p","2020-01-19 02:42:00",297.866666666667,TRUE,297.783333333333,0.0833333333339965,FALSE,TRUE,316.705504887647,1.05568501628376,3.80046605862152,4.89911204568218,-7533.06566835416,35498.62509659,TRUE,FALSE,TRUE
5,196712,"p","2020-01-19 02:47:00",297.95,TRUE,297.866666666667,0.0833333333329733,FALSE,TRUE,316.705368146096,1.05568456049155,3.80046441776957,4.94733404028708,-7653.7890322249,35204.7522023267,TRUE,FALSE,TRUE
5,196712,"o","2020-01-19 02:48:00",297.966666666667,TRUE,297.95,0.0166666666669926,FALSE,TRUE,62.2691888098859,1.0378198134778,3.7361513285201,4.99376956260925,-7676.67045526518,35146.6297811911,TRUE,FALSE,TRUE
5,196712,"o","2020-01-19 02:50:00",298,TRUE,297.966666666667,0.0333333333330188,FALSE,TRUE,81.525452999511,0.679378775002335,2.44576359000841,5.00343731072039,-7635.77675241522,35075.7871064985,TRUE,FALSE,TRUE
5,196712,"p","2020-01-19 02:52:00",298.033333333333,TRUE,298,0.0333333333330188,FALSE,TRUE,240.112918281978,2.00094098570203,7.20338754852731,5.0421496954983,-7829.28254095087,34931.9634844207,TRUE,FALSE,TRUE
5,196712,"p","2020-01-19 02:57:00",298.116666666667,TRUE,298.033333333333,0.0833333333339965,FALSE,TRUE,608.322406636609,2.02774135543923,7.29986887958121,5.08210734896494,-8321.20904988784,34569.8541907711,TRUE,FALSE,TRUE
5,196712,"p","2020-01-19 03:02:00",298.2,TRUE,298.116666666667,0.0833333333329733,FALSE,TRUE,608.322095864933,2.02774031955854,7.29986515041074,5.12206493934765,-8813.13555882488,34207.7448971391,TRUE,FALSE,TRUE
5,196712,"p","2020-01-19 03:07:00",298.283333333333,TRUE,298.2,0.0833333333330302,FALSE,TRUE,605.46608987262,2.01822029958274,7.26559307849787,5.16107056798551,-9302.74831324724,33847.3294466656,TRUE,FALSE,TRUE
5,196712,"p","2020-01-19 03:12:00",298.366666666667,TRUE,298.283333333333,0.0833333333339965,FALSE,TRUE,81.5816895096143,0.271938965029884,0.978980274107581,5.0254481031699,-9367.88793426201,33797.6604093296,TRUE,FALSE,TRUE
5,196712,"p","2020-01-19 03:17:00",298.45,TRUE,298.366666666667,0.0833333333329733,FALSE,TRUE,78.7265422969351,0.262421807657584,0.944718507567303,4.88887396236169,-9430.71380076198,33749.685215164,TRUE,FALSE,TRUE
5,196712,"p","2020-01-19 03:22:00",298.533333333333,TRUE,298.45,0.0833333333330302,FALSE,TRUE,78.726537012102,0.262421790041295,0.944718444148661,4.75229985928512,-9493.53966726207,33701.7100209891,TRUE,FALSE,TRUE
5,196712,"p","2020-01-19 03:27:00",298.616666666667,TRUE,298.533333333333,0.0833333333339965,FALSE,TRUE,78.7265317330958,0.262421772441564,0.944718380789632,4.61572579369086,-9556.36553376203,33653.7348268231,TRUE,FALSE,TRUE
5,196712,"p","2020-01-19 03:32:00",298.7,TRUE,298.616666666667,0.0833333333329733,FALSE,TRUE,78.726526455234,0.262421754851914,0.944718317466889,4.47915176532314,-9619.19140026207,33605.7596326492,TRUE,FALSE,TRUE
5,196712,"p","2020-01-19 03:37:00",298.783333333333,TRUE,298.7,0.0833333333330302,FALSE,TRUE,78.7265211816417,0.262421737273094,0.944718254183137,4.3414805045829,-9682.01726676212,33557.7844384904,TRUE,FALSE,TRUE
5,196712,"o","2020-01-19 03:41:00",298.85,TRUE,298.783333333333,0.0666666666670039,FALSE,TRUE,63.0355498618258,0.262648124422945,0.945533247922603,4.01302532956859,-9732.39749536875,33519.4707463471,TRUE,FALSE,TRUE
5,196712,"p","2020-01-19 03:42:00",298.866666666667,TRUE,298.85,0.0166666666669926,FALSE,TRUE,18.2670636971813,0.304451061613735,1.09602382180945,3.689148607061,-9749.27685511126,33512.2744496533,TRUE,FALSE,TRUE
5,196712,"p","2020-01-19 03:47:00",298.95,TRUE,298.866666666667,0.0833333333329733,FALSE,TRUE,91.7537397516216,0.305845799173393,1.10104487702422,3.62965188521205,-9834.27133085031,33476.6252821712,TRUE,FALSE,TRUE
5,196712,"p","2020-01-19 03:52:00",299.033333333333,TRUE,298.95,0.0833333333330302,FALSE,TRUE,91.7537354164336,0.305845784722558,1.10104482500121,3.56748957373231,-9919.2658065906,33440.9761146881,TRUE,FALSE,TRUE
5,196712,"p","2020-01-19 03:57:00",299.116666666667,TRUE,299.033333333333,0.0833333333339965,FALSE,TRUE,91.753731085731,0.305845770283336,1.10104477302001,3.50532729968428,-10004.2602823308,33405.3269472151,TRUE,FALSE,TRUE
5,196712,"p","2020-01-19 04:02:00",299.2,TRUE,299.116666666667,0.0833333333329733,FALSE,TRUE,91.7537267601952,0.305845755868638,1.1010447211271,3.44338660745306,-10089.254758071,33369.6777797422,TRUE,FALSE,TRUE
5,196712,"p","2020-01-19 04:07:00",299.283333333333,TRUE,299.2,0.0833333333330302,FALSE,TRUE,91.7537224398323,0.30584574146722,1.10104466928199,3.3603504531778,-10174.2492338111,33334.0286122577,TRUE,FALSE,TRUE
5,196712,"p","2020-01-19 04:12:00",299.366666666667,TRUE,299.283333333333,0.0833333333339965,FALSE,TRUE,91.7537181241046,0.305845727077915,1.10104461748049,3.2755120956795,-10259.2437095512,33298.3794447759,TRUE,FALSE,TRUE
5,196712,"p","2020-01-19 04:17:00",299.45,TRUE,299.366666666667,0.0833333333329733,FALSE,TRUE,91.7537138135626,0.305845712713197,1.10104456576751,3.19067376715107,-10344.2381852913,33262.7302773002,TRUE,FALSE,TRUE
5,196712,"p","2020-01-19 04:22:00",299.533333333333,TRUE,299.45,0.0833333333330302,FALSE,TRUE,91.7537095089306,0.305845698364215,1.10104451411117,3.10583546750934,-10429.2326610317,33227.0811098224,TRUE,FALSE,TRUE
5,196712,"p","2020-01-19 04:27:00",299.616666666667,TRUE,299.533333333333,0.0833333333339965,FALSE,TRUE,91.7537052056005,0.305845684016234,1.10104446245844,3.0209971966617,-10514.2271367699,33191.431942345,TRUE,FALSE,TRUE
5,196712,"o","2020-01-19 04:28:00",299.633333333333,TRUE,299.616666666667,0.0166666666659694,FALSE,TRUE,18.1335310356059,0.302225517272742,1.08801186218187,2.93579693927973,-10531.0215994759,33184.3788486799,TRUE,FALSE,TRUE
5,196712,"p","2020-01-19 04:32:00",299.7,TRUE,299.633333333333,0.0666666666670039,FALSE,TRUE,41.4115472374332,0.172548113488432,0.621173208558356,2.83767012198919,-10568.8909642204,33167.1682911882,TRUE,FALSE,TRUE
5,196712,"p","2020-01-19 04:37:00",299.783333333333,TRUE,299.7,0.0833333333330302,FALSE,TRUE,51.4933444224392,0.171644481408755,0.617920133071518,2.72926265205224,-10615.9721295962,33145.7510191083,TRUE,FALSE,TRUE
5,196712,"p","2020-01-19 04:42:00",299.866666666667,TRUE,299.783333333333,0.0833333333339965,FALSE,TRUE,51.4933429610358,0.17164447653542,0.617920115527512,2.62071086069023,-10663.0532949719,33124.333747041,TRUE,FALSE,TRUE
5,196712,"p","2020-01-19 04:47:00",299.95,TRUE,299.866666666667,0.0833333333329733,FALSE,TRUE,51.493341503947,0.171644471680565,0.617920098050034,2.51215906734606,-10710.1344603476,33102.9164749625,TRUE,FALSE,TRUE
5,196712,"p","2020-01-19 04:52:00",300.033333333333,TRUE,299.95,0.0833333333330302,FALSE,TRUE,51.4933400436005,0.171644466812626,0.617920080525454,2.4036072718983,-10757.2156257235,33081.4992028885,TRUE,FALSE,TRUE
5,196712,"p","2020-01-19 04:57:00",300.116666666667,TRUE,300.033333333333,0.0833333333339965,FALSE,TRUE,51.493338586882,0.171644461954907,0.617920063037667,2.29505547423272,-10804.2967910991,33060.0819308182,TRUE,FALSE,TRUE
5,196712,"p","2020-01-19 05:02:00",300.2,TRUE,300.116666666667,0.0833333333329733,FALSE,TRUE,51.4933371293425,0.17164445709855,0.61792004555478,2.18650367423434,-10851.3779564751,33038.6646587431,TRUE,FALSE,TRUE
5,196712,"p","2020-01-19 05:07:00",300.283333333333,TRUE,300.2,0.0833333333330302,FALSE,TRUE,51.4933356739233,0.171644452247035,0.617920028089327,2.07795187178357,-10898.4591218506,33017.2473866704,TRUE,FALSE,TRUE
5,196712,"p","2020-01-19 05:12:00",300.366666666667,TRUE,300.283333333333,0.0833333333339965,FALSE,TRUE,51.4933342201861,0.171644447399255,0.617920010637316,1.97054547557883,-10945.5402872266,32995.8301145953,TRUE,FALSE,TRUE
5,196712,"p","2020-01-19 05:17:00",300.45,TRUE,300.366666666667,0.0833333333329733,FALSE,TRUE,51.4933327674827,0.171644442559017,0.617919993212462,1.8826543601014,-10992.6214526049,32974.4128425216,TRUE,FALSE,TRUE
5,196712,"o","2020-01-19 05:18:00",300.466666666667,TRUE,300.45,0.0166666666669926,FALSE,TRUE,10.501760380328,0.17502933966871,0.630105622807356,1.7945887924399,-11002.3340302381,32970.2958393687,TRUE,FALSE,TRUE
5,196712,"p","2020-01-19 05:22:00",300.533333333333,TRUE,300.466666666667,0.0666666666660376,FALSE,TRUE,81.2825790260034,0.338677412611543,1.21923868540156,1.7228880776519,-11083.6698204257,32977.6911364295,TRUE,FALSE,TRUE
5,196712,"p","2020-01-19 05:27:00",300.616666666667,TRUE,300.533333333333,0.0833333333339965,FALSE,TRUE,101.989338119492,0.339964460395602,1.22387205742417,1.65310254234368,-11185.709988861,32987.1433218193,TRUE,FALSE,TRUE
5,196712,"p","2020-01-19 05:32:00",300.7,TRUE,300.616666666667,0.0833333333329733,FALSE,TRUE,101.989340293268,0.339964467645696,1.2238720835245,1.61916111160801,-11287.7501572961,32996.5955072323,TRUE,FALSE,TRUE
5,196712,"p","2020-01-19 05:37:00",300.783333333333,TRUE,300.7,0.0833333333330302,FALSE,TRUE,101.989342474784,0.339964474917185,1.22387210970187,1.45306346052953,-11389.7903257315,33006.0476926312,TRUE,FALSE,TRUE
5,196712,"p","2020-01-19 05:42:00",300.866666666667,TRUE,300.783333333333,0.0833333333339965,FALSE,TRUE,101.989344662883,0.339964482206903,1.22387213594485,1.28428577320629,-11491.8304941672,33015.4998780346,TRUE,FALSE,TRUE
5,196712,"p","2020-01-19 05:57:00",301.116666666667,TRUE,301.033333333333,0.0833333333339965,FALSE,TRUE,638.2613651966,2.12753788397173,7.65913638229824,1.32278082301551,-12682.0728949053,32589.0138636236,TRUE,FALSE,TRUE
5,196712,"p","2020-01-19 06:02:00",301.2,TRUE,301.116666666667,0.0833333333329733,FALSE,TRUE,638.2611678032,2.12753722601986,7.65913401367149,1.50929236661337,-13275.291894136,32345.775732017,TRUE,FALSE,TRUE
5,196712,"o","2020-01-19 06:05:00",301.25,TRUE,301.2,0.0500000000000114,FALSE,TRUE,386.266595410003,2.14592553005509,7.72533190819831,1.69764274237472,-13633.2417490731,32196.0268451812,TRUE,FALSE,TRUE
5,196712,"p","2020-01-19 06:07:00",301.283333333333,TRUE,301.25,0.0333333333330188,FALSE,TRUE,535.956285090567,4.46630237579687,16.0786885528687,2.11803080446922,-14018.2451028693,31820.1981533168,TRUE,FALSE,TRUE
5,196712,"p","2020-01-19 06:12:00",301.366666666667,TRUE,301.283333333333,0.0833333333339965,FALSE,TRUE,1350.11764862881,4.50039216206021,16.2014117834167,2.54182784694793,-14985.7996258541,30871.111403982,TRUE,FALSE,TRUE
5,196712,"p","2020-01-19 06:17:00",301.45,TRUE,301.366666666667,0.0833333333329733,FALSE,TRUE,1350.11590402756,4.50038634677798,16.2013908484007,2.96560166918343,-15953.3541488392,29922.0246546524,TRUE,FALSE,TRUE
5,196712,"p","2020-01-19 06:22:00",301.533333333333,TRUE,301.45,0.0833333333330302,FALSE,TRUE,1350.11417533715,4.50038058447352,16.2013701041047,3.38519462146941,-16920.9086718249,28972.9379053198,TRUE,FALSE,TRUE
5,196712,"p","2020-01-19 06:27:00",301.616666666667,TRUE,301.533333333333,0.0833333333339965,FALSE,TRUE,1350.1124625495,4.50037487512919,16.2013495504651,3.80464752906499,-17888.46319481,28023.8511559865,TRUE,FALSE,TRUE
5,196712,"p","2020-01-19 06:32:00",301.7,TRUE,301.616666666667,0.0833333333329733,FALSE,TRUE,1350.11076567437,4.500369218934,16.2013291881624,4.22409987248613,-18856.0177177949,27074.7644066529,TRUE,FALSE,TRUE
5,196712,"p","2020-01-19 06:37:00",301.783333333333,TRUE,301.7,0.0833333333330302,FALSE,TRUE,1350.10908470932,4.5003636157141,16.2013090165707,4.64355165702921,-19823.5722407803,26125.6776573169,TRUE,FALSE,TRUE
5,196712,"p","2020-01-19 06:42:00",301.866666666667,TRUE,301.783333333333,0.0833333333339965,FALSE,TRUE,1350.10741964891,4.50035806546054,16.2012890356579,5.0630028879884,-20791.1267637656,25176.5909079826,TRUE,FALSE,TRUE
5,196712,"p","2020-01-19 06:47:00",301.95,TRUE,301.866666666667,0.0833333333329733,FALSE,TRUE,1350.10577050004,4.50035256835292,16.2012692460705,5.48245357067697,-21758.6812867503,24227.504158648,TRUE,FALSE,TRUE
5,196712,"p","2020-01-19 06:52:00",302.033333333333,TRUE,301.95,0.0833333333330302,FALSE,TRUE,1350.10413725938,4.50034712421429,16.2012496471715,5.90190371039061,-22726.2358097358,23278.4174093202,TRUE,FALSE,TRUE
6,196712,"p","2020-01-22 11:52:00",379.033333333333,TRUE,378.95,0.0833333333330302,FALSE,TRUE,118.308954343807,0.394363181147459,1.41970745213085,1.22081585538777,-22276.6054201349,24823.2353513878,TRUE,TRUE,TRUE
6,196712,"p","2020-01-22 11:57:00",379.116666666667,TRUE,379.033333333333,0.0833333333339965,FALSE,TRUE,118.308951020615,0.394363170065578,1.41970741223608,1.25559434645993,-22157.9810868413,24815.5054480577,TRUE,FALSE,TRUE
6,196712,"p","2020-01-22 12:02:00",379.2,TRUE,379.116666666667,0.0833333333329733,FALSE,TRUE,118.308947708363,0.39436315902958,1.41970737250649,1.29037283635156,-22039.3567535477,24807.7755447297,TRUE,FALSE,TRUE
6,196712,"p","2020-01-22 12:07:00",379.283333333333,TRUE,379.2,0.0833333333330302,FALSE,TRUE,124.706136788418,0.415687122629574,1.49647364146647,1.32728372252564,-21914.342717442,24799.2608669632,TRUE,FALSE,TRUE
6,196712,"p","2020-01-22 12:12:00",379.366666666667,TRUE,379.283333333333,0.0833333333339965,FALSE,TRUE,1299.97213867688,4.3332404622218,15.5996656639985,1.75594994258234,-20617.096641642,24646.7742744694,TRUE,FALSE,TRUE
6,196712,"p","2020-01-22 12:17:00",379.45,TRUE,379.366666666667,0.0833333333329733,FALSE,TRUE,1306.37868859314,4.35459562866262,15.6765442631854,2.18675167920686,-19313.4608630301,24493.5029075246,TRUE,FALSE,TRUE
6,196712,"p","2020-01-22 12:22:00",379.533333333333,TRUE,379.45,0.0833333333330302,FALSE,TRUE,1306.37819153402,4.35459397179591,15.6765382984653,2.61755325006791,-18009.8250844174,24340.2315405881,TRUE,FALSE,TRUE
6,196712,"p","2020-01-22 12:27:00",379.616666666667,TRUE,379.533333333333,0.0833333333339965,FALSE,TRUE,1306.37770903362,4.35459236341076,15.6765325082787,3.04786451730962,-16706.1893058052,24186.9601736417,TRUE,FALSE,TRUE
6,196712,"o","2020-01-22 12:30:00",379.666666666667,TRUE,379.616666666667,0.0500000000000114,FALSE,TRUE,777.934955208654,4.32186086226932,15.5586991041695,3.43316982476662,-15929.8954541382,24095.6162999357,TRUE,FALSE,TRUE
6,196712,"p","2020-01-22 12:32:00",379.7,TRUE,379.666666666667,0.033333333332962,FALSE,TRUE,91.5536920169632,0.762947433483194,2.7466107605395,3.46219458954889,-15839.3119780173,24079.6038454166,TRUE,FALSE,TRUE
6,196712,"p","2020-01-22 12:37:00",379.783333333333,TRUE,379.7,0.0833333333330302,FALSE,TRUE,214.19341742226,0.713978058076798,2.57032100907647,3.48632241289869,-15627.5723264654,24041.1200752594,TRUE,FALSE,TRUE
6,196712,"p","2020-01-22 12:42:00",379.866666666667,TRUE,379.783333333333,0.0833333333339965,FALSE,TRUE,214.193401158151,0.713978003854822,2.57032081387736,3.51045022692929,-15415.8326749142,24002.6363051045,TRUE,FALSE,TRUE
6,196712,"p","2020-01-22 12:47:00",379.95,TRUE,379.866666666667,0.0833333333329733,FALSE,TRUE,214.193384959612,0.713977949868457,2.57032061952644,3.53457803166055,-15204.0930233624,23964.1525349371,TRUE,FALSE,TRUE
6,196712,"p","2020-01-22 12:52:00",380.033333333333,TRUE,379.95,0.0833333333330302,FALSE,TRUE,214.193368824917,0.713977896085656,2.57032042590836,3.55974856042439,-14992.3533718107,23925.6687647747,TRUE,FALSE,TRUE
6,196712,"p","2020-01-22 12:57:00",380.116666666667,TRUE,380.033333333333,0.0833333333339965,FALSE,TRUE,214.193352753348,0.713977842505476,2.57032023301972,3.56623340745631,-14780.6137202594,23887.1849946156,TRUE,FALSE,TRUE
6,196712,"p","2020-01-22 13:02:00",380.2,TRUE,380.116666666667,0.0833333333329733,FALSE,TRUE,214.193336747061,0.713977789159955,2.57032004097584,3.57231471958936,-14568.8740687078,23848.7012244552,TRUE,FALSE,TRUE
6,196712,"p","2020-01-22 13:07:00",380.283333333333,TRUE,380.2,0.0833333333330302,FALSE,TRUE,214.193320804743,0.713977736018407,2.57031984966626,3.57919337712366,-14357.1344171561,23810.2174542982,TRUE,FALSE,TRUE
6,196712,"p","2020-01-22 13:12:00",380.366666666667,TRUE,380.283333333333,0.0833333333339965,FALSE,TRUE,214.193304926077,0.713977683081241,2.57031965909247,3.63658663008219,-14145.3947656045,23771.7336841296,TRUE,FALSE,TRUE
6,196712,"p","2020-01-22 13:17:00",380.45,TRUE,380.366666666667,0.0833333333329733,FALSE,TRUE,214.193289111891,0.713977630376056,2.5703194693538,3.69412576907407,-13933.6551140529,23733.2499139698,TRUE,FALSE,TRUE
6,196712,"p","2020-01-22 13:22:00",380.533333333333,TRUE,380.45,0.0833333333330302,FALSE,TRUE,214.193273362386,0.713977577877217,2.57031928035798,3.75166490275541,-13721.9154625013,23694.7661438131,TRUE,FALSE,TRUE
6,196712,"p","2020-01-22 13:27:00",380.616666666667,TRUE,380.533333333333,0.0833333333339965,FALSE,TRUE,214.193257675585,0.713977525579601,2.57031909208656,3.8092040311467,-13510.17581095,23656.2823736502,TRUE,FALSE,TRUE
6,196712,"p","2020-01-22 13:32:00",380.7,TRUE,380.616666666667,0.0833333333329733,FALSE,TRUE,214.193242054346,0.713977473517571,2.57031890466325,3.86711129295847,-13298.4361593982,23617.7986034915,TRUE,FALSE,TRUE
6,196712,"p","2020-01-22 13:37:00",380.783333333333,TRUE,380.7,0.0833333333330302,FALSE,TRUE,214.193226496614,0.713977421657977,2.57031871796872,3.89526153534169,-13086.6965078469,23579.3148333364,TRUE,FALSE,TRUE
6,196712,"p","2020-01-22 13:42:00",380.866666666667,TRUE,380.783333333333,0.0833333333339965,FALSE,TRUE,214.193211003224,0.713977370005065,2.57031853201824,3.92186364748376,-12874.9568562951,23540.8310631804,TRUE,FALSE,TRUE
6,196712,"p","2020-01-22 13:47:00",380.95,TRUE,380.866666666667,0.0833333333329733,FALSE,TRUE,214.193195573668,0.713977318581977,2.57031834689512,3.94846575152742,-12663.2172047436,23502.3472930209,TRUE,FALSE,TRUE
6,196712,"p","2020-01-22 13:52:00",381.033333333333,TRUE,380.95,0.0833333333330302,FALSE,TRUE,214.193180208925,0.71397726736568,2.57031816251645,3.97506784748959,-12451.4775531918,23463.8635228583,TRUE,FALSE,TRUE
6,196712,"p","2020-01-22 13:57:00",381.116666666667,TRUE,381.033333333333,0.0833333333339965,FALSE,TRUE,214.193164907311,0.713977216352022,2.57031797886728,4.00166993538563,-12239.7379016404,23425.3797526986,TRUE,FALSE,TRUE
6,196712,"p","2020-01-22 14:02:00",381.2,TRUE,381.116666666667,0.0833333333329733,FALSE,TRUE,214.193149670467,0.713977165571307,2.5703177960567,4.02827201523442,-12027.9982500891,23386.8959825332,TRUE,FALSE,TRUE
6,196712,"p","2020-01-22 14:07:00",381.283333333333,TRUE,381.2,0.0833333333330302,FALSE,TRUE,214.193134498631,0.713977114998033,2.57031761399292,4.05487408705002,-11816.2585985371,23348.4122123724,TRUE,FALSE,TRUE
6,196712,"p","2020-01-22 14:12:00",381.366666666667,TRUE,381.283333333333,0.0833333333339965,FALSE,TRUE,214.193119389451,0.713977064625821,2.57031743265296,4.08147615084799,-11604.5189469857,23309.9284422104,TRUE,FALSE,TRUE
6,196712,"p","2020-01-22 14:17:00",381.45,TRUE,381.366666666667,0.0833333333329733,FALSE,TRUE,214.193104345349,0.71397701448758,2.57031725215529,4.10807820664707,-11392.7792954341,23271.4446720532,TRUE,FALSE,TRUE
6,196712,"p","2020-01-22 14:22:00",381.533333333333,TRUE,381.45,0.0833333333330302,FALSE,TRUE,214.193089364568,0.713976964551158,2.57031707238417,4.13580651201039,-11181.0396438823,23232.9609018881,TRUE,FALSE,TRUE
6,196712,"p","2020-01-22 14:27:00",381.616666666667,TRUE,381.533333333333,0.0833333333339965,FALSE,TRUE,214.193074448223,0.713976914821729,2.57031689335822,4.16851789639936,-10969.299992331,23194.4771317355,TRUE,FALSE,TRUE
6,196712,"p","2020-01-22 14:32:00",381.7,TRUE,381.616666666667,0.0833333333329733,FALSE,TRUE,214.193059596923,0.713976865326162,2.57031671517418,4.2004792614726,-10757.5603407795,23155.9933615661,TRUE,FALSE,TRUE
6,196712,"p","2020-01-22 14:37:00",381.783333333333,TRUE,381.7,0.0833333333330302,FALSE,TRUE,214.193044809254,0.713976816033444,2.5703165377204,4.23244062273559,-10545.8206892277,23117.5095914121,TRUE,FALSE,TRUE
6,196712,"p","2020-01-22 14:42:00",381.866666666667,TRUE,381.783333333333,0.0833333333339965,FALSE,TRUE,214.193030084704,0.713976766943331,2.57031636099599,4.26440198020383,-10334.0810376763,23079.0258212573,TRUE,FALSE,TRUE
6,196712,"p","2020-01-22 14:47:00",381.95,TRUE,381.866666666667,0.0833333333329733,FALSE,TRUE,214.193015425835,0.713976718089202,2.57031618512113,4.29636333389801,-10122.3413861246,23040.5420510962,TRUE,FALSE,TRUE
6,196712,"p","2020-01-22 14:52:00",382.033333333333,TRUE,381.95,0.0833333333330302,FALSE,TRUE,214.193000830196,0.713976669436583,2.5703160099717,4.32832468383511,-9910.60173457307,23002.0582809341,TRUE,FALSE,TRUE
6,196712,"p","2020-01-22 14:57:00",382.116666666667,TRUE,382.033333333333,0.0833333333339965,FALSE,TRUE,214.192986299052,0.713976620991157,2.57031583556816,4.36028603003126,-9698.86208302146,22963.5745107737,TRUE,FALSE,TRUE
6,196712,"p","2020-01-22 15:02:00",382.2,TRUE,382.116666666667,0.0833333333329733,FALSE,TRUE,214.192971831903,0.713976572776095,2.57031566199394,4.39011497504592,-9487.12243146987,22925.0907406061,TRUE,FALSE,TRUE
6,196712,"p","2020-01-22 15:07:00",382.283333333333,TRUE,382.2,0.0833333333330302,FALSE,TRUE,214.192957429133,0.713976524766373,2.57031548915894,4.02818858130038,-9275.38277991831,22886.606970454,TRUE,FALSE,TRUE
6,196712,"p","2020-01-22 15:12:00",382.366666666667,TRUE,382.283333333333,0.0833333333339965,FALSE,TRUE,214.192943090682,0.713976476963258,2.57031531706773,3.66412666613044,-9063.64312836671,22848.1232002936,TRUE,FALSE,TRUE
6,196712,"p","2020-01-22 15:17:00",382.45,TRUE,382.366666666667,0.0833333333329733,FALSE,TRUE,214.192928815026,0.713976429386505,2.57031514579142,3.3000649118895,-8851.90347681529,22809.6394301249,TRUE,FALSE,TRUE
6,196712,"o","2020-01-22 15:19:00",382.483333333333,TRUE,382.45,0.0333333333330188,FALSE,TRUE,85.3130462694733,0.710942052252319,2.55939138810835,2.93569988077365,-8767.44220027235,22795.0151279896,TRUE,FALSE,TRUE
6,196712,"p","2020-01-22 15:22:00",382.533333333333,TRUE,382.483333333333,0.0500000000000114,FALSE,TRUE,118.015841525523,0.655643564030535,2.36031683050992,2.56907815094978,-8666.26690003713,22856.7481690264,TRUE,FALSE,TRUE
6,196712,"p","2020-01-22 15:27:00",382.616666666667,TRUE,382.533333333333,0.0833333333339965,FALSE,TRUE,197.032095465554,0.656773651546619,2.36438514556783,2.55846077275612,-8498.03237310839,22960.9185806115,TRUE,FALSE,TRUE
6,196712,"p","2020-01-22 15:32:00",382.7,TRUE,382.616666666667,0.0833333333329733,FALSE,TRUE,197.032122583846,0.656773741948991,2.36438547101637,2.55274034114334,-8329.79784617965,23065.0889922163,TRUE,FALSE,TRUE
6,196712,"p","2020-01-22 15:37:00",382.783333333333,TRUE,382.7,0.0833333333330302,FALSE,TRUE,197.032149745058,0.656773832485917,2.3643857969493,2.54701992400645,-8161.56331925068,23169.2594038032,TRUE,FALSE,TRUE
6,196712,"p","2020-01-22 15:42:00",382.866666666667,TRUE,382.783333333333,0.0833333333339965,FALSE,TRUE,197.032176961959,0.656773923201303,2.36438612352469,2.54129952133973,-7993.32879232206,23273.4298154034,TRUE,FALSE,TRUE
6,196712,"p","2020-01-22 15:47:00",382.95,TRUE,382.866666666667,0.0833333333329733,FALSE,TRUE,197.032204224421,0.656774014084242,2.36438645070327,2.53557913313959,-7825.09426539308,23377.6002269954,TRUE,FALSE,TRUE
6,196712,"p","2020-01-22 15:52:00",383.033333333333,TRUE,382.95,0.0833333333330302,FALSE,TRUE,197.032231538796,0.65677410513171,2.36438677847416,2.52985875940221,-7656.85973846432,23481.770638598,TRUE,FALSE,TRUE
6,196712,"p","2020-01-22 15:57:00",383.116666666667,TRUE,383.033333333333,0.0833333333339965,FALSE,TRUE,197.032258903545,0.656774196339922,2.36438710682372,2.52413840012021,-7488.62521153545,23585.9410501846,TRUE,FALSE,TRUE
6,196712,"p","2020-01-22 16:02:00",383.2,TRUE,383.116666666667,0.0833333333329733,FALSE,TRUE,197.032286314521,0.656774287717907,2.36438743578447,2.51841805529016,-7320.39068460673,23690.1114617819,TRUE,FALSE,TRUE
6,196712,"p","2020-01-22 16:07:00",383.283333333333,TRUE,383.2,0.0833333333330302,FALSE,TRUE,197.032313777451,0.65677437926056,2.36438776533802,2.51269772490809,-7152.15615767771,23794.2818733771,TRUE,FALSE,TRUE
6,196712,"p","2020-01-22 16:12:00",383.366666666667,TRUE,383.283333333333,0.0833333333339965,FALSE,TRUE,197.03234129068,0.656774470963707,2.36438809546935,2.50697740896686,-6983.92163074902,23898.4522849738,TRUE,FALSE,TRUE
6,196712,"p","2020-01-22 16:17:00",383.45,TRUE,383.366666666667,0.0833333333329733,FALSE,TRUE,197.032368852668,0.656774562845064,2.36438842624223,2.50125710746364,-6815.68710382043,24002.6226965699,TRUE,FALSE,TRUE
6,196712,"p","2020-01-22 16:22:00",383.533333333333,TRUE,383.45,0.0833333333330302,FALSE,TRUE,197.032396463783,0.656774654881665,2.36438875757399,2.49553682039385,-6647.45257689127,24106.7931081659,TRUE,FALSE,TRUE
6,196712,"p","2020-01-22 16:27:00",383.616666666667,TRUE,383.533333333333,0.0833333333339965,FALSE,TRUE,197.032424126345,0.656774747082589,2.36438908949732,2.48981654775035,-6479.21804996249,24210.9635197557,TRUE,FALSE,TRUE
6,196712,"p","2020-01-22 16:32:00",383.7,TRUE,383.616666666667,0.0833333333329733,FALSE,TRUE,197.03245183542,0.656774839454237,2.36438942203525,2.48409628952998,-6310.98352303385,24315.1339313554,TRUE,FALSE,TRUE
6,196712,"p","2020-01-22 16:37:00",383.783333333333,TRUE,383.7,0.0833333333330302,FALSE,TRUE,197.032479598646,0.656774931997875,2.36438975519235,2.47837604572926,-6142.74899610479,24419.3043429443,TRUE,FALSE,TRUE
6,196712,"p","2020-01-22 16:42:00",383.866666666667,TRUE,383.783333333333,0.0833333333339965,FALSE,TRUE,197.032507407359,0.65677502468597,2.36439008886949,2.47265581633966,-5974.51446917625,24523.4747545474,TRUE,FALSE,TRUE
6,196712,"p","2020-01-22 16:47:00",383.95,TRUE,383.866666666667,0.0833333333329733,FALSE,TRUE,197.03253526809,0.656775117563137,2.36439042322729,2.4669356013594,-5806.27994224751,24627.6451661452,TRUE,FALSE,TRUE
6,196712,"p","2020-01-22 16:52:00",384.033333333333,TRUE,383.95,0.0833333333330302,FALSE,TRUE,197.032563191784,0.65677521064167,2.36439075831001,2.46121540078837,-5638.04541531462,24731.8155777547,TRUE,FALSE,TRUE
6,196712,"o","2020-01-22 16:53:00",384.05,TRUE,384.033333333333,0.0166666666669926,FALSE,TRUE,41.0539765465899,0.684232942429785,2.46323859274723,2.45824097847422,-5603.95733415475,24755.0020503238,TRUE,FALSE,TRUE
6,196712,"p","2020-01-22 16:57:00",384.116666666667,TRUE,384.05,0.0666666666670039,FALSE,TRUE,472.540529166697,1.96891887151794,7.08810793746459,2.58373515412621,-5404.35578202019,25184.9987017451,TRUE,FALSE,TRUE
6,196712,"p","2020-01-22 17:02:00",384.2,TRUE,384.116666666667,0.0833333333329733,FALSE,TRUE,593.567605554057,1.97855868518874,7.12281126667946,2.7101933161825,-5154.30237212947,25725.4350038498,TRUE,FALSE,TRUE
6,196712,"p","2020-01-22 17:07:00",384.283333333333,TRUE,384.2,0.0833333333330302,FALSE,TRUE,593.568058358478,1.97856019453546,7.12281670032765,2.83665163418729,-4904.24896223864,26265.8713059638,TRUE,FALSE,TRUE
6,196712,"p","2020-01-22 17:12:00",384.366666666667,TRUE,384.283333333333,0.0833333333339965,FALSE,TRUE,593.568512510866,1.97856170835381,7.12282215007371,2.96311010856755,-4654.1955523481,26806.3076080778,TRUE,FALSE,TRUE
6,196712,"p","2020-01-22 17:17:00",384.45,TRUE,384.366666666667,0.0833333333329733,FALSE,TRUE,593.568967998803,1.97856322667122,7.12282761601641,3.0895687397525,-4404.14214245744,27346.743910185,TRUE,FALSE,TRUE
6,196712,"p","2020-01-22 17:22:00",384.533333333333,TRUE,384.45,0.0833333333330302,FALSE,TRUE,593.569424835032,1.97856474945731,7.1228330980463,3.21602752816562,-4154.08873256662,27887.1802122871,TRUE,FALSE,TRUE
6,196712,"p","2020-01-22 17:27:00",384.616666666667,TRUE,384.533333333333,0.0833333333339965,FALSE,TRUE,593.569883007938,1.97856627667738,7.12283859603857,3.34248647423001,-3904.03532267599,28427.6165143977,TRUE,FALSE,TRUE
6,196712,"o","2020-01-22 17:29:00",384.65,TRUE,384.616666666667,0.033333333332962,FALSE,TRUE,235.313893731517,1.96094911445116,7.05941681202416,3.46718370898079,-3805.04552058426,28641.930996111,TRUE,FALSE,TRUE
6,196712,"p","2020-01-22 17:32:00",384.7,TRUE,384.65,0.0500000000000114,FALSE,TRUE,124.170604371353,0.689836690951803,2.48341208742649,3.46476970626705,-3768.767778593,28761.0790906503,TRUE,FALSE,TRUE
6,196712,"p","2020-01-22 17:37:00",384.783333333333,TRUE,384.7,0.0833333333330302,FALSE,TRUE,203.497277847837,0.678324259495257,2.44196733418293,3.46120446527292,-3710.0241450484,28956.5591829886,TRUE,FALSE,TRUE
6,196712,"p","2020-01-22 17:42:00",384.866666666667,TRUE,384.783333333333,0.0833333333339965,FALSE,TRUE,203.497335131737,0.678324450433727,2.44196802156142,3.45763924821718,-3651.28051150405,29152.0392753215,TRUE,FALSE,TRUE
6,196712,"p","2020-01-22 17:47:00",384.95,TRUE,384.866666666667,0.0833333333329733,FALSE,TRUE,203.497392476674,0.678324641591845,2.44196870973064,3.45407405509875,-3592.53687795934,29347.519367659,TRUE,FALSE,TRUE
6,196712,"p","2020-01-22 17:52:00",385.033333333333,TRUE,384.95,0.0833333333330302,FALSE,TRUE,203.497449878289,0.678324832930096,2.44196939854835,3.45050888591512,-3533.79324441463,29542.9994600032,TRUE,FALSE,TRUE
6,196712,"p","2020-01-22 17:57:00",385.116666666667,TRUE,385.033333333333,0.0833333333339965,FALSE,TRUE,203.497507327081,0.678325024418205,2.44197008790554,3.44694374066062,-3475.04961087025,29738.4795523369,TRUE,FALSE,TRUE
6,196712,"p","2020-01-22 18:02:00",385.2,TRUE,385.116666666667,0.0833333333329733,FALSE,TRUE,203.497564834064,0.678325216116477,2.44197077801932,3.44337861933362,-3416.3059773258,29933.9596446803,TRUE,FALSE,TRUE
6,196712,"p","2020-01-22 18:07:00",385.283333333333,TRUE,385.2,0.0833333333330302,FALSE,TRUE,203.49762239515,0.678325407986301,2.44197146875068,3.44011695490701,-3357.56234378083,30129.4397370192,TRUE,FALSE,TRUE
6,196712,"p","2020-01-22 18:12:00",385.366666666667,TRUE,385.283333333333,0.0833333333339965,FALSE,TRUE,203.497680008577,0.678325600023192,2.44197216008349,3.44238515850628,-3298.81871023627,30324.9198293498,TRUE,FALSE,TRUE
6,196712,"p","2020-01-22 18:17:00",385.45,TRUE,385.366666666667,0.0833333333329733,FALSE,TRUE,203.497737677403,0.678325792260942,2.44197285213939,3.44454037257771,-3240.07507669168,30520.3999216849,TRUE,FALSE,TRUE
6,196712,"p","2020-01-22 18:22:00",385.533333333333,TRUE,385.45,0.0833333333330302,FALSE,TRUE,203.497795400084,0.678325984669414,2.44197354480989,3.44669559684975,-3181.33144314721,30715.8800140307,TRUE,FALSE,TRUE
6,196712,"p","2020-01-22 18:27:00",385.616666666667,TRUE,385.533333333333,0.0833333333339965,FALSE,TRUE,203.497853173993,0.678326177241245,2.44197423806848,3.44885083132529,-3122.5878096026,30911.3601063654,TRUE,FALSE,TRUE
6,196712,"p","2020-01-22 18:32:00",385.7,TRUE,385.616666666667,0.0833333333329733,FALSE,TRUE,203.497911005758,0.678326370022125,2.44197493207965,3.45100607600737,-3063.844176058,31106.8401987022,TRUE,FALSE,TRUE
6,196712,"o","2020-01-22 18:34:00",385.733333333333,TRUE,385.7,0.0333333333330188,FALSE,TRUE,80.5762026986827,0.671468355828692,2.41728608098329,3.45247551018181,-3039.10865225527,31183.7845779149,TRUE,FALSE,TRUE
6,196712,"p","2020-01-22 18:37:00",385.783333333333,TRUE,385.733333333333,0.0500000000000114,FALSE,TRUE,172.146131184738,0.956367395470547,3.44292262369397,3.4824348392157,-2867.33567744743,31163.4886064097,TRUE,FALSE,TRUE
6,196712,"p","2020-01-22 18:42:00",385.866666666667,TRUE,385.783333333333,0.0833333333339965,FALSE,TRUE,289.199035647034,0.96399678548244,3.47038842773679,3.51315709812995,-2578.98393546011,31127.5825577023,TRUE,FALSE,TRUE
6,196712,"p","2020-01-22 18:47:00",385.95,TRUE,385.866666666667,0.0833333333329733,FALSE,TRUE,289.199019073089,0.963996730247793,3.47038822889206,3.54387934238294,-2290.63219347239,31091.6765089911,TRUE,FALSE,TRUE
6,196712,"p","2020-01-22 18:52:00",386.033333333333,TRUE,385.95,0.0833333333330302,FALSE,TRUE,289.199002656654,0.963996675525688,3.47038803189248,3.57460157200945,-2002.28045148483,31055.7704602804,TRUE,FALSE,TRUE
6,196712,"p","2020-01-22 18:57:00",386.116666666667,TRUE,386.033333333333,0.0833333333339965,FALSE,TRUE,289.198986397878,0.963996621318589,3.47038783674692,3.60532378704494,-1713.92870949727,31019.8644115748,TRUE,FALSE,TRUE
6,196712,"p","2020-01-22 19:02:00",386.2,TRUE,386.116666666667,0.0833333333329733,FALSE,TRUE,289.198970297378,0.96399656766209,3.47038764358352,3.63604598752664,-1425.57696750979,30983.9583628711,TRUE,FALSE,TRUE
6,196712,"o","2020-01-22 19:05:00",386.25,TRUE,386.2,0.0500000000000114,FALSE,TRUE,173.062248281919,0.961456934899329,3.46124496563758,3.66651421552841,-1253.01632887521,30962.5145766601,TRUE,FALSE,TRUE
6,196712,"p","2020-01-22 19:07:00",386.283333333333,TRUE,386.25,0.0333333333330188,FALSE,TRUE,82.2865386968658,0.685721155813686,2.46859616092927,3.66940885640152,-1170.63754168276,30955.458926493,TRUE,FALSE,TRUE
6,196712,"p","2020-01-22 19:12:00",386.366666666667,TRUE,386.283333333333,0.0833333333339965,FALSE,TRUE,204.578585891025,0.681928619631322,2.45494303067276,3.67192423441923,-965.816590096928,30938.0694086475,TRUE,FALSE,TRUE
6,196712,"p","2020-01-22 19:17:00",386.45,TRUE,386.366666666667,0.0833333333329733,FALSE,TRUE,204.578580431828,0.681928601442374,2.45494296519255,3.67443960136368,-760.995638511111,30920.6798907906,TRUE,FALSE,TRUE
6,196712,"p","2020-01-22 19:22:00",386.533333333333,TRUE,386.45,0.0833333333330302,FALSE,TRUE,204.57857502893,0.681928583432246,2.45494290035609,3.6769549572383,-556.174686925157,30903.2903729365,TRUE,FALSE,TRUE
6,196712,"p","2020-01-22 19:27:00",386.616666666667,TRUE,386.533333333333,0.0833333333339965,FALSE,TRUE,204.578569681285,0.681928565598857,2.45494283615589,3.67947030204188,-351.353735339232,30885.900855081,TRUE,FALSE,TRUE
6,196712,"p","2020-01-22 19:32:00",386.7,TRUE,386.616666666667,0.0833333333329733,FALSE,TRUE,204.578564389736,0.681928547968732,2.45494277268744,3.68198563577458,-146.532783753251,30868.5113372246,TRUE,FALSE,TRUE
6,196712,"p","2020-01-22 19:37:00",386.783333333333,TRUE,386.7,0.0833333333330302,FALSE,TRUE,204.578559154625,0.681928530517897,2.45494270986443,3.68175519458339,58.2881678327412,30851.1218193774,TRUE,FALSE,TRUE
6,196712,"p","2020-01-22 19:42:00",386.866666666667,TRUE,386.783333333333,0.0833333333339965,FALSE,TRUE,204.578553974499,0.681928513242904,2.45494264767445,3.55305615875589,263.109119418569,30833.732301523,TRUE,FALSE,TRUE
6,196712,"p","2020-01-22 19:47:00",386.95,TRUE,386.866666666667,0.0833333333329733,FALSE,TRUE,204.578548850916,0.681928496172667,2.4549425862216,3.42339313985428,467.930071004305,30816.3427836673,TRUE,FALSE,TRUE
6,196712,"p","2020-01-22 19:52:00",387.033333333333,TRUE,386.95,0.0833333333330302,FALSE,TRUE,204.578543783091,0.681928479279451,2.45494252540602,3.29372996832868,672.751022590084,30798.9532658172,TRUE,FALSE,TRUE
6,196712,"p","2020-01-22 19:57:00",387.116666666667,TRUE,387.033333333333,0.0833333333339965,FALSE,TRUE,204.578538771554,0.681928462566419,2.45494246523911,3.16406664374994,877.571974176095,30781.5637479595,TRUE,FALSE,TRUE
6,196712,"p","2020-01-22 20:02:00",387.2,TRUE,387.116666666667,0.0833333333329733,FALSE,TRUE,204.578533815674,0.681928446055192,2.45494240579869,3.03440316568834,1082.39292576202,30764.1742301048,TRUE,FALSE,TRUE
6,196712,"p","2020-01-22 20:07:00",387.283333333333,TRUE,387.2,0.0833333333330302,FALSE,TRUE,204.578528915402,0.681928429720486,2.45494234699375,2.90473953371466,1287.21387734799,30746.7847122559,TRUE,FALSE,TRUE
6,196712,"o","2020-01-22 20:09:00",387.316666666667,TRUE,387.283333333333,0.0333333333339851,FALSE,TRUE,83.2191331111768,0.693492775912913,2.49657399328649,2.77623218363821,1370.50194789698,30739.3709570934,TRUE,FALSE,TRUE
6,196712,"p","2020-01-22 20:12:00",387.366666666667,TRUE,387.316666666667,0.0500000000000114,FALSE,TRUE,278.242062577248,1.54578923653991,5.56484125154369,2.73471619584709,1643.33276798763,30678.4375517087,TRUE,FALSE,TRUE
6,196712,"p","2020-01-22 20:17:00",387.45,TRUE,387.366666666667,0.0833333333329733,FALSE,TRUE,466.103867388632,1.55367955796882,5.59324640868774,2.82110048254879,2100.31695132951,30576.1186293708,TRUE,FALSE,TRUE
6,196712,"p","2020-01-22 20:22:00",387.533333333333,TRUE,387.45,0.0833333333330302,FALSE,TRUE,466.103800719738,1.55367933573811,5.59324560865721,2.90863599017307,2557.3011346715,30473.7997070258,TRUE,FALSE,TRUE
6,196712,"p","2020-01-22 20:27:00",387.616666666667,TRUE,387.533333333333,0.0833333333339965,FALSE,TRUE,466.103734712399,1.55367911569563,5.59324481650427,2.99617145669926,3014.28531801363,30371.480784684,TRUE,FALSE,TRUE
6,196712,"p","2020-01-22 20:32:00",387.7,TRUE,387.616666666667,0.0833333333329733,FALSE,TRUE,466.103669364769,1.55367889788928,5.59324403240139,3.08370688232901,3471.2695013556,30269.1618623473,TRUE,FALSE,TRUE
6,196712,"p","2020-01-22 20:37:00",387.783333333333,TRUE,387.7,0.0833333333330302,FALSE,TRUE,466.103604679008,1.55367868226901,5.59324325616845,3.1712422672629,3928.25368469779,30166.8429400068,TRUE,FALSE,TRUE
6,196712,"p","2020-01-22 20:42:00",387.866666666667,TRUE,387.783333333333,0.0833333333339965,FALSE,TRUE,462.685392562663,1.54228464186327,5.55222471070777,3.2576382290074,4381.70884448944,30064.4867115845,TRUE,FALSE,TRUE
6,196712,"p","2020-01-22 20:47:00",387.95,TRUE,387.866666666667,0.0833333333329733,FALSE,TRUE,221.632624131852,0.738775413776033,2.65959148959372,3.26368324877336,4187.7419572505,29955.2864440494,TRUE,FALSE,TRUE
6,196712,"p","2020-01-22 20:52:00",388.033333333333,TRUE,387.95,0.0833333333330302,FALSE,TRUE,223.37998946873,0.744599964898476,2.68055987363451,3.27031070446458,3991.45009098754,29846.6451932713,TRUE,FALSE,TRUE
6,196712,"p","2020-01-22 20:57:00",388.116666666667,TRUE,388.033333333333,0.0833333333339965,FALSE,TRUE,24.4919789841977,0.081639929946676,0.293903747808034,3.21064213745693,4016.04792998407,29847.4032001892,TRUE,FALSE,TRUE
6,196712,"p","2020-01-22 21:02:00",388.2,TRUE,388.116666666667,0.0833333333329733,FALSE,TRUE,25.7140931345604,0.0857136437822383,0.308569117616058,3.15138092260906,4041.84981351161,29848.7575299519,TRUE,FALSE,TRUE
6,196712,"o","2020-01-22 21:03:00",388.216666666667,TRUE,388.2,0.0166666666669926,FALSE,TRUE,5.65552520800536,0.0942587534649128,0.339331512473686,3.09297419948861,4047.5249046112,29849.05047413,TRUE,FALSE,TRUE
6,196712,"p","2020-01-22 21:07:00",388.283333333333,TRUE,388.216666666667,0.0666666666660376,FALSE,TRUE,96.1287688509663,0.400536536882806,1.4419315327781,3.06519523545276,4144.01737128535,29853.3874995694,TRUE,FALSE,TRUE
6,196712,"p","2020-01-22 21:12:00",388.366666666667,TRUE,388.283333333333,0.0833333333339965,FALSE,TRUE,120.801870968594,0.402672903225444,1.4496224516116,3.03762988877309,4265.27634762689,29858.8363791513,TRUE,FALSE,TRUE
6,196712,"o","2020-01-22 21:15:00",388.416666666667,TRUE,388.366666666667,0.0500000000000114,FALSE,TRUE,72.9364473322784,0.405202485179233,1.45872894664524,3.01100330170815,4338.48300960339,29862.2517658679,TRUE,FALSE,TRUE
6,196712,"p","2020-01-22 21:17:00",388.45,TRUE,388.416666666667,0.033333333332962,FALSE,TRUE,82.1479934096636,0.684566611754823,2.46443980231736,2.98382322333658,4420.01215026896,29875.1202884445,TRUE,FALSE,TRUE
6,196712,"p","2020-01-22 21:22:00",388.533333333333,TRUE,388.45,0.0833333333330302,FALSE,TRUE,206.535965533869,0.688453218448733,2.47843158641544,2.9562688666332,4624.96319236106,29907.6567423175,TRUE,FALSE,TRUE
6,196712,"p","2020-01-22 21:27:00",388.616666666667,TRUE,388.533333333333,0.0833333333339965,FALSE,TRUE,206.535976573608,0.68845325523988,2.47843171886357,2.92871451913241,4829.91423445321,29940.1931961764,TRUE,FALSE,TRUE
6,196712,"p","2020-01-22 21:32:00",388.7,TRUE,388.616666666667,0.0833333333329733,FALSE,TRUE,206.535987670312,0.688453292237346,2.47843185205445,2.90116018080358,5034.86527654505,29972.7296500485,TRUE,FALSE,TRUE
6,196712,"p","2020-01-22 21:37:00",388.783333333333,TRUE,388.7,0.0833333333330302,FALSE,TRUE,206.535998825187,0.688453329419795,2.47843198591126,2.8736058516137,5239.81631863735,30005.2661039216,TRUE,FALSE,TRUE
6,196712,"p","2020-01-22 21:42:00",388.866666666667,TRUE,388.783333333333,0.0833333333339965,FALSE,TRUE,206.536010037319,0.688453366785585,2.47843212042811,2.84605153152605,5444.76736072928,30037.802557783,TRUE,FALSE,TRUE
6,196712,"p","2020-01-22 21:47:00",388.95,TRUE,388.866666666667,0.0833333333329733,FALSE,TRUE,206.536021306795,0.688453404358957,2.47843225569225,2.81875117847201,5649.71840282125,30070.3390116515,TRUE,FALSE,TRUE
6,196712,"p","2020-01-22 21:52:00",389.033333333333,TRUE,388.95,0.0833333333330302,FALSE,TRUE,206.536032633592,0.688453442114479,2.47843239161213,2.81902440710209,5854.66944491317,30102.8754655244,TRUE,FALSE,TRUE
6,196712,"p","2020-01-22 21:57:00",389.116666666667,TRUE,389.033333333333,0.0833333333339965,FALSE,TRUE,206.536044018883,0.688453480057465,2.47843252820687,2.81967689314471,6059.62048700519,30135.4119193896,TRUE,FALSE,TRUE
6,196712,"p","2020-01-22 22:02:00",389.2,TRUE,389.116666666667,0.0833333333329733,FALSE,TRUE,206.536055460592,0.688453518204947,2.47843266553781,2.82032938482096,6264.57152909719,30167.9483732554,TRUE,FALSE,TRUE
6,196712,"p","2020-01-22 22:07:00",389.283333333333,TRUE,389.2,0.0833333333330302,FALSE,TRUE,206.536066960562,0.688453556537711,2.47843280353576,2.82098188213151,6469.52257118934,30200.4848271289,TRUE,FALSE,TRUE
6,196712,"p","2020-01-22 22:12:00",389.366666666667,TRUE,389.283333333333,0.0833333333339965,FALSE,TRUE,206.536078517652,0.688453595053362,2.4784329421921,2.82163438507696,6674.47361328127,30233.0212809967,TRUE,FALSE,TRUE
6,196712,"p","2020-01-22 22:17:00",389.45,TRUE,389.366666666667,0.0833333333329733,FALSE,TRUE,206.536090132472,0.68845363377788,2.47843308160037,2.82228689365787,6879.42465537346,30265.5577348656,TRUE,FALSE,TRUE
6,196712,"p","2020-01-22 22:22:00",389.533333333333,TRUE,389.45,0.0833333333330302,FALSE,TRUE,206.536101804627,0.688453672684595,2.47843322166454,2.82293940787454,7084.37569746555,30298.0941887277,TRUE,FALSE,TRUE
6,196712,"p","2020-01-22 22:27:00",389.616666666667,TRUE,389.533333333333,0.0833333333339965,FALSE,TRUE,206.536113534619,0.688453711776584,2.4784333623957,2.82359192772791,7289.32673955745,30330.6306426026,TRUE,FALSE,TRUE
6,196712,"o","2020-01-22 22:29:00",389.65,TRUE,389.616666666667,0.033333333332962,FALSE,TRUE,80.3799160205455,0.669832633512009,2.41139748064323,2.82238234146185,7368.94492431123,30344.1708590886,TRUE,FALSE,TRUE
6,196712,"p","2020-01-22 22:32:00",389.7,TRUE,389.65,0.0500000000000114,FALSE,TRUE,157.166894280244,0.873149412667821,3.14333788560416,2.84150443480068,7231.42311025214,30421.6565228716,TRUE,FALSE,TRUE
6,196712,"p","2020-01-22 22:37:00",389.783333333333,TRUE,389.7,0.0833333333330302,FALSE,TRUE,265.788934636557,0.885963115458412,3.18946721565028,2.86190790008988,6998.28303334874,30551.6753540791,TRUE,FALSE,TRUE
6,196712,"p","2020-01-22 22:42:00",389.866666666667,TRUE,389.783333333333,0.0833333333339965,FALSE,TRUE,265.788982227704,0.885963274085295,3.18946778670706,2.88231138289289,6765.1429564453,30681.6941852889,TRUE,FALSE,TRUE
6,196712,"o","2020-01-22 22:44:00",389.9,TRUE,389.866666666667,0.033333333332962,FALSE,TRUE,104.895439832327,0.874128665279129,3.14686319500486,2.90153140644876,6673.74542137925,30734.086595297,TRUE,FALSE,TRUE
6,196712,"p","2020-01-22 22:47:00",389.95,TRUE,389.9,0.0500000000000114,FALSE,TRUE,136.449026216462,0.758050145646841,2.72898052432863,2.90798714342215,6738.80486091459,30854.5398232618,TRUE,FALSE,TRUE
6,196712,"p","2020-01-22 22:52:00",390.033333333333,TRUE,389.95,0.0833333333330302,FALSE,TRUE,229.45361435872,0.764845381198515,2.75344337231465,2.82989275788801,6850.33475296615,31055.9366657556,TRUE,FALSE,TRUE
6,196712,"o","2020-01-22 22:55:00",390.083333333333,TRUE,390.033333333333,0.0499999999999545,FALSE,TRUE,137.693567874603,0.764964265970712,2.75387135749456,2.7510212286882,6918.94672264536,31175.8493384554,TRUE,FALSE,TRUE
6,196712,"p","2020-01-22 22:57:00",390.116666666667,TRUE,390.083333333333,0.033333333334042,FALSE,TRUE,168.267731753052,1.40223109791229,5.04803195248423,2.73587640490562,7087.53247460432,31188.6825250321,TRUE,FALSE,TRUE
6,196712,"p","2020-01-22 23:02:00",390.2,TRUE,390.116666666667,0.0833333333329733,FALSE,TRUE,424.704628664402,1.41568209555412,5.09645554399484,2.72207670289147,7513.23194062182,31218.4519094961,TRUE,FALSE,TRUE
6,196712,"p","2020-01-22 23:07:00",390.283333333333,TRUE,390.2,0.0833333333330302,FALSE,TRUE,424.70465594748,1.41568218649675,5.0964558713883,2.70827703175221,7938.93140664012,31248.2212939616,TRUE,FALSE,TRUE
6,196712,"p","2020-01-22 23:12:00",390.366666666667,TRUE,390.283333333333,0.0833333333339965,FALSE,TRUE,424.704683729816,1.41568227908812,5.09645620471723,2.69447739143412,8364.63087265802,31277.9906784356,TRUE,FALSE,TRUE
6,196712,"p","2020-01-22 23:17:00",390.45,TRUE,390.366666666667,0.0833333333329733,FALSE,TRUE,424.704712012518,1.41568237338118,5.09645654417223,2.68181716458591,8790.33033867579,31307.760062897,TRUE,FALSE,TRUE
6,196712,"p","2020-01-22 23:22:00",390.533333333333,TRUE,390.45,0.0833333333330302,FALSE,TRUE,424.704740796206,1.41568246932584,5.09645688957302,2.7495078701409,9216.0298046938,31337.5294473692,TRUE,FALSE,TRUE
6,196712,"p","2020-01-22 23:27:00",390.616666666667,TRUE,390.533333333333,0.0833333333339965,FALSE,TRUE,424.704770079815,1.41568256692145,5.09645724091722,2.81661613034319,9641.72927071179,31367.2988318405,TRUE,FALSE,TRUE
6,196712,"p","2020-01-22 23:32:00",390.7,TRUE,390.616666666667,0.0833333333329733,FALSE,TRUE,423.056613357218,1.41018871119682,5.07667936030854,2.94947100846821,10065.7193766627,31397.7580244865,TRUE,FALSE,TRUE
6,196712,"p","2020-01-22 23:37:00",390.783333333333,TRUE,390.7,0.0833333333330302,FALSE,TRUE,191.264983233741,0.637549944114791,2.29517979881325,3.00465463850146,10176.1163943339,31554.7669601924,TRUE,FALSE,TRUE
6,196712,"o","2020-01-22 23:41:00",390.85,TRUE,390.783333333333,0.0666666666670039,FALSE,TRUE,152.694648022403,0.636227700090128,2.29041972032446,3.05885153316398,10263.7257968321,31680.479700151,TRUE,FALSE,TRUE
6,196712,"p","2020-01-22 23:42:00",390.866666666667,TRUE,390.85,0.0166666666669926,FALSE,TRUE,47.8563152752072,0.79760525457119,2.87137891645628,3.09855840493282,10309.2574614464,31695.9135267333,TRUE,FALSE,TRUE
6,196712,"p","2020-01-22 23:47:00",390.95,TRUE,390.866666666667,0.0833333333329733,FALSE,TRUE,241.693157802647,0.805643859345637,2.90031789364429,3.13885550054484,10540.2121665574,31770.8513838676,TRUE,FALSE,TRUE
6,196712,"p","2020-01-22 23:52:00",391.033333333333,TRUE,390.95,0.0833333333330302,FALSE,TRUE,241.693188167141,0.805643960560069,2.90031825801625,3.17889964808293,10771.1668716743,31845.7892409975,TRUE,FALSE,TRUE
6,196712,"p","2020-01-22 23:57:00",391.116666666667,TRUE,391.033333333333,0.0833333333339965,FALSE,TRUE,241.693218618697,0.80564406205591,2.90031862340128,3.19100739311303,11002.1215767911,31920.7270981264,TRUE,FALSE,TRUE
6,196712,"p","2020-01-23 00:02:00",391.2,TRUE,391.116666666667,0.0833333333329733,FALSE,TRUE,241.693249161439,0.805644163874942,2.90031898994979,3.20272648765565,11233.0762819075,31995.6649552487,TRUE,FALSE,TRUE
6,196712,"p","2020-01-23 00:07:00",391.283333333333,TRUE,391.2,0.0833333333330302,FALSE,TRUE,241.693279798192,0.805644265996904,2.90031935758885,3.21444558873136,11464.0309870248,32070.6028123766,TRUE,FALSE,TRUE
6,196712,"o","2020-01-23 00:11:00",391.35,TRUE,391.283333333333,0.0666666666670039,FALSE,TRUE,192.73932147965,0.803080506161146,2.89108982218013,3.22590831012374,11647.9265206985,32131.2159327668,TRUE,FALSE,TRUE
6,196712,"p","2020-01-23 00:12:00",391.366666666667,TRUE,391.35,0.0166666666669926,FALSE,TRUE,41.5201334803646,0.692002224659211,2.49120800877316,3.22626319964768,11662.781910062,32170.1260596019,TRUE,FALSE,TRUE
6,196712,"p","2020-01-23 00:17:00",391.45,TRUE,391.366666666667,0.0833333333329733,FALSE,TRUE,209.215297161462,0.697384323874553,2.51058356594839,3.22715629535658,11732.7177048266,32367.9908671754,TRUE,FALSE,TRUE
6,196712,"p","2020-01-23 00:22:00",391.533333333333,TRUE,391.45,0.0833333333330302,FALSE,TRUE,209.215359080936,0.697384530272322,2.51058430898036,3.22804940794791,11802.6534995837,32565.8556747498,TRUE,FALSE,TRUE
6,196712,"o","2020-01-23 00:26:00",391.6,TRUE,391.533333333333,0.0666666666670039,FALSE,TRUE,165.736516263663,0.690568817761769,2.48604774394237,3.22826094551264,11856.6418934702,32723.0910202821,TRUE,FALSE,TRUE
6,196712,"p","2020-01-23 00:27:00",391.616666666667,TRUE,391.6,0.0166666666669926,FALSE,TRUE,56.50767566914,0.941794594467251,3.3904605400821,3.25359505695362,11799.8814023182,32724.5335197088,TRUE,FALSE,TRUE
6,196712,"p","2020-01-23 00:32:00",391.7,TRUE,391.616666666667,0.0833333333329733,FALSE,TRUE,292.207626241939,0.974025420810672,3.50649151491842,3.28215224721419,11506.2777370654,32726.4635142679,TRUE,FALSE,TRUE
6,196712,"o","2020-01-23 00:36:00",391.766666666667,TRUE,391.7,0.0666666666670039,FALSE,TRUE,232.281386480088,0.967839110328804,3.48422079718369,3.3100908025933,11272.8852790775,32727.7804338759,TRUE,FALSE,TRUE
6,196712,"p","2020-01-23 00:37:00",391.783333333333,TRUE,391.766666666667,0.0166666666660262,FALSE,TRUE,9.20268426375488,0.153378071068475,0.55216105584651,3.25658325019481,11267.9576764341,32719.9709673662,TRUE,FALSE,TRUE
6,196712,"p","2020-01-23 00:42:00",391.866666666667,TRUE,391.783333333333,0.0833333333339965,FALSE,TRUE,43.5655219102696,0.14521840636641,0.522786262919075,3.20225972745367,11250.7720342797,32679.7882547106,TRUE,FALSE,TRUE
6,196712,"p","2020-01-23 00:47:00",391.95,TRUE,391.866666666667,0.0833333333329733,FALSE,TRUE,43.5655192781759,0.145218397594547,0.522786231340369,3.14793619994466,11233.5863921386,32639.6055420448,TRUE,FALSE,TRUE
6,196712,"p","2020-01-23 00:52:00",392.033333333333,TRUE,391.95,0.0833333333330302,FALSE,TRUE,43.5655166484535,0.145218388828707,0.522786199783344,3.09361266764987,11216.4007499975,32599.4228293928,TRUE,FALSE,TRUE
6,196712,"p","2020-01-23 00:57:00",392.116666666667,TRUE,392.033333333333,0.0833333333339965,FALSE,TRUE,43.565514018405,0.145218380060194,0.522786168216699,3.04115124230469,11199.2151078563,32559.2401167287,TRUE,FALSE,TRUE
6,196712,"p","2020-01-23 01:02:00",392.2,TRUE,392.116666666667,0.0833333333329733,FALSE,TRUE,43.565511393234,0.145218371311407,0.522786136721066,2.96835813816905,11182.0294657152,32519.0574040743,TRUE,FALSE,TRUE
6,196712,"p","2020-01-23 01:07:00",392.283333333333,TRUE,392.2,0.0833333333330302,FALSE,TRUE,43.5655087639074,0.145218362546886,0.522786105168791,2.8942836628779,11164.8438235741,32478.8746914092,TRUE,FALSE,TRUE
6,196712,"p","2020-01-23 01:12:00",392.366666666667,TRUE,392.283333333333,0.0833333333339965,FALSE,TRUE,43.5655061368564,0.145218353788366,0.522786073638117,2.82020917084821,11147.658181433,32438.6919787501,TRUE,FALSE,TRUE
6,196712,"p","2020-01-23 01:17:00",392.45,TRUE,392.366666666667,0.0833333333329733,FALSE,TRUE,43.5655035121544,0.145218345041142,0.522786042148112,2.74731813882441,11130.4725392919,32398.5092660956,TRUE,FALSE,TRUE
6,196712,"p","2020-01-23 01:22:00",392.533333333333,TRUE,392.45,0.0833333333330302,FALSE,TRUE,43.5655008846712,0.145218336282766,0.522786010617957,2.686034957888,11113.2868971505,32358.3265534358,TRUE,FALSE,TRUE
6,196712,"p","2020-01-23 01:27:00",392.616666666667,TRUE,392.533333333333,0.0833333333339965,FALSE,TRUE,43.565498260617,0.145218327534234,0.522785979123244,2.62407225252157,11096.1012550092,32318.1438407714,TRUE,FALSE,TRUE
6,196712,"p","2020-01-23 01:32:00",392.7,TRUE,392.616666666667,0.0833333333329733,FALSE,TRUE,43.5654956349353,0.145218318783745,0.522785947621482,2.56209765780287,11078.9156128682,32277.9611281179,TRUE,FALSE,TRUE
6,196712,"p","2020-01-23 01:37:00",392.783333333333,TRUE,392.7,0.0833333333330302,FALSE,TRUE,43.5654930129767,0.145218310043784,0.522785916157622,2.43639637901602,11061.7299707272,32237.7784154516,TRUE,FALSE,TRUE
6,196712,"p","2020-01-23 01:42:00",392.866666666667,TRUE,392.783333333333,0.0833333333339965,FALSE,TRUE,43.5654903881631,0.145218301292721,0.522785884653797,2.30934999958988,11044.544328586,32197.5957027928,TRUE,FALSE,TRUE
6,196712,"p","2020-01-23 01:47:00",392.95,TRUE,392.866666666667,0.0833333333329733,FALSE,TRUE,43.5654877642499,0.145218292548127,0.522785853173258,2.18230361019502,11027.358686445,32157.4129901367,TRUE,FALSE,TRUE
6,196712,"p","2020-01-23 01:52:00",393.033333333333,TRUE,392.95,0.0833333333330302,FALSE,TRUE,43.5654851427588,0.145218283809724,0.522785821715008,2.05525721066718,11010.1730443039,32117.2302774771,TRUE,FALSE,TRUE
6,196712,"p","2020-01-23 01:57:00",393.116666666667,TRUE,393.033333333333,0.0833333333339965,FALSE,TRUE,43.5654825196398,0.14521827506431,0.522785790231517,1.9282108008355,10992.9874021628,32077.0475648153,TRUE,FALSE,TRUE
6,196712,"p","2020-01-23 02:02:00",393.2,TRUE,393.116666666667,0.0833333333329733,FALSE,TRUE,43.56547990017,0.145218266334527,0.522785758804298,1.80116438053636,10975.8017600216,32036.8648521641,TRUE,FALSE,TRUE
6,196712,"p","2020-01-23 02:07:00",393.283333333333,TRUE,393.2,0.0833333333330302,FALSE,TRUE,43.5654772750957,0.145218257584181,0.522785727303051,1.67411794960264,10958.6161178805,31996.6821394983,TRUE,FALSE,TRUE
6,196712,"p","2020-01-23 02:12:00",393.366666666667,TRUE,393.283333333333,0.0833333333339965,FALSE,TRUE,43.5654746576469,0.145218248857667,0.522785695887602,1.54762090336872,10941.4304757393,31956.4994268349,TRUE,FALSE,TRUE
6,196712,"p","2020-01-23 02:17:00",393.45,TRUE,393.366666666667,0.0833333333329733,FALSE,TRUE,43.5654720385699,0.145218240129194,0.522785664465097,1.49838773297016,10924.2448335981,31916.3167141821,TRUE,FALSE,TRUE
6,196712,"p","2020-01-23 02:22:00",393.533333333333,TRUE,393.45,0.0833333333330302,FALSE,TRUE,43.5654694178645,0.14521823139341,0.522785633016276,1.44928678610049,10907.059191457,31876.1340015175,TRUE,FALSE,TRUE
6,196712,"p","2020-01-23 02:27:00",393.616666666667,TRUE,393.533333333333,0.0833333333339965,FALSE,TRUE,43.5654667995807,0.145218222664113,0.522785601590807,1.38404808290978,10889.8735493158,31835.9512888685,TRUE,FALSE,TRUE
6,196712,"p","2020-01-23 02:32:00",393.7,TRUE,393.616666666667,0.0833333333329733,FALSE,TRUE,43.5654641808221,0.145218213936701,0.522785570172123,1.31800551836889,10872.6879071748,31795.7685762027,TRUE,FALSE,TRUE
6,196712,"p","2020-01-23 02:37:00",393.783333333333,TRUE,393.7,0.0833333333330302,FALSE,TRUE,43.5654615632576,0.145218205211387,0.522785538760993,1.25196294283402,10855.5022650337,31755.5858635418,TRUE,FALSE,TRUE
6,196712,"p","2020-01-23 05:52:00",397.033333333333,TRUE,396.95,0.0833333333330302,FALSE,TRUE,326.721900280719,1.08907300093969,3.92066280338289,1.24742502910602,9016.85010103619,30051.8286355993,TRUE,FALSE,TRUE
6,196712,"p","2020-01-23 05:57:00",397.116666666667,TRUE,397.033333333333,0.0833333333339965,FALSE,TRUE,326.721778513551,1.0890725950365,3.92066134213142,1.34181047506277,8801.83774115138,29804.2240987613,TRUE,FALSE,TRUE
6,196712,"p","2020-01-23 06:02:00",397.2,TRUE,397.116666666667,0.0833333333329733,FALSE,TRUE,326.721656980141,1.08907218993851,3.92065988377863,1.436195881381,8586.82538126668,29556.6195619119,TRUE,FALSE,TRUE
6,196712,"p","2020-01-23 06:07:00",397.283333333333,TRUE,397.2,0.0833333333330302,FALSE,TRUE,326.721535666313,1.08907178555834,3.92065842801002,1.53058124813226,8371.81302138147,29309.0150250624,TRUE,FALSE,TRUE
6,196712,"p","2020-01-23 06:12:00",397.366666666667,TRUE,397.283333333333,0.0833333333339965,FALSE,TRUE,326.721414581141,1.08907138192847,3.92065697494249,1.62496657539093,8156.8006614966,29061.410488221,TRUE,FALSE,TRUE
6,196712,"p","2020-01-23 06:17:00",397.45,TRUE,397.366666666667,0.0833333333329733,FALSE,TRUE,326.721293719255,1.08907097906889,3.920655524648,1.71935186323386,7941.78830161195,28813.8059513776,TRUE,FALSE,TRUE
6,196712,"p","2020-01-23 06:22:00",397.533333333333,TRUE,397.45,0.0833333333330302,FALSE,TRUE,326.721173081334,1.08907057694174,3.92065407699027,1.81373711173499,7726.77594172706,28566.2014145331,TRUE,FALSE,TRUE
6,196712,"p","2020-01-23 06:27:00",397.616666666667,TRUE,397.533333333333,0.0833333333339965,FALSE,TRUE,326.721052668508,1.08907017555303,3.9206526319909,1.90812232096753,7511.76358184203,28318.5968776962,TRUE,FALSE,TRUE
6,196712,"o","2020-01-23 06:30:00",397.666666666667,TRUE,397.616666666667,0.0500000000000114,FALSE,TRUE,194.231686784553,1.0790649265806,3.88463373569017,2.00150700617159,7384.10051939704,28171.2613822258,TRUE,FALSE,TRUE
6,196712,"p","2020-01-23 06:32:00",397.7,TRUE,397.666666666667,0.033333333332962,FALSE,TRUE,15.3775102471572,0.128145918727737,0.461325307419855,1.99979979146026,7396.47881894179,28162.0311676884,TRUE,FALSE,TRUE
6,196712,"p","2020-01-23 06:37:00",397.783333333333,TRUE,397.7,0.0833333333330302,FALSE,TRUE,39.5438462470335,0.131812820823925,0.474526154966128,1.99845926782949,7430.78545151841,28142.0236979573,TRUE,FALSE,TRUE
6,196712,"o","2020-01-23 06:41:00",397.85,TRUE,397.783333333333,0.0666666666670039,FALSE,TRUE,31.492060173082,0.131216917387178,0.47238090259384,1.99705915472287,7457.81416939324,28125.6006163791,TRUE,FALSE,TRUE
6,196712,"p","2020-01-23 06:42:00",397.866666666667,TRUE,397.85,0.0166666666669926,FALSE,TRUE,20.6688552225853,0.344480920369686,1.24013131333087,2.01698544278507,7449.64029288116,28106.5452386237,TRUE,FALSE,TRUE
6,196712,"p","2020-01-23 06:47:00",397.95,TRUE,397.866666666667,0.0833333333329733,FALSE,TRUE,106.077435899391,0.353591452999498,1.27292923079819,2.0378227849785,7406.68796941082,28009.1828209475,TRUE,FALSE,TRUE
6,196712,"p","2020-01-23 06:52:00",398.033333333333,TRUE,397.95,0.0833333333330302,FALSE,TRUE,105.96999867659,0.353233328923251,1.27163998412371,2.05862431563325,7362.44940249682,27912.5142712305,TRUE,FALSE,TRUE
6,196712,"p","2020-01-23 06:57:00",398.116666666667,TRUE,398.033333333333,0.0833333333339965,FALSE,TRUE,280.536003163646,0.935120010538046,3.36643203793697,2.13761451531859,7082.24121134582,27943.1402596199,TRUE,FALSE,TRUE
6,196712,"o","2020-01-23 06:58:00",398.133333333333,TRUE,398.116666666667,0.0166666666659694,FALSE,TRUE,55.8792255799273,0.931320426371085,3.35275353493591,2.21622475745622,7026.41775505329,27949.153089091,TRUE,FALSE,TRUE
6,196712,"p","2020-01-23 07:02:00",398.2,TRUE,398.133333333333,0.0666666666670039,FALSE,TRUE,154.851791581122,0.645215798251412,2.32277687370508,2.26622453764936,6871.28410913591,27937.1994257719,TRUE,FALSE,TRUE
6,196712,"p","2020-01-23 07:07:00",398.283333333333,TRUE,398.2,0.0833333333330302,FALSE,TRUE,192.999468311648,0.643331561041166,2.3159936197482,2.31603589498961,6677.9613400274,27921.9434193462,TRUE,FALSE,TRUE
6,196712,"o","2020-01-23 07:09:00",398.316666666667,TRUE,398.283333333333,0.0333333333339851,FALSE,TRUE,80.133615090131,0.667780125738034,2.40400845265692,2.36829210966794,6597.78922293658,27914.4987312956,TRUE,FALSE,TRUE
6,196712,"p","2020-01-23 07:12:00",398.366666666667,TRUE,398.316666666667,0.0500000000000114,FALSE,TRUE,455.276236954641,2.52931242752521,9.10552473909075,2.60670155539226,6168.28594855268,27757.3261312128,TRUE,FALSE,TRUE
6,196712,"p","2020-01-23 07:17:00",398.45,TRUE,398.366666666667,0.0833333333329733,FALSE,TRUE,763.989024309828,2.54663008104376,9.16786829175754,2.84684276733691,5447.70880883384,27493.1346552791,TRUE,FALSE,TRUE
6,196712,"p","2020-01-23 07:22:00",398.533333333333,TRUE,398.45,0.0833333333330302,FALSE,TRUE,763.988714518083,2.54662904840288,9.16786457425035,3.08751492650027,4727.13166911442,27228.943179347,TRUE,FALSE,TRUE
6,196712,"p","2020-01-23 07:27:00",398.616666666667,TRUE,398.533333333333,0.0833333333339965,FALSE,TRUE,763.988407628729,2.54662802540883,9.16786089147179,3.31527462372097,4006.5545293956,26964.7517034084,TRUE,FALSE,TRUE
6,196712,"p","2020-01-23 07:32:00",398.7,TRUE,398.616666666667,0.0833333333329733,FALSE,TRUE,763.988103646161,2.54662701216487,9.16785724379354,3.54266989631053,3285.97738967673,26700.5602274723,TRUE,FALSE,TRUE
6,196712,"p","2020-01-23 07:37:00",398.783333333333,TRUE,398.7,0.0833333333330302,FALSE,TRUE,763.987802568922,2.54662600857234,9.16785363086041,3.77045614219747,2565.40024995738,26436.3687515393,TRUE,FALSE,TRUE
6,196712,"p","2020-01-23 07:42:00",398.866666666667,TRUE,398.783333333333,0.0833333333339965,FALSE,TRUE,763.481389039676,2.54493796344533,9.1617766684032,4.02298173520022,1845.1087752188,26172.8737179954,TRUE,FALSE,TRUE
6,196712,"p","2020-01-23 07:47:00",398.95,TRUE,398.866666666667,0.0833333333329733,FALSE,TRUE,678.330416529757,2.26110138844229,8.13996499839225,4.24691340655625,1177.22437674721,26037.1455176637,TRUE,FALSE,TRUE
6,196712,"p","2020-01-23 07:52:00",399.033333333333,TRUE,398.95,0.0833333333330302,FALSE,TRUE,677.913432506419,2.25971144169629,8.13496119010663,4.46964846643694,509.625643255477,25902.1137597285,TRUE,FALSE,TRUE
6,196712,"p","2020-01-23 07:57:00",399.116666666667,TRUE,399.033333333333,0.0833333333339965,FALSE,TRUE,677.913300232071,2.25971100075559,8.13495960272012,4.5969436852642,-157.973090235487,25767.0820017818,TRUE,FALSE,TRUE
6,196712,"p","2020-01-23 08:02:00",399.2,TRUE,399.116666666667,0.0833333333329733,FALSE,TRUE,677.913169991401,2.25971056664776,8.13495803993195,4.72335789386113,-825.571823726797,25632.0502438508,TRUE,FALSE,TRUE
6,196712,"p","2020-01-23 08:07:00",399.283333333333,TRUE,399.2,0.0833333333330302,FALSE,TRUE,677.913041784304,2.25971013928923,8.13495650144124,4.85063244429073,-1493.17055721832,25497.0184859199,TRUE,FALSE,TRUE
6,196712,"p","2020-01-23 08:12:00",399.366666666667,TRUE,399.283333333333,0.0833333333339965,FALSE,TRUE,677.912915610187,2.25970971868264,8.13495498725751,4.96911531603044,-2160.76929070959,25361.9867279781,TRUE,FALSE,TRUE
6,196712,"o","2020-01-23 08:15:00",399.416666666667,TRUE,399.366666666667,0.0500000000000114,FALSE,TRUE,404.156495947286,2.2453138663733,8.08312991894389,5.08473928036268,-2558.77870134818,25281.4933658311,TRUE,FALSE,TRUE
6,196712,"p","2020-01-23 08:17:00",399.45,TRUE,399.416666666667,0.033333333332962,FALSE,TRUE,81.5379935117133,0.679483279271848,2.44613980537865,5.04378022679859,-2639.21512127371,25265.9521994947,TRUE,FALSE,TRUE
6,196712,"o","2020-01-23 08:18:00",399.466666666667,TRUE,399.45,0.0166666666669926,FALSE,TRUE,40.0559430564909,0.667599050928461,2.40335658334246,5.00163279113674,-2678.71308830076,25258.2312893066,TRUE,FALSE,TRUE
6,196712,"p","2020-01-23 08:22:00",399.533333333333,TRUE,399.466666666667,0.0666666666660376,FALSE,TRUE,244.188237430107,1.01745098930171,3.66282356148617,4.99447058997294,-2916.22555697932,25196.7860239925,TRUE,FALSE,TRUE
6,196712,"p","2020-01-23 08:27:00",399.616666666667,TRUE,399.533333333333,0.0833333333339965,FALSE,TRUE,305.969897401569,1.01989965799711,3.67163876878961,4.98755329626901,-3213.80948257688,25119.7129756849,TRUE,FALSE,TRUE
6,196712,"o","2020-01-23 08:31:00",399.683333333333,TRUE,399.616666666667,0.0666666666659808,FALSE,TRUE,244.103238866208,1.01709682861967,3.6615485830308,4.98035576013712,-3451.18496749569,25058.0801665686,TRUE,FALSE,TRUE
6,196712,"p","2020-01-23 08:32:00",399.7,TRUE,399.683333333333,0.0166666666669926,FALSE,TRUE,37.300583703217,0.621676395041461,2.23803502214926,4.93361622108543,-3485.73901459799,25043.5905591288,TRUE,FALSE,TRUE
6,196712,"p","2020-01-23 08:37:00",399.783333333333,TRUE,399.7,0.0833333333330302,FALSE,TRUE,183.284367086825,0.610947890291638,2.1994124050499,4.88580387192175,-3655.05097235583,24971.2706695495,TRUE,FALSE,TRUE
6,196712,"o","2020-01-23 08:38:00",399.8,TRUE,399.783333333333,0.0166666666669926,FALSE,TRUE,37.1236266833195,0.618727111376559,2.22741760095561,4.83876948515252,-3689.46290288379,24956.9017154459,TRUE,FALSE,TRUE
6,196712,"p","2020-01-23 08:42:00",399.866666666667,TRUE,399.8,0.0666666666670039,FALSE,TRUE,220.736147832806,0.919733949298707,3.31104221747534,4.82183582238821,-3906.80135638435,24912.7401765263,TRUE,FALSE,TRUE
6,196712,"p","2020-01-23 08:47:00",399.95,TRUE,399.866666666667,0.0833333333329733,FALSE,TRUE,450.232963597699,1.50077654533215,5.40279556319573,4.86300645936613,-4345.14594932427,24801.0781435645,TRUE,FALSE,TRUE
6,196712,"p","2020-01-23 08:52:00",400.033333333333,TRUE,399.95,0.0833333333330302,FALSE,TRUE,451.182715186643,1.50394238396095,5.41419258225941,4.90549420510416,-4784.39653997505,24689.1072847058,TRUE,FALSE,TRUE
6,196712,"p","2020-01-23 08:57:00",400.116666666667,TRUE,400.033333333333,0.0833333333339965,FALSE,TRUE,451.182649536164,1.50394216510858,5.41419179439088,5.04307382974225,-5223.64713062586,24577.1364258556,TRUE,FALSE,TRUE
6,196712,"p","2020-01-23 09:02:00",400.2,TRUE,400.116666666667,0.0833333333329733,FALSE,TRUE,451.182584482983,1.50394194828311,5.41419101381918,5.18028674248816,-5662.89772127617,24465.1655669937,TRUE,FALSE,TRUE
6,196712,"p","2020-01-23 09:07:00",400.283333333333,TRUE,400.2,0.0833333333330302,FALSE,TRUE,451.182520031178,1.50394173344273,5.41419024039383,5.31755922409372,-6102.14831192715,24353.1947081396,TRUE,FALSE,TRUE
6,196712,"p","2020-01-23 09:12:00",400.366666666667,TRUE,400.283333333333,0.0833333333339965,FALSE,TRUE,451.182456177169,1.50394152057859,5.41418947408294,5.43350528411461,-6541.39890257759,24241.2238492801,TRUE,FALSE,TRUE
6,196712,"p","2020-01-23 09:17:00",400.45,TRUE,400.366666666667,0.0833333333329733,FALSE,TRUE,451.182392922434,1.50394130974795,5.4141887150926,5.54854026978945,-6980.64949322808,24129.2529904187,TRUE,FALSE,TRUE
6,196712,"p","2020-01-23 09:22:00",400.533333333333,TRUE,400.45,0.0833333333330302,FALSE,TRUE,451.182330267834,1.50394110089825,5.4141879632337,5.66361104698695,-7419.900083879,24017.2821315564,TRUE,FALSE,TRUE
6,196712,"p","2020-01-23 09:27:00",400.616666666667,TRUE,400.533333333333,0.0833333333339965,FALSE,TRUE,451.182268211065,1.50394089402491,5.41418721848969,5.72049313533564,-7859.15067452969,23905.3112727019,TRUE,FALSE,TRUE
6,196712,"p","2020-01-23 09:32:00",400.7,TRUE,400.616666666667,0.0833333333329733,FALSE,TRUE,451.182206753897,1.50394068918615,5.41418648107015,5.77775516161715,-8298.40126518015,23793.3404138533,TRUE,FALSE,TRUE
6,196712,"p","2020-01-23 09:37:00",400.783333333333,TRUE,400.7,0.0833333333330302,FALSE,TRUE,451.182145897405,1.50394048633015,5.41418575078856,5.86362763042502,-8737.65185583104,23681.3695549871,TRUE,FALSE,TRUE
6,196712,"p","2020-01-23 09:42:00",400.866666666667,TRUE,400.783333333333,0.0833333333339965,FALSE,TRUE,451.182085637698,1.50394028544703,5.41418502760929,5.94968850286561,-9176.90244648152,23569.3986961282,TRUE,FALSE,TRUE
6,196712,"p","2020-01-23 09:47:00",400.95,TRUE,400.866666666667,0.0833333333329733,FALSE,TRUE,451.182025978825,1.50394008660258,5.41418431176929,6.03330449895206,-9616.15303713194,23457.4278372776,TRUE,FALSE,TRUE
6,196712,"p","2020-01-23 09:52:00",401.033333333333,TRUE,400.95,0.0833333333330302,FALSE,TRUE,451.181966919759,1.503939889738,5.4141836030568,5.93076724517334,-10055.4036277829,23345.4569784174,TRUE,FALSE,TRUE
6,196712,"o","2020-01-23 09:55:00",401.083333333333,TRUE,401.033333333333,0.0499999999999545,FALSE,TRUE,269.877419679162,1.49931899821893,5.39754839358815,5.82603613689086,-10318.1249543755,23278.4055331811,TRUE,FALSE,TRUE
6,196712,"p","2020-01-23 09:57:00",401.116666666667,TRUE,401.083333333333,0.033333333334042,FALSE,TRUE,119.738170108944,0.997818084219987,3.59214510319195,5.67115504047257,-10433.1548055575,23243.2092347897,TRUE,FALSE,TRUE
6,196712,"p","2020-01-23 10:02:00",401.2,TRUE,401.116666666667,0.0833333333329733,FALSE,TRUE,297.27771164917,0.990925705501513,3.56733253980545,5.51558480848184,-10718.6568640189,23155.5461640102,TRUE,FALSE,TRUE
6,196712,"p","2020-01-23 10:07:00",401.283333333333,TRUE,401.2,0.0833333333330302,FALSE,TRUE,297.277680758156,0.990925602530792,3.56733216911085,5.36001466751843,-11004.1589224804,23067.8830932287,TRUE,FALSE,TRUE
6,196712,"p","2020-01-23 10:12:00",401.366666666667,TRUE,401.283333333333,0.0833333333339965,FALSE,TRUE,297.277650038694,0.990925500121094,3.56733180043594,5.20444461667331,-11289.6609809416,22980.220022451,TRUE,FALSE,TRUE
6,196712,"p","2020-01-23 10:17:00",401.45,TRUE,401.366666666667,0.0833333333329733,FALSE,TRUE,297.277619490609,0.990925398306309,3.56733143390271,5.0490433601594,-11575.1630394028,22892.5569516705,TRUE,FALSE,TRUE
6,196712,"p","2020-01-23 10:22:00",401.533333333333,TRUE,401.45,0.0833333333330302,FALSE,TRUE,297.27758911442,0.990925297051672,3.56733106938602,4.92202575102034,-11860.6650978644,22804.8938808865,TRUE,FALSE,TRUE
6,196712,"o","2020-01-23 10:25:00",401.583333333333,TRUE,401.533333333333,0.0499999999999545,FALSE,TRUE,179.927793301878,0.99959885167801,3.59855586604084,4.79601449201851,-12034.3549979295,22754.8117359553,TRUE,FALSE,TRUE
6,196712,"p","2020-01-23 10:27:00",401.616666666667,TRUE,401.583333333333,0.033333333334042,FALSE,TRUE,323.752682472924,2.69793902055035,9.71258047398125,4.83983729399799,-12323.3644647933,22903.8517201284,TRUE,FALSE,TRUE
6,196712,"p","2020-01-23 10:32:00",401.7,TRUE,401.616666666667,0.0833333333329733,FALSE,TRUE,817.545655477609,2.72515218493714,9.8105478657737,4.88638145582693,-13051.859794423,23282.7409244031,TRUE,FALSE,TRUE
6,196712,"p","2020-01-23 10:37:00",401.783333333333,TRUE,401.7,0.0833333333330302,FALSE,TRUE,817.546143011996,2.7251538100499,9.81055371617964,4.93292582290299,-13780.3551240532,23661.6301286843,TRUE,FALSE,TRUE
6,196712,"p","2020-01-23 10:42:00",401.866666666667,TRUE,401.783333333333,0.0833333333339965,FALSE,TRUE,817.546634099984,2.72515544697826,9.81055960912173,4.97947039573256,-14508.850453683,24040.5193329605,TRUE,FALSE,TRUE
6,196712,"p","2020-01-23 10:47:00",401.95,TRUE,401.866666666667,0.0833333333329733,FALSE,TRUE,817.547128740001,2.72515709581178,9.8105655449224,5.0274547186764,-15237.3457833128,24419.4085372443,TRUE,FALSE,TRUE
6,196712,"p","2020-01-23 10:52:00",402.033333333333,TRUE,401.95,0.0833333333330302,FALSE,TRUE,817.547626935584,2.72515875646186,9.8105715232627,5.2320222663954,-15965.8411129431,24798.2977415254,TRUE,FALSE,TRUE
6,196712,"p","2020-01-23 10:57:00",402.116666666667,TRUE,402.033333333333,0.0833333333339965,FALSE,TRUE,817.548128680245,2.72516042891246,9.81057754408487,5.4377784041938,-16694.3364425729,25177.1869458044,TRUE,FALSE,TRUE
6,196712,"p","2020-01-23 11:02:00",402.2,TRUE,402.116666666667,0.0833333333329733,FALSE,TRUE,817.548633981202,2.72516211328244,9.8105836078168,5.60854951659188,-17422.8317722027,25556.0761500849,TRUE,FALSE,TRUE
6,196712,"p","2020-01-23 11:07:00",402.283333333333,TRUE,402.2,0.0833333333330302,FALSE,TRUE,817.549142833836,2.72516380945603,9.81058971404172,5.77907593173777,-18151.3271018329,25934.9653543586,TRUE,FALSE,TRUE
6,196712,"p","2020-01-23 11:12:00",402.366666666667,TRUE,402.283333333333,0.0833333333339965,FALSE,TRUE,817.549655239795,2.72516551744429,9.81059586279946,5.94988280062023,-18879.8224314629,26313.8545586439,TRUE,FALSE,TRUE
6,196712,"o","2020-01-23 11:14:00",402.4,TRUE,402.366666666667,0.033333333332962,FALSE,TRUE,321.512972185066,2.67927476823873,9.64538916565944,6.15564263793996,-19166.8330581307,26461.8584678462,TRUE,FALSE,TRUE
6,196712,"p","2020-01-23 11:17:00",402.45,TRUE,402.4,0.0500000000000114,FALSE,TRUE,170.334142287006,0.946300790483154,3.40668284573935,6.18917792795911,-19120.1031433648,26297.5243416663,TRUE,FALSE,TRUE
6,196712,"p","2020-01-23 11:22:00",402.533333333333,TRUE,402.45,0.0833333333330302,FALSE,TRUE,291.605409783314,0.972018032614583,3.4992649174125,6.22450702008291,-19034.9074434483,26017.7145105151,TRUE,FALSE,TRUE
6,196712,"p","2020-01-23 11:27:00",402.616666666667,TRUE,402.533333333333,0.0833333333339965,FALSE,TRUE,291.605290174642,0.972017633907739,3.49926348206786,6.22973538854382,-18949.7117435321,25737.9046793729,TRUE,FALSE,TRUE
6,196712,"p","2020-01-23 11:32:00",402.7,TRUE,402.616666666667,0.0833333333329733,FALSE,TRUE,288.920003928611,0.963066679766199,3.46704004715832,6.17596440198722,-18864.5228033549,25460.9085045018,TRUE,FALSE,TRUE
6,196712,"p","2020-01-23 11:37:00",402.783333333333,TRUE,402.7,0.0833333333330302,FALSE,TRUE,252.707788983549,0.842359296614894,3.03249346781362,6.10980609325262,-18780.573980786,25700.0956535181,TRUE,FALSE,TRUE
6,196712,"o","2020-01-23 11:39:00",402.816666666667,TRUE,402.783333333333,0.0333333333339851,FALSE,TRUE,100.884586124785,0.840704884356773,3.02653758368438,6.04348236517744,-18747.0585410173,25795.5819298598,TRUE,FALSE,TRUE
6,196712,"p","2020-01-23 11:42:00",402.866666666667,TRUE,402.816666666667,0.0500000000000114,FALSE,TRUE,43.3886967076495,0.241048315042443,0.867773934152793,5.91719300185337,-18703.462503976,25795.8775188945,TRUE,FALSE,TRUE
6,196712,"p","2020-01-23 11:47:00",402.95,TRUE,402.866666666667,0.0833333333329733,FALSE,TRUE,72.2308772008927,0.240769590670683,0.866770526414457,5.79087578757616,-18630.9047511791,25794.1800910125,TRUE,FALSE,TRUE
6,196712,"p","2020-01-23 11:52:00",403.033333333333,TRUE,402.95,0.0833333333330302,FALSE,TRUE,72.2308763942967,0.240769587981865,0.866770516734713,5.66455859431649,-18558.346998382,25792.4826631213,TRUE,FALSE,TRUE
6,196712,"o","2020-01-23 11:56:00",403.1,TRUE,403.033333333333,0.0666666666670039,FALSE,TRUE,57.3176478641387,0.238823532766036,0.85976471795773,5.5380468166183,-18500.7715265471,25791.0707099343,TRUE,FALSE,TRUE
6,196712,"p","2020-01-23 11:57:00",403.116666666667,TRUE,403.1,0.0166666666669926,FALSE,TRUE,3.35989235954643,0.0559982059913455,0.201593541568844,5.39325252712761,-18503.2492411893,25788.7819023383,TRUE,FALSE,TRUE
6,196712,"p","2020-01-23 12:02:00",403.2,TRUE,403.116666666667,0.0833333333329733,FALSE,TRUE,18.7533050490537,0.062511016830449,0.225039660589617,5.24910953940816,-18517.9914663895,25777.0678099341,TRUE,FALSE,TRUE
6,196712,"p","2020-01-23 12:07:00",403.283333333333,TRUE,403.2,0.0833333333330302,FALSE,TRUE,18.7533047699751,0.0625110159001445,0.22503965724052,5.10496657207956,-18532.7336915938,25765.3537175459,TRUE,FALSE,TRUE
6,196712,"p","2020-01-23 12:12:00",403.366666666667,TRUE,403.283333333333,0.0833333333339965,FALSE,TRUE,18.7533044898211,0.062511014965573,0.225039653876063,4.9608236249431,-18547.475916798,25753.6396251562,TRUE,FALSE,TRUE
6,196712,"p","2020-01-23 12:17:00",403.45,TRUE,403.366666666667,0.0833333333329733,FALSE,TRUE,18.753304211846,0.0625110140397566,0.225039650543124,4.81668069780238,-18562.2181420021,25741.9255327593,TRUE,FALSE,TRUE
6,196712,"p","2020-01-23 12:22:00",403.533333333333,TRUE,403.45,0.0833333333330302,FALSE,TRUE,18.7533039299255,0.062511013099979,0.225039647159924,4.67253779045212,-18576.9603672063,25730.2114403613,TRUE,FALSE,TRUE
6,196712,"p","2020-01-23 12:27:00",403.616666666667,TRUE,403.533333333333,0.0833333333339965,FALSE,TRUE,18.7533036493089,0.0625110121638656,0.225039643789916,4.5283949026947,-18591.7025924108,25718.4973479707,TRUE,FALSE,TRUE
6,196712,"p","2020-01-23 12:32:00",403.7,TRUE,403.616666666667,0.0833333333329733,FALSE,TRUE,18.7533033685298,0.0625110112287027,0.22503964042333,4.38471410399568,-18606.4448176147,25706.783255577,TRUE,FALSE,TRUE
6,196712,"p","2020-01-23 12:37:00",403.783333333333,TRUE,403.7,0.0833333333330302,FALSE,TRUE,18.7533030878965,0.0625110102932159,0.225039637055577,4.291183396603,-18621.1870428191,25695.0691631871,TRUE,FALSE,TRUE
6,196712,"p","2020-01-23 12:42:00",403.866666666667,TRUE,403.783333333333,0.0833333333339965,FALSE,TRUE,18.7533028100211,0.0625110093662396,0.225039633718463,4.19834192698948,-18635.9292680235,25683.3550707873,TRUE,FALSE,TRUE
6,196712,"p","2020-01-23 12:47:00",403.95,TRUE,403.866666666667,0.0833333333329733,FALSE,TRUE,18.753302526734,0.0625110084227167,0.22503963032178,4.10550046757867,-18650.6714932273,25671.6409783871,TRUE,FALSE,TRUE
6,196712,"p","2020-01-23 12:52:00",404.033333333333,TRUE,403.95,0.0833333333330302,FALSE,TRUE,18.7533022489898,0.0625110074968601,0.225039626988696,4.01265901831625,-18665.4137184317,25659.9268859928,TRUE,FALSE,TRUE
6,196712,"p","2020-01-23 12:57:00",404.116666666667,TRUE,404.033333333333,0.0833333333339965,FALSE,TRUE,18.7533019677316,0.0625110065586078,0.225039623610988,3.91981757914148,-18680.155943636,25648.2127935924,TRUE,FALSE,TRUE
6,196712,"p","2020-01-23 13:02:00",404.2,TRUE,404.116666666667,0.0833333333329733,FALSE,TRUE,18.7533016874814,0.0625110056252082,0.22503962025075,3.82697614999883,-18694.8981688401,25636.4987012047,TRUE,FALSE,TRUE
6,196712,"p","2020-01-23 13:07:00",404.283333333333,TRUE,404.2,0.0833333333330302,FALSE,TRUE,18.7533014081042,0.0625110046939081,0.225039616898069,3.73326736530042,-18709.6403940445,25624.7846088094,TRUE,FALSE,TRUE
6,196712,"p","2020-01-23 13:12:00",404.366666666667,TRUE,404.283333333333,0.0833333333339965,FALSE,TRUE,18.7533011276895,0.0625110037584677,0.225039613530484,3.46972456362123,-18724.3826192486,25613.0705164113,TRUE,FALSE,TRUE
6,196712,"p","2020-01-23 13:17:00",404.45,TRUE,404.366666666667,0.0833333333329733,FALSE,TRUE,18.7533008478519,0.0625110028264432,0.225039610175195,3.20346044541016,-18739.1248444528,25601.356424018,TRUE,FALSE,TRUE
6,196712,"p","2020-01-23 13:22:00",404.533333333333,TRUE,404.45,0.0833333333330302,FALSE,TRUE,18.7533005668417,0.0625110018896998,0.225039606802919,2.93719616459414,-18753.8670696573,25589.6423316302,TRUE,FALSE,TRUE
6,196712,"p","2020-01-23 13:27:00",404.616666666667,TRUE,404.533333333333,0.0833333333339965,FALSE,TRUE,18.7533002882934,0.0625110009604806,0.22503960345773,2.67093171999236,-18768.6092948613,25577.9282392282,TRUE,FALSE,TRUE
6,196712,"p","2020-01-23 13:32:00",404.7,TRUE,404.616666666667,0.0833333333329733,FALSE,TRUE,18.7533000078456,0.0625110000264222,0.22503960009512,2.40466711041383,-18783.3515200654,25566.2141468338,TRUE,FALSE,TRUE
6,196712,"p","2020-01-23 13:37:00",404.783333333333,TRUE,404.7,0.0833333333330302,FALSE,TRUE,18.7532997287018,0.0625109990959001,0.22503959674524,2.13840233467723,-18798.0937452698,25554.5000544394,TRUE,FALSE,TRUE
6,196712,"p","2020-01-23 13:42:00",404.866666666667,TRUE,404.783333333333,0.0833333333339965,FALSE,TRUE,18.7532994479417,0.0625109981593081,0.225039593373509,1.87213739160192,-18812.8359704741,25542.7859620448,TRUE,FALSE,TRUE
6,196712,"p","2020-01-23 13:47:00",404.95,TRUE,404.866666666667,0.0833333333329733,FALSE,TRUE,18.7532991686334,0.0625109972290481,0.225039590024573,1.60587227999658,-18827.5781956785,25531.071869656,TRUE,FALSE,TRUE
6,196712,"p","2020-01-23 13:52:00",405.033333333333,TRUE,404.95,0.0833333333330302,FALSE,TRUE,18.7532988891626,0.0625109962974361,0.22503958667077,1.33960699868072,-18842.3204208825,25519.3577772605,TRUE,FALSE,TRUE
7,196712,"p","2020-01-24 09:52:00",425.033333333333,TRUE,424.95,0.0833333333330302,FALSE,TRUE,552.636321462886,1.84212107154965,6.63163585757875,1.25769486546998,-19632.1455556874,23453.2817213428,TRUE,TRUE,TRUE
7,196712,"p","2020-01-24 09:57:00",425.116666666667,TRUE,425.033333333333,0.0833333333339965,FALSE,TRUE,552.636313673946,1.84212104556516,6.63163576403458,1.43565588929755,-19078.2889212091,23493.0951053684,TRUE,FALSE,TRUE
7,196712,"p","2020-01-24 10:02:00",425.2,TRUE,425.116666666667,0.0833333333329733,FALSE,TRUE,552.63630698805,1.84212102330146,6.63163568388525,1.61361691098968,-18524.432286731,23532.9084894087,TRUE,FALSE,TRUE
7,196712,"p","2020-01-24 10:07:00",425.283333333333,TRUE,425.2,0.0833333333330302,FALSE,TRUE,549.938734560218,1.8331291152074,6.59926481474663,1.79067874196245,-17973.3234200246,23573.1361263797,TRUE,FALSE,TRUE
7,196712,"p","2020-01-24 10:12:00",425.366666666667,TRUE,425.283333333333,0.0833333333339965,FALSE,TRUE,124.978144750063,0.416593815830227,1.49973773698882,1.82608704308792,-17926.3102076922,23689.3611279017,TRUE,FALSE,TRUE
7,196712,"p","2020-01-24 10:17:00",425.45,TRUE,425.366666666667,0.0833333333329733,FALSE,TRUE,124.3665583052,0.414555194352458,1.49239869966885,1.86129148215535,-17882.044763132,23806.0003823643,TRUE,FALSE,TRUE
7,196712,"p","2020-01-24 10:22:00",425.533333333333,TRUE,425.45,0.0833333333330302,FALSE,TRUE,124.366578193125,0.414555260645259,1.49239893832293,1.89649592794283,-17837.779318572,23922.6396368328,TRUE,FALSE,TRUE
7,196712,"p","2020-01-24 10:27:00",425.616666666667,TRUE,425.533333333333,0.0833333333339965,FALSE,TRUE,124.366598097941,0.414555326989839,1.49239917716342,1.93170038045434,-17793.5138740116,24039.2788912976,TRUE,FALSE,TRUE
7,196712,"p","2020-01-24 10:32:00",425.7,TRUE,425.616666666667,0.0833333333329733,FALSE,TRUE,124.366618006192,0.414555393355766,1.49239941608076,1.966904839693,-17749.2484294513,24155.9181457607,TRUE,FALSE,TRUE
7,196712,"p","2020-01-24 10:37:00",425.783333333333,TRUE,425.7,0.0833333333330302,FALSE,TRUE,124.366637933712,0.414555459780547,1.49239965520997,2.00210930566482,-17704.9829848913,24272.5574002262,TRUE,FALSE,TRUE
7,196712,"p","2020-01-24 10:42:00",425.866666666667,TRUE,425.783333333333,0.0833333333339965,FALSE,TRUE,124.366657867583,0.414555526221978,1.49239989439912,2.03731377836996,-17660.7175403311,24389.1966546885,TRUE,FALSE,TRUE
7,196712,"p","2020-01-24 10:47:00",425.95,TRUE,425.866666666667,0.0833333333329733,FALSE,TRUE,124.366677821984,0.414555592741737,1.49240013387025,2.07251825781819,-17616.452095771,24505.8359091566,TRUE,FALSE,TRUE
7,196712,"p","2020-01-24 10:52:00",426.033333333333,TRUE,425.95,0.0833333333330302,FALSE,TRUE,124.366697781292,0.414555659272481,1.49240037338093,2.10772274400873,-17572.1866512108,24622.4751636156,TRUE,FALSE,TRUE
7,196712,"p","2020-01-24 10:57:00",426.116666666667,TRUE,426.033333333333,0.0833333333339965,FALSE,TRUE,124.366717755997,0.414555725850025,1.49240061306009,2.14292723694777,-17527.9212066506,24739.1144180908,TRUE,FALSE,TRUE
7,196712,"p","2020-01-24 11:02:00",426.2,TRUE,426.116666666667,0.0833333333329733,FALSE,TRUE,124.735719009351,0.415785730032968,1.49682862811868,2.17825473039524,-17481.3606360462,24855.2587515892,TRUE,FALSE,TRUE
7,196712,"p","2020-01-24 11:07:00",426.283333333333,TRUE,426.2,0.0833333333330302,FALSE,TRUE,466.066696089057,1.55355565363584,5.59280035308903,2.32735921629288,-17013.7444446573,24880.6066548098,TRUE,FALSE,TRUE
7,196712,"p","2020-01-24 11:12:00",426.366666666667,TRUE,426.283333333333,0.0833333333339965,FALSE,TRUE,468.321135465288,1.56107045153854,5.61985362553874,2.4772151820708,-16543.8331272249,24905.4596370765,TRUE,FALSE,TRUE
7,196712,"p","2020-01-24 11:17:00",426.45,TRUE,426.366666666667,0.0833333333329733,FALSE,TRUE,466.057650312874,1.55352550104962,5.59269180377864,2.62631665288994,-16076.205906629,24930.4349789824,TRUE,FALSE,TRUE
7,196712,"p","2020-01-24 11:22:00",426.533333333333,TRUE,426.45,0.0833333333330302,FALSE,TRUE,67.6379979395898,0.225459993132786,0.811655975278031,2.64261157300752,-16027.6109279278,24977.8579850734,TRUE,FALSE,TRUE
7,196712,"p","2020-01-24 11:27:00",426.616666666667,TRUE,426.533333333333,0.0833333333339965,FALSE,TRUE,66.1192022942079,0.220397340978939,0.79343042752418,2.6584002279997,-15981.3000460635,25025.4033508116,TRUE,FALSE,TRUE
7,196712,"p","2020-01-24 11:32:00",426.7,TRUE,426.616666666667,0.0833333333329733,FALSE,TRUE,66.1192064541181,0.220397354848012,0.793430477452844,2.6741888844685,-15934.9891641992,25072.9487165471,TRUE,FALSE,TRUE
7,196712,"p","2020-01-24 11:37:00",426.783333333333,TRUE,426.7,0.0833333333330302,FALSE,TRUE,66.1192106118863,0.22039736870709,0.793430527345522,2.68997754241379,-15888.6782823351,25120.4940822877,TRUE,FALSE,TRUE
7,196712,"p","2020-01-24 11:42:00",426.866666666667,TRUE,426.783333333333,0.0833333333339965,FALSE,TRUE,66.1192147718123,0.220397382570954,0.793430577255434,2.70576620183482,-15842.3674004709,25168.0394480335,TRUE,FALSE,TRUE
7,196712,"o","2020-01-24 11:46:00",426.933333333333,TRUE,426.866666666667,0.0666666666659808,FALSE,TRUE,53.1015529506146,0.221256470629837,0.796523294267414,2.72164077015229,-15805.6575752181,25206.6870930529,TRUE,FALSE,TRUE
7,196712,"p","2020-01-24 11:47:00",426.95,TRUE,426.933333333333,0.0166666666669926,FALSE,TRUE,31.6210620668514,0.527017701103884,1.89726372397398,2.76809146160741,-15808.6260221704,25238.2606611712,TRUE,FALSE,TRUE
7,196712,"p","2020-01-24 11:52:00",427.033333333333,TRUE,426.95,0.0833333333330302,FALSE,TRUE,161.303563440795,0.537678544804606,1.93564276129658,2.81560823752162,-15825.1626581064,25399.1852639095,TRUE,FALSE,TRUE
7,196712,"p","2020-01-24 11:57:00",427.116666666667,TRUE,427.033333333333,0.0833333333339965,FALSE,TRUE,161.303600699769,0.537678668994951,1.93564320838182,2.86312502594533,-15841.6992940451,25560.1098666609,TRUE,FALSE,TRUE
7,196712,"p","2020-01-24 12:02:00",427.2,TRUE,427.116666666667,0.0833333333329733,FALSE,TRUE,161.303637981154,0.537678793272836,1.93564365578221,2.9106418268866,-15858.2359299841,25721.0344694112,TRUE,FALSE,TRUE
7,196712,"p","2020-01-24 12:07:00",427.283333333333,TRUE,427.2,0.0833333333330302,FALSE,TRUE,161.303675282361,0.537678917609826,1.93564410339537,2.95815864035185,-15874.772565923,25881.9590721504,TRUE,FALSE,TRUE
7,196712,"p","2020-01-24 12:12:00",427.366666666667,TRUE,427.283333333333,0.0833333333339965,FALSE,TRUE,161.303712618858,0.537679042058581,1.93564455141089,3.0056754663511,-15891.309201862,26042.8836749003,TRUE,FALSE,TRUE
7,196712,"p","2020-01-24 12:17:00",427.45,TRUE,427.366666666667,0.0833333333329733,FALSE,TRUE,161.303749979417,0.537679166600378,1.93564499976136,3.05439234410357,-15907.8458378009,26203.8082776485,TRUE,FALSE,TRUE
7,196712,"p","2020-01-24 12:22:00",427.533333333333,TRUE,427.45,0.0833333333330302,FALSE,TRUE,161.30378736402,0.537679291215356,1.93564544837528,2.93843976006759,-15924.3824737397,26364.7328803941,TRUE,FALSE,TRUE
7,196712,"p","2020-01-24 12:27:00",427.616666666667,TRUE,427.533333333333,0.0833333333339965,FALSE,TRUE,161.303824778312,0.537679415923429,1.93564589732434,2.81761367981932,-15940.9191096786,26525.6574831411,TRUE,FALSE,TRUE
7,196712,"p","2020-01-24 12:32:00",427.7,TRUE,427.616666666667,0.0833333333329733,FALSE,TRUE,161.303862218058,0.537679540729184,1.93564634662506,2.69682932726484,-15957.4557456176,26686.5820858884,TRUE,FALSE,TRUE
7,196712,"p","2020-01-24 12:37:00",427.783333333333,TRUE,427.7,0.0833333333330302,FALSE,TRUE,161.303899688884,0.537679665631569,1.93564679627365,2.5665258306919,-15973.9923815567,26847.5066886425,TRUE,FALSE,TRUE
7,196712,"o","2020-01-24 12:40:00",427.833333333333,TRUE,427.783333333333,0.0499999999999545,FALSE,TRUE,95.6813961663965,0.53156331203602,1.91362792332967,2.43547005177692,-15980.3240192939,26943.255565173,TRUE,FALSE,TRUE
7,196712,"p","2020-01-24 12:42:00",427.866666666667,TRUE,427.833333333333,0.033333333334042,FALSE,TRUE,254.968606315818,2.12473838591998,7.64905818931191,2.46373178321395,-15724.1880841802,26948.6486625707,TRUE,FALSE,TRUE
7,196712,"p","2020-01-24 12:47:00",427.95,TRUE,427.866666666667,0.0833333333329733,FALSE,TRUE,646.313868485353,2.15437956162715,7.75576642185774,2.49495763482015,-15074.8723868316,26960.1166932918,TRUE,FALSE,TRUE
7,196712,"p","2020-01-24 12:52:00",428.033333333333,TRUE,427.95,0.0833333333330302,FALSE,TRUE,646.313838192817,2.15437946065056,7.75576605834202,2.52618347855506,-14425.5566894829,26971.584724024,TRUE,FALSE,TRUE
7,196712,"p","2020-01-24 12:57:00",428.116666666667,TRUE,428.033333333333,0.0833333333339965,FALSE,TRUE,646.313809663828,2.15437936552895,7.75576571590422,2.55830850358722,-13776.2409921342,26983.052754758,TRUE,FALSE,TRUE
7,196712,"p","2020-01-24 13:02:00",428.2,TRUE,428.116666666667,0.0833333333329733,FALSE,TRUE,646.313782898438,2.15437927633743,7.75576539481476,2.73208704963794,-13126.9252947855,26994.5207854748,TRUE,FALSE,TRUE
7,196712,"p","2020-01-24 13:07:00",428.283333333333,TRUE,428.2,0.0833333333330302,FALSE,TRUE,646.313757896765,2.15437919299705,7.75576509478939,2.9060694495024,-12477.6095974367,27005.9888162009,TRUE,FALSE,TRUE
7,196712,"p","2020-01-24 13:12:00",428.366666666667,TRUE,428.283333333333,0.0833333333339965,FALSE,TRUE,646.313734658581,2.15437911551146,7.75576481584126,3.08005183498902,-11828.293900088,27017.4568469308,TRUE,FALSE,TRUE
7,196712,"p","2020-01-24 13:17:00",428.45,TRUE,428.366666666667,0.0833333333329733,FALSE,TRUE,646.313713183527,2.1543790439544,7.75576455823583,3.25403420668547,-11178.9782027399,27028.9248776597,TRUE,FALSE,TRUE
7,196712,"p","2020-01-24 13:22:00",428.533333333333,TRUE,428.45,0.0833333333330302,FALSE,TRUE,646.31369347353,2.15437897825294,7.75576432171058,3.42801656517519,-10529.6625053908,27040.3929083868,TRUE,FALSE,TRUE
7,196712,"p","2020-01-24 13:27:00",428.616666666667,TRUE,428.533333333333,0.0833333333339965,FALSE,TRUE,644.243528286835,2.14747842760569,7.7309223393805,3.6013088619577,-9882.4328931909,27052.1756022355,TRUE,FALSE,TRUE
7,196712,"p","2020-01-24 13:32:00",428.7,TRUE,428.616666666667,0.0833333333329733,FALSE,TRUE,272.230042466176,0.907433474891173,3.26676050960822,3.65059665682462,-9617.90900622316,27121.6852672193,TRUE,FALSE,TRUE
7,196712,"p","2020-01-24 13:37:00",428.783333333333,TRUE,428.7,0.0833333333330302,FALSE,TRUE,270.303525671773,0.90101175224252,3.24364230807307,3.6992422727747,-9355.47120440384,27191.5095953269,TRUE,FALSE,TRUE
7,196712,"p","2020-01-24 13:42:00",428.866666666667,TRUE,428.783333333333,0.0833333333339965,FALSE,TRUE,270.303548499398,0.901011828324157,3.24364258196697,3.74788788967987,-9093.03340258469,27261.3339234315,TRUE,FALSE,TRUE
7,196712,"p","2020-01-24 13:47:00",428.95,TRUE,428.866666666667,0.0833333333329733,FALSE,TRUE,270.303571456059,0.901011904857422,3.24364285748672,3.79653350758061,-8830.5956007658,27331.1582515399,TRUE,FALSE,TRUE
7,196712,"p","2020-01-24 13:52:00",429.033333333333,TRUE,428.95,0.0833333333330302,FALSE,TRUE,270.303594541715,0.901011981808995,3.24364313451238,3.84505613275821,-8568.15779894657,27400.9825796442,TRUE,FALSE,TRUE
7,196712,"p","2020-01-24 13:57:00",429.116666666667,TRUE,429.033333333333,0.0833333333339965,FALSE,TRUE,270.30361775631,0.901012059180531,3.24364341304991,3.77980177331268,-8305.71999712765,27470.8069077527,TRUE,FALSE,TRUE
7,196712,"p","2020-01-24 14:02:00",429.2,TRUE,429.116666666667,0.0833333333329733,FALSE,TRUE,270.303641100531,0.901012137005663,3.24364369322039,3.71379594185939,-8043.28219530859,27540.6312358593,TRUE,FALSE,TRUE
7,196712,"p","2020-01-24 14:07:00",429.283333333333,TRUE,429.2,0.0833333333330302,FALSE,TRUE,270.303664572704,0.901012215245625,3.24364397488425,3.64854461327899,-7780.84439348927,27610.4555639657,TRUE,FALSE,TRUE
7,196712,"p","2020-01-24 14:12:00",429.366666666667,TRUE,429.283333333333,0.0833333333339965,FALSE,TRUE,270.303688173863,0.901012293905705,3.24364425806054,3.71609984335629,-7518.40659166999,27680.2798920708,TRUE,FALSE,TRUE
7,196712,"p","2020-01-24 14:17:00",429.45,TRUE,429.366666666667,0.0833333333329733,FALSE,TRUE,270.303711903059,0.901012373014089,3.24364454285072,3.7841613465598,-7255.96878985098,27750.1042201801,TRUE,FALSE,TRUE
7,196712,"p","2020-01-24 14:22:00",429.533333333333,TRUE,429.45,0.0833333333330302,FALSE,TRUE,270.303735763144,0.90101245254709,3.24364482916952,3.85222285632971,-6993.53098803177,27819.9285482916,TRUE,FALSE,TRUE
7,196712,"p","2020-01-24 14:27:00",429.616666666667,TRUE,429.533333333333,0.0833333333339965,FALSE,TRUE,270.303759749545,0.901012532491312,3.24364511696872,3.92028437270813,-6731.09318621291,27889.7528763931,TRUE,FALSE,TRUE
7,196712,"p","2020-01-24 14:32:00",429.7,TRUE,429.616666666667,0.0833333333329733,FALSE,TRUE,270.303783866745,0.901012612893041,3.24364540641495,3.98834589574034,-6468.65538439376,27959.5772045014,TRUE,FALSE,TRUE
7,196712,"p","2020-01-24 14:37:00",429.783333333333,TRUE,429.7,0.0833333333330302,FALSE,TRUE,270.303808111436,0.901012693708066,3.24364569734904,4.05632151804816,-6206.21758257448,28029.4015326099,TRUE,FALSE,TRUE
7,196712,"p","2020-01-24 14:42:00",429.866666666667,TRUE,429.783333333333,0.0833333333339965,FALSE,TRUE,270.303832486286,0.901012774947115,3.24364598980961,4.09372102543249,-5943.7797807555,28099.2258607132,TRUE,FALSE,TRUE
7,196712,"p","2020-01-24 14:47:00",429.95,TRUE,429.866666666667,0.0833333333329733,FALSE,TRUE,270.30385698872,0.90101285663296,3.24364628387866,4.13005445661532,-5681.34197893625,28169.0501888231,TRUE,FALSE,TRUE
7,196712,"p","2020-01-24 14:52:00",430.033333333333,TRUE,429.95,0.0833333333330302,FALSE,TRUE,270.303881620316,0.901012938737664,3.24364657945559,4.16638788358959,-5418.90417711713,28238.8745169253,TRUE,FALSE,TRUE
7,196712,"p","2020-01-24 14:57:00",430.116666666667,TRUE,430.033333333333,0.0833333333339965,FALSE,TRUE,270.303906381573,0.901013021264739,3.24364687655306,4.20272130638878,-5156.46637529809,28308.6988450297,TRUE,FALSE,TRUE
7,196712,"p","2020-01-24 15:02:00",430.2,TRUE,430.116666666667,0.0833333333329733,FALSE,TRUE,270.303931271178,0.901013104241153,3.24364717526815,4.23905472505191,-4894.02857347899,28378.5231731459,TRUE,FALSE,TRUE
7,196712,"p","2020-01-24 15:07:00",430.283333333333,TRUE,430.2,0.0833333333330302,FALSE,TRUE,270.303956289447,0.901013187634768,3.24364747548517,4.27538813960953,-4631.59077165971,28448.3475012478,TRUE,FALSE,TRUE
7,196712,"p","2020-01-24 15:12:00",430.366666666667,TRUE,430.283333333333,0.0833333333339965,FALSE,TRUE,270.303981435968,0.901013271446057,3.24364777720581,4.3117215500941,-4369.15296984067,28518.171829355,TRUE,FALSE,TRUE
7,196712,"p","2020-01-24 15:17:00",430.45,TRUE,430.366666666667,0.0833333333329733,FALSE,TRUE,270.304006712874,0.901013355713471,3.2436480805685,4.34805495654391,-4106.71516802158,28587.9961574649,TRUE,FALSE,TRUE
7,196712,"p","2020-01-24 15:22:00",430.533333333333,TRUE,430.45,0.0833333333330302,FALSE,TRUE,270.304032116309,0.901013440390974,3.24364838540751,4.38438835899067,-3844.27736620241,28657.8204855663,TRUE,FALSE,TRUE
7,196712,"p","2020-01-24 15:27:00",430.616666666667,TRUE,430.533333333333,0.0833333333339965,FALSE,TRUE,270.30405765094,0.901013525495964,3.24364869178547,4.42072175746735,-3581.83956438326,28727.6448136753,TRUE,FALSE,TRUE
7,196712,"p","2020-01-24 15:32:00",430.7,TRUE,430.616666666667,0.0833333333329733,FALSE,TRUE,270.304083312551,0.901013611045728,3.24364899976462,4.45705515200876,-3319.40176256446,28797.469141779,TRUE,FALSE,TRUE
7,196712,"p","2020-01-24 15:37:00",430.783333333333,TRUE,430.7,0.0833333333330302,FALSE,TRUE,270.304109105089,0.901013697020241,3.24364930927287,4.49400019050718,-3056.96396074495,28867.293469892,TRUE,FALSE,TRUE
7,196712,"p","2020-01-24 15:42:00",430.866666666667,TRUE,430.783333333333,0.0833333333339965,FALSE,TRUE,270.304135024871,0.901013783409067,3.24364962027264,4.37162773025609,-2794.52615892598,28937.1177980001,TRUE,FALSE,TRUE
7,196712,"p","2020-01-24 15:47:00",430.95,TRUE,430.866666666667,0.0833333333329733,FALSE,TRUE,270.30416107222,0.901013870244625,3.24364993288065,4.24629116111784,-2532.08835710703,29006.9421261062,TRUE,FALSE,TRUE
7,196712,"p","2020-01-24 15:52:00",431.033333333333,TRUE,430.95,0.0833333333330302,FALSE,TRUE,270.304187251261,0.901013957507482,3.24365024702694,4.12095461080353,-2269.65055528784,29076.7664542024,TRUE,FALSE,TRUE
7,196712,"o","2020-01-24 15:55:00",431.083333333333,TRUE,431.033333333333,0.0499999999999545,FALSE,TRUE,160.73113821747,0.892950767875647,3.21462276435233,3.9948117510382,-2113.54575969491,29118.0937160447,TRUE,FALSE,TRUE
7,196712,"p","2020-01-24 15:57:00",431.116666666667,TRUE,431.083333333333,0.033333333334042,FALSE,TRUE,14.6522687444078,0.122102239534136,0.439568062322888,3.79158404735787,-2107.94418994784,29104.5044117583,TRUE,FALSE,TRUE
7,196712,"p","2020-01-24 16:02:00",431.2,TRUE,431.116666666667,0.0833333333329733,FALSE,TRUE,36.8356659053263,0.122785553018285,0.442027990865825,3.58842468336,-2097.33497932576,29069.1128134534,TRUE,FALSE,TRUE
7,196712,"p","2020-01-24 16:07:00",431.283333333333,TRUE,431.2,0.0833333333330302,FALSE,TRUE,36.8356640121951,0.122785546707764,0.442027968147949,3.38526532647963,-2086.72576870413,29033.7212151586,TRUE,FALSE,TRUE
7,196712,"p","2020-01-24 16:12:00",431.366666666667,TRUE,431.283333333333,0.0833333333339965,FALSE,TRUE,36.835662122752,0.122785540408196,0.442027945469506,3.18210597612501,-2076.11655808237,28998.3296168532,TRUE,FALSE,TRUE
7,196712,"p","2020-01-24 16:17:00",431.45,TRUE,431.366666666667,0.0833333333329733,FALSE,TRUE,36.8356602273047,0.122785534091546,0.442027922729566,2.97894663170887,-2065.50734746066,28962.9380185507,TRUE,FALSE,TRUE
7,196712,"p","2020-01-24 16:22:00",431.533333333333,TRUE,431.45,0.0833333333330302,FALSE,TRUE,36.8356583353836,0.122785527785059,0.442027900026211,2.7764773417268,-2054.89813683898,28927.5464202472,TRUE,FALSE,TRUE
7,196712,"p","2020-01-24 16:27:00",431.616666666667,TRUE,431.533333333333,0.0833333333339965,FALSE,TRUE,36.835656444335,0.122785521480139,0.442027877328502,2.6980125463857,-2044.28892621713,28892.1548219509,TRUE,FALSE,TRUE
7,196712,"p","2020-01-24 16:32:00",431.7,TRUE,431.616666666667,0.0833333333329733,FALSE,TRUE,36.8356545512895,0.122785515171495,0.442027854617383,2.6201899226786,-2033.67971559548,28856.7632236504,TRUE,FALSE,TRUE
7,196712,"p","2020-01-24 16:37:00",431.783333333333,TRUE,431.7,0.0833333333330302,FALSE,TRUE,36.8356526604702,0.122785508868681,0.442027831927251,2.54236729073305,-2023.07050497382,28821.3716253443,TRUE,FALSE,TRUE
7,196712,"p","2020-01-24 16:42:00",431.866666666667,TRUE,431.783333333333,0.0833333333339965,FALSE,TRUE,36.8356507691697,0.122785502562922,0.442027809226519,2.4645446505036,-2012.46129435196,28785.980027046,TRUE,FALSE,TRUE
7,196712,"p","2020-01-24 16:47:00",431.95,TRUE,431.866666666667,0.0833333333329733,FALSE,TRUE,36.8356488812872,0.122785496271488,0.442027786577357,2.38672200194985,-2001.85208373026,28750.5884287428,TRUE,FALSE,TRUE
7,196712,"p","2020-01-24 16:52:00",432.033333333333,TRUE,431.95,0.0833333333330302,FALSE,TRUE,36.8356469915157,0.122785489972166,0.442027763899797,2.30889934502901,-1991.2428731087,28715.1968304416,TRUE,FALSE,TRUE
7,196712,"p","2020-01-24 16:57:00",432.116666666667,TRUE,432.033333333333,0.0833333333339965,FALSE,TRUE,36.8356450985553,0.122785483660874,0.442027741179145,2.23107667969453,-1980.6336624871,28679.8052321409,TRUE,FALSE,TRUE
7,196712,"p","2020-01-24 17:02:00",432.2,TRUE,432.116666666667,0.0833333333329733,FALSE,TRUE,36.8356432254198,0.122785477418596,0.442027718706947,2.15325400591183,-1970.02445186523,28644.4136338225,TRUE,FALSE,TRUE
7,196712,"o","2020-01-24 17:03:00",432.216666666667,TRUE,432.2,0.0166666666669926,FALSE,TRUE,9.22322305776514,0.15372038429308,0.553393383455087,2.07852481495057,-1967.92532958836,28635.4042481384,TRUE,FALSE,TRUE
7,196712,"p","2020-01-24 17:07:00",432.283333333333,TRUE,432.216666666667,0.0666666666660376,FALSE,TRUE,312.028356196954,1.30011815083291,4.68042534299847,2.11843539273245,-1962.78607462705,28322.5191504386,TRUE,FALSE,TRUE
7,196712,"p","2020-01-24 17:12:00",432.366666666667,TRUE,432.283333333333,0.0833333333339965,FALSE,TRUE,392.44136381076,1.30813787935879,4.70929636569164,2.15914793541362,-1956.39040573537,27928.9989457569,TRUE,FALSE,TRUE
7,196712,"p","2020-01-24 17:17:00",432.45,TRUE,432.366666666667,0.0833333333329733,FALSE,TRUE,392.441141276723,1.30813713759473,4.70929369534103,2.19986039592396,-1949.99473684304,27535.4787410797,TRUE,FALSE,TRUE
7,196712,"p","2020-01-24 17:22:00",432.533333333333,TRUE,432.45,0.0833333333330302,FALSE,TRUE,392.440919134368,1.30813639711932,4.70929102962955,2.24057277434659,-1943.59906795117,27141.9585363958,TRUE,FALSE,TRUE
7,196712,"p","2020-01-24 17:27:00",432.616666666667,TRUE,432.533333333333,0.0833333333339965,FALSE,TRUE,392.44069737525,1.30813565790709,4.70928836846552,2.28128507076649,-1937.20339905901,26748.43833172,TRUE,FALSE,TRUE
7,196712,"p","2020-01-24 17:32:00",432.7,TRUE,432.616666666667,0.0833333333329733,FALSE,TRUE,392.440476002174,1.3081349200129,4.70928571204643,2.32199728527307,-1930.8077301671,26354.9181270416,TRUE,FALSE,TRUE
7,196712,"o","2020-01-24 17:34:00",432.733333333333,TRUE,432.7,0.0333333333330188,FALSE,TRUE,155.748730787884,1.29790608991128,4.67246192368059,2.3616866086009,-1926.8146358476,26198.7711306151,TRUE,FALSE,TRUE
7,196712,"p","2020-01-24 17:37:00",432.783333333333,TRUE,432.733333333333,0.0500000000000114,FALSE,TRUE,188.089206614295,1.04494003674584,3.76178413228504,2.37607931840172,-1764.75335546137,26101.723761845,TRUE,FALSE,TRUE
7,196712,"p","2020-01-24 17:42:00",432.866666666667,TRUE,432.783333333333,0.0833333333339965,FALSE,TRUE,314.459045080789,1.04819681692762,3.77350854093944,2.39079769796801,-1492.25984354675,25942.0799563018,TRUE,FALSE,TRUE
7,196712,"p","2020-01-24 17:47:00",432.95,TRUE,432.866666666667,0.0833333333329733,FALSE,TRUE,314.458972529894,1.04819657510418,3.77350767037503,2.40551604505431,-1219.76633163202,25782.4361507495,TRUE,FALSE,TRUE
7,196712,"p","2020-01-24 17:52:00",433.033333333333,TRUE,432.95,0.0833333333330302,FALSE,TRUE,314.458900180319,1.04819633393821,3.77350680217755,2.42023435968465,-947.272819717094,25622.7923452039,TRUE,FALSE,TRUE
7,196712,"p","2020-01-24 17:57:00",433.116666666667,TRUE,433.033333333333,0.0833333333339965,FALSE,TRUE,314.458828032406,1.04819609343301,3.77350593635884,2.43495264188335,-674.779307802417,25463.1485396566,TRUE,FALSE,TRUE
7,196712,"p","2020-01-24 18:02:00",433.2,TRUE,433.116666666667,0.0833333333329733,FALSE,TRUE,314.458756086918,1.04819585362759,3.77350507305932,2.44967089167476,-402.285795887672,25303.5047341116,TRUE,FALSE,TRUE
7,196712,"p","2020-01-24 18:07:00",433.283333333333,TRUE,433.2,0.0833333333330302,FALSE,TRUE,314.458684343809,1.04819561448318,3.77350421213944,2.46438910908398,-129.792283972713,25143.8609285604,TRUE,FALSE,TRUE
7,196712,"p","2020-01-24 18:12:00",433.366666666667,TRUE,433.283333333333,0.0833333333339965,FALSE,TRUE,314.458612799682,1.0481953759906,3.77350335356616,2.47910729413345,142.701227941868,24984.2171230167,TRUE,FALSE,TRUE
7,196712,"p","2020-01-24 18:17:00",433.45,TRUE,433.366666666667,0.0833333333329733,FALSE,TRUE,314.458541462064,1.04819513821141,3.77350249756107,2.49382544685001,415.194739856629,24824.5733174725,TRUE,FALSE,TRUE
7,196712,"p","2020-01-24 18:22:00",433.533333333333,TRUE,433.45,0.0833333333330302,FALSE,TRUE,314.458470325412,1.04819490108852,3.77350164391868,2.50854356725684,687.688251771391,24664.9295119222,TRUE,FALSE,TRUE
7,196712,"p","2020-01-24 18:27:00",433.616666666667,TRUE,433.533333333333,0.0833333333339965,FALSE,TRUE,314.458399389291,1.04819466462263,3.77350079264147,2.5232616553782,960.181763686181,24505.2857063746,TRUE,FALSE,TRUE
7,196712,"p","2020-01-24 18:32:00",433.7,TRUE,433.616666666667,0.0833333333329733,FALSE,TRUE,314.458328653654,1.04819442885004,3.77349994386016,2.53797971123874,1232.67527560086,24345.6419008274,TRUE,FALSE,TRUE
7,196712,"p","2020-01-24 18:37:00",433.783333333333,TRUE,433.7,0.0833333333330302,FALSE,TRUE,314.458258124661,1.04819419375268,3.77349909750966,2.55269773486326,1505.16878751567,24185.9980952814,TRUE,FALSE,TRUE
7,196712,"o","2020-01-24 18:41:00",433.85,TRUE,433.783333333333,0.0666666666670039,FALSE,TRUE,250.62124205973,1.04425517524359,3.75931863087693,2.56782817560005,1722.39307846093,24058.8457136398,TRUE,FALSE,TRUE
7,196712,"p","2020-01-24 18:42:00",433.866666666667,TRUE,433.85,0.0166666666669926,FALSE,TRUE,28.9797836526291,0.482996394201041,1.73878701912375,2.60391759106674,1749.0827748104,24047.2241761724,TRUE,FALSE,TRUE
7,196712,"p","2020-01-24 18:47:00",433.95,TRUE,433.866666666667,0.0833333333329733,FALSE,TRUE,140.266740982195,0.467555803276003,1.68320089179361,2.63839461609252,1878.6786636656,23991.9298027899,TRUE,FALSE,TRUE
7,196712,"p","2020-01-24 18:52:00",434.033333333333,TRUE,433.95,0.0833333333330302,FALSE,TRUE,140.266730208834,0.467555767364482,1.68320076251214,2.67287163815819,2008.27455251423,23936.6354294143,TRUE,FALSE,TRUE
7,196712,"p","2020-01-24 18:57:00",434.116666666667,TRUE,434.033333333333,0.0833333333339965,FALSE,TRUE,140.266719462476,0.467555731537867,1.68320063353632,2.70734865727116,2137.87044136273,23881.3410560365,TRUE,FALSE,TRUE
7,196712,"p","2020-01-24 19:02:00",434.2,TRUE,434.116666666667,0.0833333333329733,FALSE,TRUE,140.266708732829,0.467555695778118,1.68320050480123,2.74182567343981,2267.46633021118,23826.0466826603,TRUE,FALSE,TRUE
7,196712,"p","2020-01-24 19:07:00",434.283333333333,TRUE,434.2,0.0833333333330302,FALSE,TRUE,140.266698023256,0.467555660079222,1.6832003762852,2.77630268666923,2397.06221905964,23770.7523092745,TRUE,FALSE,TRUE
7,196712,"p","2020-01-24 19:12:00",434.366666666667,TRUE,434.283333333333,0.0833333333339965,FALSE,TRUE,140.266687330291,0.467555624430581,1.68320024795009,2.81077969696427,2526.65810790809,23715.4579358988,TRUE,FALSE,TRUE
7,196712,"p","2020-01-24 19:17:00",434.45,TRUE,434.366666666667,0.0833333333329733,FALSE,TRUE,140.26667665525,0.467555588852852,1.68320011987027,2.84525670433241,2656.25399675666,23660.1635625205,TRUE,FALSE,TRUE
7,196712,"p","2020-01-24 19:22:00",434.533333333333,TRUE,434.45,0.0833333333330302,FALSE,TRUE,140.266665998376,0.467555553329621,1.68319999198663,2.8797337087785,2785.84988560521,23604.8691891396,TRUE,FALSE,TRUE
7,196712,"p","2020-01-24 19:27:00",434.616666666667,TRUE,434.533333333333,0.0833333333339965,FALSE,TRUE,140.266655359704,0.46755551786196,1.68319986430306,2.91421071030841,2915.44577445359,23549.5748157677,TRUE,FALSE,TRUE
7,196712,"p","2020-01-24 19:32:00",434.7,TRUE,434.616666666667,0.0833333333329733,FALSE,TRUE,140.266644739061,0.467555482465557,1.683199736876,2.94868770892781,3045.04166330208,23494.2804423837,TRUE,FALSE,TRUE
7,196712,"p","2020-01-24 19:37:00",434.783333333333,TRUE,434.7,0.0833333333330302,FALSE,TRUE,140.266634134472,0.467555447116607,1.68319960961978,2.98316470464226,3174.63755215064,23438.9860690134,TRUE,FALSE,TRUE
7,196712,"p","2020-01-24 19:42:00",434.866666666667,TRUE,434.783333333333,0.0833333333339965,FALSE,TRUE,140.26662355096,0.467555411832813,1.68319948259813,3.01764169745945,3304.23344099923,23383.6916956347,TRUE,FALSE,TRUE
7,196712,"p","2020-01-24 19:47:00",434.95,TRUE,434.866666666667,0.0833333333329733,FALSE,TRUE,140.26661298378,0.467555376614618,1.68319935581263,3.05211868737905,3433.82932984751,23328.3973222573,TRUE,FALSE,TRUE
7,196712,"p","2020-01-24 19:52:00",435.033333333333,TRUE,434.95,0.0833333333330302,FALSE,TRUE,140.266602433831,0.467555341447804,1.6831992292121,3.08350218309453,3563.4252186961,23273.102948883,TRUE,FALSE,TRUE
7,196712,"p","2020-01-24 19:57:00",435.116666666667,TRUE,435.033333333333,0.0833333333339965,FALSE,TRUE,140.266591903609,0.467555306341642,1.68319910282991,3.0002458986454,3693.02110754471,23217.8085755034,TRUE,FALSE,TRUE
7,196712,"p","2020-01-24 20:02:00",435.2,TRUE,435.116666666667,0.0833333333329733,FALSE,TRUE,140.266581389822,0.467555271301426,1.68319897668513,2.91618763783966,3822.61699639309,23162.5142021188,TRUE,FALSE,TRUE
7,196712,"p","2020-01-24 20:07:00",435.283333333333,TRUE,435.2,0.0833333333330302,FALSE,TRUE,140.266570895796,0.46755523632102,1.68319885075567,2.83212944771229,3952.21288524162,23107.2198287404,TRUE,FALSE,TRUE
7,196712,"p","2020-01-24 20:12:00",435.366666666667,TRUE,435.283333333333,0.0833333333339965,FALSE,TRUE,140.266560418274,0.467555201390527,1.6831987250059,2.74807132813941,4081.80877409012,23051.9254553621,TRUE,FALSE,TRUE
7,196712,"p","2020-01-24 20:17:00",435.45,TRUE,435.366666666667,0.0833333333329733,FALSE,TRUE,140.266549958401,0.467555166530024,1.68319859950809,2.66401327900171,4211.40466293847,22996.6310819887,TRUE,FALSE,TRUE
7,196712,"p","2020-01-24 20:22:00",435.533333333333,TRUE,435.45,0.0833333333330302,FALSE,TRUE,140.767760430649,0.469225868103871,1.68921312517394,2.5801223738108,4341.45152839485,22941.1108460912,TRUE,FALSE,TRUE
7,196712,"p","2020-01-24 20:27:00",435.616666666667,TRUE,435.533333333333,0.0833333333339965,FALSE,TRUE,232.788049804973,0.775960166010403,2.79345659763745,2.52792778142072,4554.2329504181,22844.154679924,TRUE,FALSE,TRUE
7,196712,"p","2020-01-24 20:32:00",435.7,TRUE,435.616666666667,0.0833333333329733,FALSE,TRUE,233.289834741637,0.777632782475482,2.79947801691173,2.50119705599368,4767.4653490495,22746.9726512358,TRUE,FALSE,TRUE
7,196712,"o","2020-01-24 20:35:00",435.75,TRUE,435.7,0.0500000000000114,FALSE,TRUE,140.320949884832,0.779560832693334,2.806418997696,2.47433345757025,4896.13273947923,22689.4250919603,TRUE,FALSE,TRUE
7,196712,"p","2020-01-24 20:37:00",435.783333333333,TRUE,435.75,0.0333333333330188,FALSE,TRUE,138.925662021246,1.15771385018798,4.16776986067671,2.48528518507863,5034.69904253101,22706.2923662573,TRUE,FALSE,TRUE
7,196712,"p","2020-01-24 20:42:00",435.866666666667,TRUE,435.783333333333,0.0833333333339965,FALSE,TRUE,349.345863101523,1.16448621032914,4.19215035718492,2.49691417271772,5382.93467828711,22750.3646968226,TRUE,FALSE,TRUE
7,196712,"p","2020-01-24 20:47:00",435.95,TRUE,435.866666666667,0.0833333333329733,FALSE,TRUE,349.345889025188,1.16448629675566,4.19215066832037,2.50854319304999,5731.17031404351,22794.4370274147,TRUE,FALSE,TRUE
7,196712,"o","2020-01-24 20:51:00",436.016666666667,TRUE,435.95,0.0666666666670039,FALSE,TRUE,275.464162828619,1.14776734511344,4.13196244240838,2.51850034219857,6005.99545485202,22827.2740592702,TRUE,FALSE,TRUE
7,196712,"p","2020-01-24 20:52:00",436.033333333333,TRUE,436.016666666667,0.0166666666660262,FALSE,TRUE,102.339545600405,1.70565909340562,6.14037273626023,2.58424669009082,5939.8178016857,22748.7175659494,TRUE,FALSE,TRUE
7,196712,"p","2020-01-24 20:57:00",436.116666666667,TRUE,436.033333333333,0.0833333333339965,FALSE,TRUE,533.027685811692,1.7767589526915,6.39633222968941,2.65710304776091,5590.1126970721,22343.8309364785,TRUE,FALSE,TRUE
7,196712,"p","2020-01-24 21:02:00",436.2,TRUE,436.116666666667,0.0833333333329733,FALSE,TRUE,530.616192888642,1.76872064296978,6.36739431469121,2.72915559823675,5243.55926877678,21939.4304672006,TRUE,FALSE,TRUE
7,196712,"p","2020-01-24 21:07:00",436.283333333333,TRUE,436.2,0.0833333333330302,FALSE,TRUE,389.784061626137,1.29928020542518,4.67740873953066,2.75426412867041,5475.20111917205,21624.219213032,TRUE,FALSE,TRUE
7,196712,"p","2020-01-24 21:12:00",436.366666666667,TRUE,436.283333333333,0.0833333333339965,FALSE,TRUE,391.258245354855,1.30419415117247,4.6950989442209,2.7798640773254,5709.99464591872,21309.4941190935,TRUE,FALSE,TRUE
7,196712,"p","2020-01-24 21:17:00",436.45,TRUE,436.366666666667,0.0833333333329733,FALSE,TRUE,391.258076475585,1.30419358825759,4.69509691772731,2.80546399326615,5944.78817266537,20994.7690251426,TRUE,FALSE,TRUE
7,196712,"p","2020-01-24 21:22:00",436.533333333333,TRUE,436.45,0.0833333333330302,FALSE,TRUE,391.257907977985,1.30419302659803,4.6950948957529,2.83106387655069,6179.58169941219,20680.0439311823,TRUE,FALSE,TRUE
7,196712,"p","2020-01-24 21:27:00",436.616666666667,TRUE,436.533333333333,0.0833333333339965,FALSE,TRUE,391.257739864943,1.3041924662061,4.69509287834195,2.85705760564694,6414.3752261589,20365.3188372439,TRUE,FALSE,TRUE
7,196712,"p","2020-01-24 21:32:00",436.7,TRUE,436.616666666667,0.0833333333329733,FALSE,TRUE,391.257572142175,1.30419190714622,4.69509086572638,2.93917715694145,6649.16875290555,20050.5937432922,TRUE,FALSE,TRUE
7,196712,"p","2020-01-24 21:37:00",436.783333333333,TRUE,436.7,0.0833333333330302,FALSE,TRUE,391.257404803738,1.30419134935054,4.69508885766193,3.02284071154891,6883.96227965214,19735.8686493419,TRUE,FALSE,TRUE
7,196712,"o","2020-01-24 21:41:00",436.85,TRUE,436.783333333333,0.0666666666670039,FALSE,TRUE,312.02273014551,1.30009470893305,4.68034095215897,3.10609460570576,7070.98128156756,19484.7116414292,TRUE,FALSE,TRUE
7,196712,"p","2020-01-24 21:42:00",436.866666666667,TRUE,436.85,0.0166666666669926,FALSE,TRUE,43.9457141637788,0.732428569381992,2.63674284977517,3.13258188949018,7088.49601334295,19444.2539202802,TRUE,FALSE,TRUE
7,196712,"p","2020-01-24 21:47:00",436.95,TRUE,436.866666666667,0.0833333333329733,FALSE,TRUE,215.281247697549,0.717604158994929,2.58337497238175,3.15758673581186,7171.99057485208,19245.0806507439,TRUE,FALSE,TRUE
7,196712,"p","2020-01-24 21:52:00",437.033333333333,TRUE,436.95,0.0833333333330302,FALSE,TRUE,215.281189106749,0.717603963691775,2.58337426929039,3.18259156617311,7255.48513635393,19045.9073812155,TRUE,FALSE,TRUE
7,196712,"p","2020-01-24 21:57:00",437.116666666667,TRUE,437.033333333333,0.0833333333339965,FALSE,TRUE,215.281130584162,0.717603768608162,2.58337356698938,3.20759638059087,7338.97969785584,18846.7341116771,TRUE,FALSE,TRUE
7,196712,"p","2020-01-24 22:02:00",437.2,TRUE,437.116666666667,0.0833333333329733,FALSE,TRUE,215.281072126971,0.71760357375967,2.58337286553481,3.23260117908155,7422.47425935771,18647.5608421418,TRUE,FALSE,TRUE
7,196712,"p","2020-01-24 22:07:00",437.283333333333,TRUE,437.2,0.0833333333330302,FALSE,TRUE,215.281013732746,0.717603379111764,2.58337216480235,3.25760596165977,7505.96882085974,18448.3875726157,TRUE,FALSE,TRUE
7,196712,"o","2020-01-24 22:09:00",437.316666666667,TRUE,437.283333333333,0.0333333333339851,FALSE,TRUE,87.1481756270975,0.726234796878278,2.6144452687618,3.2834738895614,7545.13954257251,18370.2187367251,TRUE,FALSE,TRUE
7,196712,"p","2020-01-24 22:12:00",437.366666666667,TRUE,437.316666666667,0.0500000000000114,FALSE,TRUE,684.946653882272,3.80525918823398,13.6989330776423,3.61724426013824,8231.83590125248,18416.1775984654,TRUE,FALSE,TRUE
7,196712,"o","2020-01-24 22:16:00",437.433333333333,TRUE,437.366666666667,0.0666666666659808,FALSE,TRUE,913.379436274845,3.80574765118434,13.7006915442636,3.95106348054501,9147.52241710982,18477.850454221,TRUE,FALSE,TRUE
7,196712,"p","2020-01-24 22:17:00",437.45,TRUE,437.433333333333,0.0166666666669926,FALSE,TRUE,60.4681326409417,1.00780221066266,3.62808795838556,4.005088160428,9103.84149622092,18435.6983963133,TRUE,FALSE,TRUE
7,196712,"p","2020-01-24 22:22:00",437.533333333333,TRUE,437.45,0.0833333333330302,FALSE,TRUE,335.745892124927,1.11915297375383,4.02895070551378,4.07024792014192,8847.40776618696,18216.9068279419,TRUE,FALSE,TRUE
7,196712,"p","2020-01-24 22:27:00",437.616666666667,TRUE,437.533333333333,0.0833333333339965,FALSE,TRUE,335.745785949312,1.11915261982214,4.02894943135969,4.13540764797935,8590.97403608585,17998.1152595419,TRUE,FALSE,TRUE
7,196712,"p","2020-01-24 22:32:00",437.7,TRUE,437.616666666667,0.0833333333329733,FALSE,TRUE,335.745679958917,1.11915226653456,4.0289481595244,4.20056734399864,8334.54030598483,17779.3236911469,TRUE,FALSE,TRUE
7,196712,"p","2020-01-24 22:37:00",437.783333333333,TRUE,437.7,0.0833333333330302,FALSE,TRUE,335.74557421424,1.11915191405154,4.02894689058554,4.26572700827366,8078.10657588358,17560.5321227567,TRUE,FALSE,TRUE
7,196712,"p","2020-01-24 22:42:00",437.866666666667,TRUE,437.783333333333,0.0833333333339965,FALSE,TRUE,334.105651602931,1.11368550533424,4.00926781920326,4.33034003517498,7823.16083308919,17342.534445512,TRUE,FALSE,TRUE
7,196712,"p","2020-01-24 22:47:00",437.95,TRUE,437.866666666667,0.0833333333329733,FALSE,TRUE,74.3433920940997,0.247811306981403,0.89212070513305,4.30836564573406,7841.19592321262,17270.1812024425,TRUE,FALSE,TRUE
7,196712,"p","2020-01-24 22:52:00",438.033333333333,TRUE,437.95,0.0833333333330302,FALSE,TRUE,73.9506481021378,0.246502160341356,0.887407777228882,4.2862603451152,7860.71900064309,17198.6218505246,TRUE,FALSE,TRUE
7,196712,"p","2020-01-24 22:57:00",438.116666666667,TRUE,438.033333333333,0.0833333333339965,FALSE,TRUE,73.9506409135654,0.246502136376589,0.887407690955722,4.26398797194247,7880.24207807348,17127.0624986116,TRUE,FALSE,TRUE
7,196712,"p","2020-01-24 23:02:00",438.2,TRUE,438.116666666667,0.0833333333329733,FALSE,TRUE,72.4740744406124,0.241580248136418,0.869688893291106,4.21054998015507,7898.68171622998,17056.7471062725,TRUE,FALSE,TRUE
7,196712,"p","2020-01-24 23:07:00",438.283333333333,TRUE,438.2,0.0833333333330302,FALSE,TRUE,238.733602073483,0.795778673581173,2.86480322489222,4.21236456926564,7718.35745763684,17214.6440916666,TRUE,FALSE,TRUE
7,196712,"p","2020-01-24 23:12:00",438.366666666667,TRUE,438.283333333333,0.0833333333339965,FALSE,TRUE,240.362294996881,0.801207649983229,2.88434753993962,4.21452925099463,7536.94975976988,17373.7850366369,TRUE,FALSE,TRUE
7,196712,"p","2020-01-24 23:17:00",438.45,TRUE,438.366666666667,0.0833333333329733,FALSE,TRUE,240.362345430981,0.801207818106733,2.88434814518424,4.17887864778651,7355.54206190306,17532.925981607,TRUE,FALSE,TRUE
7,196712,"p","2020-01-24 23:22:00",438.533333333333,TRUE,438.45,0.0833333333330302,FALSE,TRUE,241.447855740304,0.80482618580394,2.89737426889418,4.14291264533399,7169.27489734814,17688.0773439194,TRUE,FALSE,TRUE
7,196712,"p","2020-01-24 23:27:00",438.616666666667,TRUE,438.533333333333,0.0833333333339965,FALSE,TRUE,1217.06191720296,4.0568730573109,14.6047430063193,4.43215132138951,6091.50734302524,17111.3141307785,TRUE,FALSE,TRUE
7,196712,"p","2020-01-24 23:32:00",438.7,TRUE,438.616666666667,0.0833333333329733,FALSE,TRUE,1223.2035048736,4.07734501626293,14.6784420585466,4.72510908850446,5008.88032201431,16530.5613349746,TRUE,FALSE,TRUE
7,196712,"p","2020-01-24 23:37:00",438.783333333333,TRUE,438.7,0.0833333333330302,FALSE,TRUE,1223.2024897759,4.07734163260118,14.6784298773642,4.96227734242402,3926.25330100275,15949.80853917,TRUE,FALSE,TRUE
7,196712,"p","2020-01-24 23:42:00",438.866666666667,TRUE,438.783333333333,0.0833333333339965,FALSE,TRUE,1217.53695872331,4.0584565290454,14.6104435045635,5.19044710005941,2850.15673293142,15368.9369128514,TRUE,FALSE,TRUE
7,196712,"p","2020-01-24 23:47:00",438.95,TRUE,438.866666666667,0.0833333333329733,FALSE,TRUE,613.063994659654,2.04354664887434,7.35676793594764,5.21792970064986,2972.11371988986,14766.2650660311,TRUE,FALSE,TRUE
7,196712,"p","2020-01-24 23:52:00",439.033333333333,TRUE,438.95,0.0833333333330302,FALSE,TRUE,614.499101886982,2.04833033963072,7.37398922267061,5.29283471407042,3100.60115978767,14163.4743887189,TRUE,FALSE,TRUE
7,196712,"o","2020-01-24 23:54:00",439.066666666667,TRUE,439.033333333333,0.0333333333339851,FALSE,TRUE,245.915573197443,2.04929644327195,7.37746719577903,5.36734494328036,3144.95019250957,13920.8501910898,TRUE,FALSE,TRUE
7,196712,"p","2020-01-24 23:57:00",439.116666666667,TRUE,439.066666666667,0.0500000000000114,FALSE,TRUE,873.098971456547,4.85054984142416,17.461979429127,5.72198056859702,2445.05933026299,13392.8908939514,TRUE,FALSE,TRUE
7,196712,"o","2020-01-24 23:59:00",439.15,TRUE,439.116666666667,0.033333333332962,FALSE,TRUE,579.340764291372,4.82783970248189,17.3802229289348,6.07434523618541,1979.94269570511,13043.5014218126,TRUE,FALSE,TRUE
7,196712,"p","2020-01-25 00:02:00",439.2,TRUE,439.15,0.0500000000000114,FALSE,TRUE,135.838637931321,0.754659099618281,2.71677275862581,6.01939189952663,1953.89943047734,12909.7714563117,TRUE,FALSE,TRUE
7,196712,"p","2020-01-25 00:07:00",439.283333333333,TRUE,439.2,0.0833333333330302,FALSE,TRUE,218.770994081589,0.729236646941283,2.62525192898862,5.96189637350613,1920.78493692759,12692.8693089453,TRUE,FALSE,TRUE
7,196712,"p","2020-01-25 00:12:00",439.366666666667,TRUE,439.283333333333,0.0833333333339965,FALSE,TRUE,218.770930220642,0.729236434063005,2.62525116262682,5.90440088197738,1887.6704433775,12475.9671615781,TRUE,FALSE,TRUE
7,196712,"p","2020-01-25 00:17:00",439.45,TRUE,439.366666666667,0.0833333333329733,FALSE,TRUE,218.770866426789,0.729236221425782,2.62525039713281,5.84731503322665,1854.5559498275,12259.0650142117,TRUE,FALSE,TRUE
7,196712,"o","2020-01-25 00:20:00",439.5,TRUE,439.45,0.0500000000000114,FALSE,TRUE,135.569179974261,0.753162110967947,2.71138359948461,5.84938838738525,1833.1477608027,12124.7918098655,TRUE,FALSE,TRUE
7,196712,"p","2020-01-25 00:22:00",439.533333333333,TRUE,439.5,0.0333333333330188,FALSE,TRUE,407.750312859432,3.39791927386066,12.2325093858984,6.11741989887182,1707.2379163567,11735.6467225784,TRUE,FALSE,TRUE
7,196712,"p","2020-01-25 00:27:00",439.616666666667,TRUE,439.533333333333,0.0833333333339965,FALSE,TRUE,1030.35351147509,3.43451170488962,12.3642421376026,6.38911067299161,1388.61457300537,10752.4542145378,TRUE,FALSE,TRUE
7,196712,"p","2020-01-25 00:32:00",439.7,TRUE,439.616666666667,0.0833333333329733,FALSE,TRUE,1030.35215952433,3.43450719842928,12.3642259143454,6.66080101597372,1069.99122966593,9769.26170654941,TRUE,FALSE,TRUE
7,196712,"o","2020-01-25 00:33:00",439.716666666667,TRUE,439.7,0.0166666666669926,FALSE,TRUE,200.263359748705,3.33772266241316,12.0158015846874,6.92281292483907,1007.66640075932,9578.29259307665,TRUE,FALSE,TRUE
7,196712,"p","2020-01-25 00:37:00",439.783333333333,TRUE,439.716666666667,0.0666666666660376,FALSE,TRUE,68.6979003765928,0.286241251571838,1.03046850565862,6.87967671208507,959.0553114894,9627.20877396476,TRUE,FALSE,TRUE
7,196712,"p","2020-01-25 00:42:00",439.866666666667,TRUE,439.783333333333,0.0833333333339965,FALSE,TRUE,89.8778928396746,0.299592976129864,1.07853471406751,6.83701253001023,900.041249621923,9695.44073531269,TRUE,FALSE,TRUE
7,196712,"p","2020-01-25 00:47:00",439.95,TRUE,439.866666666667,0.0833333333329733,FALSE,TRUE,89.8779009352142,0.299593003118675,1.07853481122723,6.4864459114987,841.027187754377,9763.67269665044,TRUE,FALSE,TRUE
7,196712,"p","2020-01-25 00:52:00",440.033333333333,TRUE,439.95,0.0833333333330302,FALSE,TRUE,89.8779090340776,0.299593030114682,1.07853490841286,6.13583044939174,782.013125886841,9831.9046580017,TRUE,FALSE,TRUE
7,196712,"p","2020-01-25 00:57:00",440.116666666667,TRUE,440.033333333333,0.0833333333339965,FALSE,TRUE,89.877917123521,0.299593057076019,1.07853500547367,6.06500953403307,722.999064020888,9900.13661933043,TRUE,FALSE,TRUE
7,196712,"o","2020-01-25 00:58:00",440.133333333333,TRUE,440.116666666667,0.0166666666659694,FALSE,TRUE,16.7477892008764,0.279129820026285,1.00486735209463,5.98100721866032,711.377417976026,9912.28447054711,TRUE,FALSE,TRUE
7,196712,"p","2020-01-25 01:02:00",440.2,TRUE,440.133333333333,0.0666666666670039,FALSE,TRUE,167.017815037649,0.695907562653349,2.50526722555206,5.93868271294344,690.863770229811,9746.03732406146,TRUE,FALSE,TRUE
7,196712,"p","2020-01-25 01:07:00",440.283333333333,TRUE,440.2,0.0833333333330302,FALSE,TRUE,210.598894731709,0.701996315774916,2.5271867367897,5.89696711786747,665.448168459968,9536.35521463381,TRUE,FALSE,TRUE
7,196712,"p","2020-01-25 01:12:00",440.366666666667,TRUE,440.283333333333,0.0833333333339965,FALSE,TRUE,210.598836249109,0.701996120824778,2.5271860349692,5.8552515385448,640.032566690263,9326.67310519712,TRUE,FALSE,TRUE
7,196712,"p","2020-01-25 01:17:00",440.45,TRUE,440.366666666667,0.0833333333329733,FALSE,TRUE,210.598777827771,0.701995926095604,2.52718533394418,5.81408258062094,614.616964920482,9116.99099575767,TRUE,FALSE,TRUE
7,196712,"p","2020-01-25 01:22:00",440.533333333333,TRUE,440.45,0.0833333333330302,FALSE,TRUE,206.944603010757,0.689815343371698,2.48333523613811,5.85828298425997,593.177714266548,8910.5507949853,TRUE,FALSE,TRUE
7,196712,"p","2020-01-25 01:27:00",440.616666666667,TRUE,440.533333333333,0.0833333333339965,FALSE,TRUE,804.023059038654,2.68007686344085,9.64827670838706,6.10164045456991,1301.22562699374,9298.85957145628,TRUE,FALSE,TRUE
7,196712,"o","2020-01-25 01:29:00",440.65,TRUE,440.616666666667,0.033333333332962,FALSE,TRUE,316.723952388776,2.63936626993587,9.50171857176913,6.34092686792584,1580.5135938887,9451.14773760797,TRUE,FALSE,TRUE
7,196712,"p","2020-01-25 01:32:00",440.7,TRUE,440.65,0.0500000000000114,FALSE,TRUE,302.159308856729,1.67866282698144,6.0431861771332,6.48463512581035,1398.82474325843,9208.35990839186,TRUE,FALSE,TRUE
7,196712,"p","2020-01-25 01:37:00",440.783333333333,TRUE,440.7,0.0833333333330302,FALSE,TRUE,514.85629640647,1.71618765469448,6.17827555690011,6.57667602392168,1086.80709447114,8796.49334654648,TRUE,FALSE,TRUE
7,196712,"p","2020-01-25 01:42:00",440.866666666667,TRUE,440.783333333333,0.0833333333339965,FALSE,TRUE,514.85601554564,1.71618671847181,6.17827218649851,6.66817393077053,774.789445683989,8384.62678468374,TRUE,FALSE,TRUE
7,196712,"o","2020-01-25 01:45:00",440.916666666667,TRUE,440.866666666667,0.0500000000000114,FALSE,TRUE,307.922254052667,1.7106791891811,6.15844508105194,6.75912106787797,585.670897305435,8140.21324472366,TRUE,FALSE,TRUE
7,196712,"p","2020-01-25 01:47:00",440.95,TRUE,440.916666666667,0.033333333332962,FALSE,TRUE,265.258091760349,2.21048409802754,7.95774275289913,6.89968685910033,321.23448633827,8173.52771981039,TRUE,FALSE,TRUE
7,196712,"p","2020-01-25 01:52:00",441.033333333333,TRUE,440.95,0.0833333333330302,FALSE,TRUE,668.727614882197,2.22909204961543,8.02473137861556,6.71690875833078,-344.62643884611,8263.57990038759,TRUE,FALSE,TRUE
7,196712,"p","2020-01-25 01:57:00",441.116666666667,TRUE,441.033333333333,0.0833333333339965,FALSE,TRUE,665.091826637278,2.21697275543995,7.98110191958382,6.53087153224848,-1006.87573501706,8353.07870823989,TRUE,FALSE,TRUE
7,196712,"p","2020-01-25 02:02:00",441.2,TRUE,441.116666666667,0.0833333333329733,FALSE,TRUE,11.9905401127319,0.0399684670426122,0.143886481353404,6.12713421569263,-1006.54848116026,8341.05773251215,TRUE,FALSE,TRUE
7,196712,"p","2020-01-25 02:07:00",441.283333333333,TRUE,441.2,0.0833333333330302,FALSE,TRUE,13.1364055585769,0.0437880185287488,0.157636866703496,5.72566736464096,-1002.6095982904,8328.48338405763,TRUE,FALSE,TRUE
7,196712,"p","2020-01-25 02:12:00",441.366666666667,TRUE,441.283333333333,0.0833333333339965,FALSE,TRUE,13.1364053413228,0.043788017804061,0.15763686409462,5.52569150153393,-998.670715420548,8315.9090356073,TRUE,FALSE,TRUE
7,196712,"o","2020-01-25 02:15:00",441.416666666667,TRUE,441.366666666667,0.0500000000000114,FALSE,TRUE,9.16613677128828,0.0509229820627011,0.183322735425724,5.32595076577713,-996.753719889853,8306.91756717933,TRUE,FALSE,TRUE
7,196712,"p","2020-01-25 02:17:00",441.45,TRUE,441.416666666667,0.033333333332962,FALSE,TRUE,114.839230569097,0.956993588086467,3.44517691711128,5.21672048025858,-1027.84205008111,8196.00294137556,TRUE,FALSE,TRUE
7,196712,"p","2020-01-25 02:22:00",441.533333333333,TRUE,441.45,0.0833333333330302,FALSE,TRUE,290.870499677844,0.969568332263008,3.49044599614683,4.82862232934247,-1106.67871103811,7915.09922847552,TRUE,FALSE,TRUE
7,196712,"p","2020-01-25 02:27:00",441.616666666667,TRUE,441.533333333333,0.0833333333339965,FALSE,TRUE,290.870392512003,0.969567975032295,3.49044471011626,4.44279515659751,-1185.51537199518,7634.19551558531,TRUE,FALSE,TRUE
7,196712,"p","2020-01-25 02:32:00",441.7,TRUE,441.616666666667,0.0833333333329733,FALSE,TRUE,290.870285507285,0.969567618361805,3.4904434261025,4.46428600847186,-1264.35203295238,7353.2918026935,TRUE,FALSE,TRUE
7,196712,"p","2020-01-25 02:37:00",441.783333333333,TRUE,441.7,0.0833333333330302,FALSE,TRUE,290.870178655529,0.969567262188623,3.49044214387904,4.48831906999659,-1343.18869390936,7072.38808981163,TRUE,FALSE,TRUE
7,196712,"p","2020-01-25 02:42:00",441.866666666667,TRUE,441.783333333333,0.0833333333339965,FALSE,TRUE,288.575541051355,0.961918470163528,3.4629064925887,4.51158727360665,-1421.5999586316,6793.75530469084,TRUE,FALSE,TRUE
7,196712,"p","2020-01-25 02:47:00",441.95,TRUE,441.866666666667,0.0833333333329733,FALSE,TRUE,137.583591403004,0.458611971345327,1.65100309684318,4.4845248485986,-1421.96955057476,6931.73881277494,TRUE,FALSE,TRUE
7,196712,"p","2020-01-25 02:52:00",442.033333333333,TRUE,441.95,0.0833333333330302,FALSE,TRUE,139.847473621801,0.4661582454077,1.67816968346772,4.45582446204258,-1421.9137462831,7071.99324865112,TRUE,FALSE,TRUE
7,196712,"p","2020-01-25 02:57:00",442.116666666667,TRUE,442.033333333333,0.0833333333339965,FALSE,TRUE,139.847499278769,0.466158330925522,1.67816999133188,4.16264836774906,-1421.85794199164,7212.24768451237,TRUE,FALSE,TRUE
7,196712,"p","2020-01-25 03:02:00",442.2,TRUE,442.116666666667,0.0833333333329733,FALSE,TRUE,137.989257834942,0.459964192785127,1.65587109402646,3.86519361653861,-1421.79755345511,7350.63844425968,TRUE,FALSE,TRUE
7,196712,"p","2020-01-25 03:07:00",442.283333333333,TRUE,442.2,0.0833333333330302,FALSE,TRUE,202.924120643018,0.676413735479186,2.43508944772507,3.5893842702436,-1420.89615571031,7147.12584499329,TRUE,FALSE,TRUE
7,196712,"p","2020-01-25 03:12:00",442.366666666667,TRUE,442.283333333333,0.0833333333339965,FALSE,TRUE,204.782336824661,0.682607789410103,2.45738804187637,3.3238727829433,-1419.99017372039,6941.74956961029,TRUE,FALSE,TRUE
7,196712,"p","2020-01-25 03:17:00",442.45,TRUE,442.366666666667,0.0833333333329733,FALSE,TRUE,205.310885583948,0.684369618616115,2.46373062701802,3.36368561964773,-1419.60962896977,6735.84151105322,TRUE,FALSE,TRUE
7,196712,"p","2020-01-25 03:22:00",442.533333333333,TRUE,442.45,0.0833333333330302,FALSE,TRUE,317.315440200301,1.05771813400485,3.80778528241747,3.43949813543523,-1515.62392212475,6432.37441325468,TRUE,FALSE,TRUE
7,196712,"p","2020-01-25 03:27:00",442.616666666667,TRUE,442.533333333333,0.0833333333339965,FALSE,TRUE,317.978590753673,1.05992863583714,3.81574308901371,3.51553169870707,-1612.16365251893,6128.37553227382,TRUE,FALSE,TRUE
7,196712,"p","2020-01-25 03:32:00",442.7,TRUE,442.616666666667,0.0833333333329733,FALSE,TRUE,317.978465198879,1.05992821733418,3.81574158240303,3.59156521742902,-1708.70338291316,5824.37665130004,TRUE,FALSE,TRUE
7,196712,"p","2020-01-25 03:37:00",442.783333333333,TRUE,442.7,0.0833333333330302,FALSE,TRUE,316.190593048517,1.05396864349889,3.79428711659601,3.66700277607131,-1804.41362025038,5521.99636144951,TRUE,FALSE,TRUE
7,196712,"p","2020-01-25 03:42:00",442.866666666667,TRUE,442.783333333333,0.0833333333339965,FALSE,TRUE,56.4562041033011,0.188187347009506,0.677474449234222,3.65790852876963,-1747.9480261219,5516.55701443486,TRUE,FALSE,TRUE
7,196712,"p","2020-01-25 03:47:00",442.95,TRUE,442.866666666667,0.0833333333329733,FALSE,TRUE,57.1477299347984,0.190492433116818,0.685772759220544,3.60736701581598,-1690.65293893662,5512.73625854029,TRUE,FALSE,TRUE
7,196712,"p","2020-01-25 03:52:00",443.033333333333,TRUE,442.95,0.0833333333330302,FALSE,TRUE,57.1477296160642,0.19049243205424,0.685772755395266,3.55621662744391,-1633.35785175083,5508.91550264117,TRUE,FALSE,TRUE
7,196712,"p","2020-01-25 03:57:00",443.116666666667,TRUE,443.033333333333,0.0833333333339965,FALSE,TRUE,57.147729297846,0.190492430991304,0.685772751568695,3.50506625846056,-1576.06276456524,5505.09474674612,TRUE,FALSE,TRUE
7,196712,"p","2020-01-25 04:02:00",443.2,TRUE,443.116666666667,0.0833333333329733,FALSE,TRUE,57.1477289808921,0.19049242993713,0.685772747773668,3.45391590884472,-1518.76767737979,5501.2739908595,TRUE,FALSE,TRUE
7,196712,"p","2020-01-25 04:07:00",443.283333333333,TRUE,443.2,0.0833333333330302,FALSE,TRUE,57.1477286655768,0.190492428885949,0.685772743989416,3.40398361739614,-1461.47259019402,5497.45323495598,TRUE,FALSE,TRUE
7,196712,"p","2020-01-25 04:12:00",443.366666666667,TRUE,443.283333333333,0.0833333333339965,FALSE,TRUE,57.1477283509653,0.190492427835035,0.685772740206127,3.15502517383556,-1404.17750300844,5493.63247906749,TRUE,FALSE,TRUE
7,196712,"p","2020-01-25 04:17:00",443.45,TRUE,443.366666666667,0.0833333333329733,FALSE,TRUE,57.147728037806,0.19049242679351,0.685772736456635,2.91013778952132,-1346.88241582281,5489.81172317471,TRUE,FALSE,TRUE
7,196712,"p","2020-01-25 04:22:00",443.533333333333,TRUE,443.45,0.0833333333330302,FALSE,TRUE,57.1477277255381,0.190492425752487,0.685772732708951,2.76132074939843,-1289.58732863742,5485.99096727989,TRUE,FALSE,TRUE
7,196712,"p","2020-01-25 04:27:00",443.616666666667,TRUE,443.533333333333,0.0833333333339965,FALSE,TRUE,57.1477274152861,0.190492424716104,0.685772728977975,2.60875122640059,-1232.29224145167,5482.17021139057,TRUE,FALSE,TRUE
7,196712,"p","2020-01-25 04:32:00",443.7,TRUE,443.616666666667,0.0833333333329733,FALSE,TRUE,57.1477271053627,0.190492423685365,0.685772725267315,2.45618179692195,-1174.99715426622,5478.34945549166,TRUE,FALSE,TRUE
7,196712,"p","2020-01-25 04:37:00",443.783333333333,TRUE,443.7,0.0833333333330302,FALSE,TRUE,57.1477267974557,0.190492422658879,0.685772721571963,2.30416312026972,-1117.70206708045,5474.52869959107,TRUE,FALSE,TRUE
7,196712,"p","2020-01-25 04:42:00",443.866666666667,TRUE,443.783333333333,0.0833333333339965,FALSE,TRUE,57.1477264901595,0.190492421632349,0.685772717876457,2.10216395263021,-1060.40697989487,5470.70794369988,TRUE,FALSE,TRUE
7,196712,"p","2020-01-25 04:47:00",443.95,TRUE,443.866666666667,0.0833333333329733,FALSE,TRUE,57.1477261842246,0.190492420614905,0.685772714213658,1.89830398973015,-1003.1118927094,5466.88718781079,TRUE,FALSE,TRUE
7,196712,"o","2020-01-25 04:49:00",443.983333333333,TRUE,443.95,0.0333333333330188,FALSE,TRUE,22.5527168840663,0.187939307368993,0.676581506528374,1.69540064492306,-980.497504609407,5465.43285791038,TRUE,FALSE,TRUE
7,196712,"p","2020-01-25 04:52:00",444.033333333333,TRUE,443.983333333333,0.0500000000000114,FALSE,TRUE,5.91485490802055,0.0328603050445512,0.118297098160384,1.69468982872325,-979.604752801785,5471.2976328289,TRUE,FALSE,TRUE
7,196712,"p","2020-01-25 04:57:00",444.116666666667,TRUE,444.033333333333,0.0833333333339965,FALSE,TRUE,9.91742629856411,0.0330580876616173,0.119009115581822,1.69361683563654,-978.622911079787,5481.1955451176,TRUE,FALSE,TRUE
7,196712,"p","2020-01-25 05:02:00",444.2,TRUE,444.116666666667,0.0833333333329733,FALSE,TRUE,9.91742642539439,0.0330580880847908,0.119009117105247,1.69254384266461,-977.641069357761,5491.09345741085,TRUE,FALSE,TRUE
7,196712,"p","2020-01-25 05:07:00",444.283333333333,TRUE,444.2,0.0833333333330302,FALSE,TRUE,9.91742655081674,0.0330580885028427,0.119009118610234,1.69075735330862,-976.659227635744,5500.99136970335,TRUE,FALSE,TRUE
7,196712,"p","2020-01-25 05:12:00",444.366666666667,TRUE,444.283333333333,0.0833333333339965,FALSE,TRUE,9.91742668045491,0.0330580889345866,0.119009120164512,1.59836380339344,-975.677385913779,5510.88928199866,TRUE,FALSE,TRUE
7,196712,"o","2020-01-25 05:14:00",444.4,TRUE,444.366666666667,0.033333333332962,FALSE,TRUE,3.45236917150021,0.0287697430961556,0.10357107514616,1.50428394447675,-975.542572493807,5514.34908916981,TRUE,FALSE,TRUE
7,196712,"p","2020-01-25 05:17:00",444.45,TRUE,444.4,0.0500000000000114,FALSE,TRUE,56.2839130540599,0.312688405855817,1.12567826108094,1.4385959875591,-1003.39566073762,5465.22173216412,TRUE,FALSE,TRUE
7,196712,"p","2020-01-25 05:22:00",444.533333333333,TRUE,444.45,0.0833333333330302,FALSE,TRUE,94.7394438639175,0.315798146214207,1.13687332637115,1.37321904034434,-1050.24734659206,5382.51054090923,TRUE,FALSE,TRUE
7,196712,"p","2020-01-25 05:27:00",444.616666666667,TRUE,444.533333333333,0.0833333333339965,FALSE,TRUE,94.7394337294032,0.315798112428831,1.13687320474379,1.30784212536836,-1097.09903244672,5299.79934964326,TRUE,FALSE,TRUE
7,196712,"p","2020-01-25 05:32:00",444.7,TRUE,444.616666666667,0.0833333333329733,FALSE,TRUE,94.7394235984964,0.315798078663019,1.13687308318687,1.24323008621831,-1143.95071830112,5217.0881583821,TRUE,FALSE,TRUE
7,196712,"p","2020-01-25 05:37:00",444.783333333333,TRUE,444.7,0.0833333333330302,FALSE,TRUE,94.7394134716571,0.315798044906673,1.13687296166402,1.22894869357445,-1190.80240415576,5134.37696712217,TRUE,FALSE,TRUE
7,196712,"p","2020-01-25 05:42:00",444.866666666667,TRUE,444.783333333333,0.0833333333339965,FALSE,TRUE,94.739403349652,0.315798011162993,1.13687284018678,1.21391267014998,-1237.65409001015,5051.66577586239,TRUE,FALSE,TRUE
7,196712,"p","2020-01-25 06:52:00",446.033333333333,TRUE,445.95,0.0833333333330302,FALSE,TRUE,1197.75189353852,3.99250631180959,14.3730227225145,1.2064284249502,-1711.05703113095,5177.03588920859,TRUE,FALSE,TRUE
7,196712,"p","2020-01-25 06:57:00",446.116666666667,TRUE,446.033333333333,0.0833333333339965,FALSE,TRUE,1204.71977397389,4.015732579881,14.4566372875716,1.5889524400497,-1575.388056143,6377.65148893755,TRUE,FALSE,TRUE
7,196712,"p","2020-01-25 07:02:00",446.2,TRUE,446.116666666667,0.0833333333329733,FALSE,TRUE,1204.721658134,4.01573886046403,14.4566598976705,1.9714770833126,-1439.7190811553,7578.26708866986,TRUE,FALSE,TRUE
7,196712,"p","2020-01-25 07:07:00",446.283333333333,TRUE,446.2,0.0833333333330302,FALSE,TRUE,1204.72355343792,4.015745178141,14.4566826413076,2.35400235844735,-1304.05010619917,8778.88268837534,TRUE,FALSE,TRUE
7,196712,"o","2020-01-25 07:08:00",446.3,TRUE,446.283333333333,0.0166666666669926,FALSE,TRUE,236.452738065175,3.94087896767586,14.1871642836331,2.72904101263969,-1280.50914828748,9014.85606038943,TRUE,FALSE,TRUE
7,196712,"p","2020-01-25 07:12:00",446.366666666667,TRUE,446.3,0.0666666666670039,FALSE,TRUE,544.569034586657,2.26903764409959,8.16853551875853,2.93689553457804,-1701.43291540532,9363.82034662374,TRUE,FALSE,TRUE
7,196712,"p","2020-01-25 07:17:00",446.45,TRUE,446.366666666667,0.0833333333329733,FALSE,TRUE,680.879381838826,2.26959793947256,8.17055258210121,3.14480608615676,-2232.07867069991,9794.83851945528,TRUE,FALSE,TRUE
7,196712,"p","2020-01-25 07:22:00",446.533333333333,TRUE,446.45,0.0833333333330302,FALSE,TRUE,680.879776057601,2.26959925353359,8.17055731272093,3.35271676924423,-2762.72442599471,10225.856692274,TRUE,FALSE,TRUE
7,196712,"p","2020-01-25 07:27:00",446.616666666667,TRUE,446.533333333333,0.0833333333339965,FALSE,TRUE,680.880172324005,2.26960057439529,8.17056206782304,3.56062758452052,-3293.37018128923,10656.8748651048,TRUE,FALSE,TRUE
7,196712,"p","2020-01-25 07:32:00",446.7,TRUE,446.616666666667,0.0833333333329733,FALSE,TRUE,680.880570633965,2.26960190212302,8.17056684764288,3.76853853267134,-3824.01593658377,11087.8930379345,TRUE,FALSE,TRUE
7,196712,"p","2020-01-25 07:37:00",446.783333333333,TRUE,446.7,0.0833333333330302,FALSE,TRUE,680.880970965004,2.26960323655827,8.17057165160977,3.97670492559026,-4354.66169186028,11518.9112107467,TRUE,FALSE,TRUE
7,196712,"o","2020-01-25 07:38:00",446.8,TRUE,446.783333333333,0.0166666666669926,FALSE,TRUE,133.41592811835,2.22359880192901,8.00495568694445,4.19577877527871,-4458.71110757913,11603.2796911535,TRUE,FALSE,TRUE
7,196712,"p","2020-01-25 07:42:00",446.866666666667,TRUE,446.8,0.0666666666670039,FALSE,TRUE,138.922372794334,0.578843219973463,2.08383559190447,4.25035728850989,-4576.7472182511,11677.6564766835,TRUE,FALSE,TRUE
7,196712,"p","2020-01-25 07:47:00",446.95,TRUE,446.866666666667,0.0833333333329733,FALSE,TRUE,170.245109224999,0.567483697419116,2.04294131070882,4.30379984944333,-4721.69268739309,11768.3335158756,TRUE,FALSE,TRUE
7,196712,"p","2020-01-25 07:52:00",447.033333333333,TRUE,446.95,0.0833333333330302,FALSE,TRUE,170.245130633478,0.567483768780324,2.04294156760917,4.35724241747107,-4866.63815653519,11859.0105550711,TRUE,FALSE,TRUE
7,196712,"p","2020-01-25 07:57:00",447.116666666667,TRUE,447.033333333333,0.0833333333339965,FALSE,TRUE,170.245152076443,0.567483840250293,2.04294182490105,4.41068499260265,-5011.58362567729,11949.6875942646,TRUE,FALSE,TRUE
7,196712,"p","2020-01-25 08:02:00",447.2,TRUE,447.116666666667,0.0833333333329733,FALSE,TRUE,170.245173551577,0.567483911841042,2.04294208262775,4.46455640947713,-5156.52909481926,12040.3646334551,TRUE,FALSE,TRUE
7,196712,"o","2020-01-25 08:05:00",447.25,TRUE,447.2,0.0500000000000114,FALSE,TRUE,103.691968223731,0.576066490131708,2.07383936447415,4.49089421790472,-5244.27094191349,12096.4455166835,TRUE,FALSE,TRUE
7,196712,"p","2020-01-25 08:07:00",447.283333333333,TRUE,447.25,0.0333333333330188,FALSE,TRUE,195.197956537742,1.62664963782987,5.85593869618753,4.62197936706629,-5358.93383170978,12255.2722339427,TRUE,FALSE,TRUE
7,196712,"p","2020-01-25 08:12:00",447.366666666667,TRUE,447.283333333333,0.0833333333339965,FALSE,TRUE,492.509354750057,1.64169784915379,5.91011225695365,4.75456934073879,-5647.52747022279,12656.5256763601,TRUE,FALSE,TRUE
7,196712,"p","2020-01-25 08:17:00",447.45,TRUE,447.366666666667,0.0833333333329733,FALSE,TRUE,492.509625477558,1.64169875159895,5.91011550575622,4.88715940803238,-5936.12110873573,13057.7791187707,TRUE,FALSE,TRUE
7,196712,"p","2020-01-25 08:22:00",447.533333333333,TRUE,447.45,0.0833333333330302,FALSE,TRUE,492.50989697515,1.6416996565898,5.9101187637233,5.01974956920069,-6224.71474724905,13459.0325611913,TRUE,FALSE,TRUE
7,196712,"p","2020-01-25 08:27:00",447.616666666667,TRUE,447.533333333333,0.0833333333339965,FALSE,TRUE,492.510169242118,1.64170056412733,5.91012203085838,5.15233982449713,-6513.30838576199,13860.2860036054,TRUE,FALSE,TRUE
7,196712,"p","2020-01-25 08:32:00",447.7,TRUE,447.616666666667,0.0833333333329733,FALSE,TRUE,492.510442278017,1.64170147426715,5.91012530736174,5.28493017417734,-6801.90202427515,14261.5394460231,TRUE,FALSE,TRUE
7,196712,"p","2020-01-25 08:37:00",447.783333333333,TRUE,447.7,0.0833333333330302,FALSE,TRUE,492.510716085691,1.64170238695827,5.91012859304979,5.41752061849852,-7090.4956627881,14662.7928884345,TRUE,FALSE,TRUE
7,196712,"p","2020-01-25 08:42:00",447.866666666667,TRUE,447.783333333333,0.0833333333339965,FALSE,TRUE,492.510990655063,1.64170330217048,5.91013188781373,5.55011115770771,-7379.089301301,15064.0463308476,TRUE,FALSE,TRUE
7,196712,"p","2020-01-25 08:47:00",447.95,TRUE,447.866666666667,0.0833333333329733,FALSE,TRUE,492.511266005724,1.64170422002617,5.91013519209422,5.68270179206846,-7667.68293981416,15465.2997732702,TRUE,FALSE,TRUE
7,196712,"p","2020-01-25 08:52:00",448.033333333333,TRUE,447.95,0.0833333333330302,FALSE,TRUE,492.511542115451,1.64170514039081,5.91013850540691,5.81529252183075,-7956.27657832725,15866.5532156836,TRUE,FALSE,TRUE
7,196712,"o","2020-01-25 08:54:00",448.066666666667,TRUE,448.033333333333,0.0333333333339851,FALSE,TRUE,200.982742674212,1.67485618891901,6.02948228010845,5.95119835980803,-8074.30818453919,16030.1066656997,TRUE,FALSE,TRUE
7,196712,"p","2020-01-25 08:57:00",448.116666666667,TRUE,448.066666666667,0.0500000000000114,FALSE,TRUE,735.014867338757,4.08341592965883,14.7002973467718,6.32796017521976,-8533.53137879215,16607.4225937698,TRUE,FALSE,TRUE
7,196712,"p","2020-01-25 09:02:00",448.2,TRUE,448.116666666667,0.0833333333329733,FALSE,TRUE,1231.67404615035,4.10558015385225,14.7800885538681,6.7069384164104,-9303.22695389125,17574.7025956536,TRUE,FALSE,TRUE
7,196712,"p","2020-01-25 09:07:00",448.283333333333,TRUE,448.2,0.0833333333330302,FALSE,TRUE,1231.67574126131,4.10558580421929,14.7801088951894,7.08591722599446,-10072.922528991,18541.9825975332,TRUE,FALSE,TRUE
7,196712,"p","2020-01-25 09:12:00",448.366666666667,TRUE,448.283333333333,0.0833333333339965,FALSE,TRUE,1231.67744836756,4.10559149452586,14.7801293802931,7.4648966079633,-10842.6181040631,19509.2625993742,TRUE,FALSE,TRUE
7,196712,"o","2020-01-25 09:13:00",448.383333333333,TRUE,448.366666666667,0.0166666666659694,FALSE,TRUE,241.190238942351,4.01983731587403,14.4714143371465,7.83530057542146,-10993.4713920491,19698.574846525,TRUE,FALSE,TRUE
7,196712,"p","2020-01-25 09:17:00",448.45,TRUE,448.383333333333,0.0666666666670039,FALSE,TRUE,228.368993693049,0.951537473716225,3.42553490537841,7.89887456201578,-11154.4845133366,19861.7540665337,TRUE,FALSE,TRUE
7,196712,"p","2020-01-25 09:22:00",448.533333333333,TRUE,448.45,0.0833333333330302,FALSE,TRUE,279.089232915871,0.930297443056288,3.34907079500264,7.96247509654132,-11351.8936311196,20060.5483999547,TRUE,FALSE,TRUE
7,196712,"p","2020-01-25 09:27:00",448.616666666667,TRUE,448.533333333333,0.0833333333339965,FALSE,TRUE,279.089314128504,0.930297713754277,3.3490717695154,7.65625423673579,-11549.3027489027,20259.3427333823,TRUE,FALSE,TRUE
7,196712,"p","2020-01-25 09:32:00",448.7,TRUE,448.616666666667,0.0833333333329733,FALSE,TRUE,279.089395475133,0.930297984921131,3.34907274571607,7.3477107772398,-11746.7118666859,20458.1370668117,TRUE,FALSE,TRUE
7,196712,"p","2020-01-25 09:37:00",448.783333333333,TRUE,448.7,0.0833333333330302,FALSE,TRUE,279.089476965834,0.930298256556164,3.34907372360219,7.03916671684901,-11944.1209844691,20656.9314002385,TRUE,FALSE,TRUE
7,196712,"o","2020-01-25 09:41:00",448.85,TRUE,448.783333333333,0.0666666666670039,FALSE,TRUE,219.811029249407,0.915879288534564,3.29716543872443,6.72918012788837,-12100.1660247546,20812.9403925044,TRUE,FALSE,TRUE
7,196712,"p","2020-01-25 09:42:00",448.866666666667,TRUE,448.85,0.0166666666669926,FALSE,TRUE,74.8340985657299,1.24723497607111,4.490045913856,6.45981572872789,-12071.7148845775,20743.4699056031,TRUE,FALSE,TRUE
7,196712,"p","2020-01-25 09:47:00",448.95,TRUE,448.866666666667,0.0833333333329733,FALSE,TRUE,391.692530838671,1.30564176946788,4.70031037008436,6.36347614126472,-11920.0479140877,20380.9850988294,TRUE,FALSE,TRUE
7,196712,"p","2020-01-25 09:52:00",449.033333333333,TRUE,448.95,0.0833333333330302,FALSE,TRUE,391.692328553236,1.3056410951822,4.70030794265594,6.26708045683569,-11768.3809435812,20018.5002920256,TRUE,FALSE,TRUE
7,196712,"p","2020-01-25 09:57:00",449.116666666667,TRUE,449.033333333333,0.0833333333339965,FALSE,TRUE,391.692126597747,1.3056404219821,4.70030551913556,6.17068457368054,-11616.7139730837,19656.0154852411,TRUE,FALSE,TRUE
7,196712,"o","2020-01-25 09:58:00",449.133333333333,TRUE,449.116666666667,0.0166666666659694,FALSE,TRUE,76.0973687002066,1.26828947838984,4.56584212220341,6.07055346407999,-11587.3905452016,19585.533338133,TRUE,FALSE,TRUE
7,196712,"p","2020-01-25 10:02:00",449.2,TRUE,449.133333333333,0.0666666666670039,FALSE,TRUE,28.2265358878642,0.117610566198839,0.423398038315821,5.85535433048758,-11614.8907839987,19592.4588803748,TRUE,FALSE,TRUE
7,196712,"p","2020-01-25 10:07:00",449.283333333333,TRUE,449.2,0.0833333333330302,FALSE,TRUE,37.1767351296141,0.123922450432498,0.446120821556992,5.640786251875,-11650.5285402805,19603.6343260093,TRUE,FALSE,TRUE
7,196712,"p","2020-01-25 10:12:00",449.366666666667,TRUE,449.283333333333,0.0833333333339965,FALSE,TRUE,37.1767358055308,0.123922452684116,0.446120829662819,5.43081861695051,-11686.1662965619,19614.8097716441,TRUE,FALSE,TRUE
7,196712,"p","2020-01-25 10:17:00",449.45,TRUE,449.366666666667,0.0833333333329733,FALSE,TRUE,37.1767364824847,0.123922454942151,0.446120837791743,5.38532654044738,-11721.8040528438,19625.9852172829,TRUE,FALSE,TRUE
7,196712,"p","2020-01-25 10:22:00",449.533333333333,TRUE,449.45,0.0833333333330302,FALSE,TRUE,37.1767371605029,0.123922457202127,0.446120845927658,5.34097041642568,-11757.4418091254,19637.1606629137,TRUE,FALSE,TRUE
7,196712,"p","2020-01-25 10:27:00",449.616666666667,TRUE,449.533333333333,0.0833333333339965,FALSE,TRUE,37.1767378373105,0.123922459456715,0.446120854044176,5.29661428549332,-11793.0795654069,19648.3361085535,TRUE,FALSE,TRUE
7,196712,"p","2020-01-25 10:32:00",449.7,TRUE,449.616666666667,0.0833333333329733,FALSE,TRUE,37.1767385152925,0.123922461718177,0.446120862185438,5.25225814764011,-11828.7173216884,19659.5115541864,TRUE,FALSE,TRUE
7,196712,"p","2020-01-25 10:37:00",449.783333333333,TRUE,449.7,0.0833333333330302,FALSE,TRUE,37.1767391939526,0.123922463980293,0.446120870329054,5.20790200285403,-11864.3550779702,19670.6869998222,TRUE,FALSE,TRUE
7,196712,"p","2020-01-25 10:42:00",449.866666666667,TRUE,449.783333333333,0.0833333333339965,FALSE,TRUE,37.1767398723941,0.123922466240328,0.446120878465179,5.16268760046489,-11899.9928342516,19681.8624454637,TRUE,FALSE,TRUE
7,196712,"p","2020-01-25 10:47:00",449.95,TRUE,449.866666666667,0.0833333333329733,FALSE,TRUE,37.1767405512651,0.123922468504752,0.446120886617109,5.01241488353238,-11935.6305905332,19693.0378910891,TRUE,FALSE,TRUE
7,196712,"p","2020-01-25 10:52:00",450.033333333333,TRUE,449.95,0.0833333333330302,FALSE,TRUE,37.1767412307033,0.123922470769462,0.446120894770063,4.86063734569395,-11971.2683468148,19704.2133367264,TRUE,FALSE,TRUE
7,196712,"p","2020-01-25 10:57:00",450.116666666667,TRUE,450.033333333333,0.0833333333339965,FALSE,TRUE,37.1767419106396,0.123922473034479,0.446120902924125,4.7088597178375,-12006.9061030966,19715.3887823631,TRUE,FALSE,TRUE
7,196712,"p","2020-01-25 11:02:00",450.2,TRUE,450.116666666667,0.0833333333329733,FALSE,TRUE,37.1767425905359,0.123922475302322,0.446120911088358,4.55708199970875,-12042.543859378,19726.5642279978,TRUE,FALSE,TRUE
7,196712,"p","2020-01-25 11:07:00",450.283333333333,TRUE,450.2,0.0833333333330302,FALSE,TRUE,37.1767432708611,0.123922477569988,0.446120919251956,4.40530419105302,-12078.1816156598,19737.7396736407,TRUE,FALSE,TRUE
7,196712,"p","2020-01-25 11:12:00",450.366666666667,TRUE,450.283333333333,0.0833333333339965,FALSE,TRUE,37.1767439513253,0.123922479836765,0.446120927412353,4.25352629160998,-12113.8193719415,19748.915119275,TRUE,FALSE,TRUE
7,196712,"p","2020-01-25 11:17:00",450.45,TRUE,450.366666666667,0.0833333333329733,FALSE,TRUE,37.1767446327834,0.123922482109813,0.446120935595328,4.10174830112513,-12149.457128223,19760.0905649056,TRUE,FALSE,TRUE
7,196712,"p","2020-01-25 11:22:00",450.533333333333,TRUE,450.45,0.0833333333330302,FALSE,TRUE,37.1767453126011,0.123922484375788,0.446120943752836,3.94997021934566,-12185.0948845045,19771.2660105375,TRUE,FALSE,TRUE
7,196712,"p","2020-01-25 11:27:00",450.616666666667,TRUE,450.533333333333,0.0833333333339965,FALSE,TRUE,37.1767459950536,0.123922486649192,0.446120951937093,3.79819204600797,-12220.7326407862,19782.4414561694,TRUE,FALSE,TRUE
7,196712,"p","2020-01-25 11:32:00",450.7,TRUE,450.616666666667,0.0833333333329733,FALSE,TRUE,37.176746677217,0.123922488924592,0.446120960128531,3.64641378086135,-12256.3703970677,19793.6169018074,TRUE,FALSE,TRUE
7,196712,"p","2020-01-25 11:37:00",450.783333333333,TRUE,450.7,0.0833333333330302,FALSE,TRUE,37.1767473596289,0.123922491199214,0.446120968317169,3.49132041108937,-12292.0081533495,19804.7923474483,TRUE,FALSE,TRUE
7,196712,"p","2020-01-25 11:42:00",450.866666666667,TRUE,450.783333333333,0.0833333333339965,FALSE,TRUE,37.1767480419995,0.123922493472346,0.446120976500444,3.09537106747072,-12327.6459096311,19815.9677930872,TRUE,FALSE,TRUE
7,196712,"p","2020-01-25 11:47:00",450.95,TRUE,450.866666666667,0.0833333333329733,FALSE,TRUE,37.1767487254736,0.123922495752114,0.44612098470761,2.6972053016607,-12363.2836659128,19827.1432387143,TRUE,FALSE,TRUE
7,196712,"p","2020-01-25 11:52:00",451.033333333333,TRUE,450.95,0.0833333333330302,FALSE,TRUE,37.1767494086577,0.12392249802931,0.446120992905516,2.2990389710417,-12398.9214221945,19838.3186843493,TRUE,FALSE,TRUE
7,196712,"p","2020-01-25 11:57:00",451.116666666667,TRUE,451.033333333333,0.0833333333339965,FALSE,TRUE,37.1767500915518,0.123922500304187,0.446121001095072,1.90087207161954,-12434.5591784759,19849.4941299919,TRUE,FALSE,TRUE
7,196712,"p","2020-01-25 12:02:00",451.2,TRUE,451.116666666667,0.0833333333329733,FALSE,TRUE,37.1767507765834,0.123922502589147,0.446121009320928,1.51128059029105,-12470.1969347576,19860.6695756206,TRUE,FALSE,TRUE
7,196712,"p","2020-01-25 12:07:00",451.283333333333,TRUE,451.2,0.0833333333330302,FALSE,TRUE,37.176751460897,0.123922504870107,0.446121017532387,1.42851909340644,-12505.8346910393,19871.8450212619,TRUE,FALSE,TRUE
7,196712,"p","2020-01-25 12:12:00",451.366666666667,TRUE,451.283333333333,0.0833333333339965,FALSE,TRUE,37.17675214492,0.123922507148747,0.446121025735489,1.34788159981568,-12541.4724473207,19883.0204668975,TRUE,FALSE,TRUE
7,196712,"p","2020-01-25 12:17:00",451.45,TRUE,451.366666666667,0.0833333333329733,FALSE,TRUE,37.1767528302247,0.123922509434618,0.446121033964624,1.26724407938372,-12577.1102036025,19894.1959125322,TRUE,FALSE,TRUE
8,196712,"p","2020-01-26 11:22:00",474.533333333333,TRUE,474.45,0.0833333333330302,FALSE,TRUE,65.4106887477788,0.218035629160056,0.784928264976201,1.20451415131824,-21531.7931901752,24725.8883475704,TRUE,TRUE,TRUE
8,196712,"o","2020-01-26 11:23:00",474.55,TRUE,474.533333333333,0.0166666666669926,FALSE,TRUE,11.6147801344232,0.193579668903269,0.696886808051768,1.21147980821419,-21543.431459939,24726.7539173038,TRUE,FALSE,TRUE
8,196712,"p","2020-01-26 11:27:00",474.616666666667,TRUE,474.55,0.0666666666670039,FALSE,TRUE,372.028504597073,1.55011876914663,5.58042756892787,1.35409937487896,-21437.836547133,24368.8484799643,TRUE,FALSE,TRUE
8,196712,"p","2020-01-26 11:32:00",474.7,TRUE,474.616666666667,0.0833333333329733,FALSE,TRUE,468.422214467312,1.56140738156445,5.62106657363202,1.49784780252958,-21304.5163284866,23918.3159198505,TRUE,FALSE,TRUE
8,196712,"p","2020-01-26 11:37:00",474.783333333333,TRUE,474.7,0.0833333333330302,FALSE,TRUE,468.421907194998,1.56140635732234,5.62106288636043,1.64159612750021,-21171.196109799,23467.7833597782,TRUE,FALSE,TRUE
8,196712,"o","2020-01-26 11:38:00",474.8,TRUE,474.783333333333,0.0166666666669926,FALSE,TRUE,89.8501219911006,1.49750203315573,5.39100731936062,1.778954019798,-21139.8764381085,23383.2702454162,TRUE,FALSE,TRUE
8,196712,"p","2020-01-26 11:42:00",474.866666666667,TRUE,474.8,0.0666666666670039,FALSE,TRUE,914.51337416313,3.8104723923271,13.7177006123776,2.14760894775666,-20347.1429879076,23847.116037868,TRUE,FALSE,TRUE
8,196712,"p","2020-01-26 11:47:00",474.95,TRUE,474.866666666667,0.0833333333329733,FALSE,TRUE,1151.66872895359,3.83889576319522,13.8200247475028,2.51910621254636,-19350.4066401539,24433.9150255725,TRUE,FALSE,TRUE
8,196712,"p","2020-01-26 11:52:00",475.033333333333,TRUE,474.95,0.0833333333330302,FALSE,TRUE,1151.66954454384,3.83889848182677,13.8200345345764,2.89060374894242,-18353.6702923994,25020.7140132776,TRUE,FALSE,TRUE
8,196712,"p","2020-01-26 11:57:00",475.116666666667,TRUE,475.033333333333,0.0833333333339965,FALSE,TRUE,1151.67037005361,3.83890123348148,13.8200444405333,3.26210156024772,-17356.9339446457,25607.5130009717,TRUE,FALSE,TRUE
8,196712,"p","2020-01-26 12:02:00",475.2,TRUE,475.116666666667,0.0833333333329733,FALSE,TRUE,1151.67120548892,3.83890401831299,13.8200544659268,3.63359964977943,-16360.1975968919,26194.3119886793,TRUE,FALSE,TRUE
8,196712,"p","2020-01-26 12:07:00",475.283333333333,TRUE,475.2,0.0833333333330302,FALSE,TRUE,1151.67205085002,3.83890683618069,13.8200646102505,4.00509802084144,-15363.4612491376,26781.1109763833,TRUE,FALSE,TRUE
8,196712,"p","2020-01-26 12:12:00",475.366666666667,TRUE,475.283333333333,0.0833333333339965,FALSE,TRUE,1151.67290610634,3.83890968699059,13.8200748731661,4.37659667672741,-14366.7249014141,27367.9099640881,TRUE,FALSE,TRUE
8,196712,"o","2020-01-26 12:13:00",475.383333333333,TRUE,475.366666666667,0.0166666666659694,FALSE,TRUE,227.184136505493,3.78640227524997,13.6310481908999,4.74284459118253,-14170.7948319447,27484.8250577905,TRUE,FALSE,TRUE
8,196712,"p","2020-01-26 12:17:00",475.45,TRUE,475.383333333333,0.0666666666670039,FALSE,TRUE,497.697645180229,2.07374018824046,7.46546467766566,4.93782629667969,-13876.9819287393,27888.730404224,TRUE,FALSE,TRUE
8,196712,"p","2020-01-26 12:22:00",475.533333333333,TRUE,475.45,0.0833333333330302,FALSE,TRUE,619.184180542532,2.06394726848262,7.43021016653742,5.13182870994365,-13513.9872998717,28393.056207461,TRUE,FALSE,TRUE
8,196712,"p","2020-01-26 12:27:00",475.616666666667,TRUE,475.533333333333,0.0833333333339965,FALSE,TRUE,619.184611910492,2.06394870635188,7.43021534286677,5.32583126673729,-13150.9926710046,28897.3820107053,TRUE,FALSE,TRUE
8,196712,"p","2020-01-26 12:32:00",475.7,TRUE,475.616666666667,0.0833333333329733,FALSE,TRUE,619.185044810006,2.0639501493756,7.43022053775217,5.51983396757622,-12787.9980421372,29401.7078139398,TRUE,FALSE,TRUE
8,196712,"p","2020-01-26 12:37:00",475.783333333333,TRUE,475.7,0.0833333333330302,FALSE,TRUE,619.185479237191,2.06395159746481,7.43022575087332,5.71383681296641,-12425.0034132697,29906.0336171856,TRUE,FALSE,TRUE
8,196712,"p","2020-01-26 12:42:00",475.866666666667,TRUE,475.783333333333,0.0833333333339965,FALSE,TRUE,619.185915192855,2.06395305062643,7.43023098225513,5.90783980341538,-12062.0087844026,30410.359420428,TRUE,FALSE,TRUE
8,196712,"o","2020-01-26 12:44:00",475.9,TRUE,475.866666666667,0.033333333332962,FALSE,TRUE,246.355044227749,2.05295870192078,7.3906513269148,6.10074335873588,-11917.0607261573,30610.638510713,TRUE,FALSE,TRUE
8,196712,"p","2020-01-26 12:47:00",475.95,TRUE,475.9,0.0500000000000114,FALSE,TRUE,236.764597801079,1.31535887667236,4.7352919560205,6.21988693127406,-11726.8096192744,30753.2011538952,TRUE,FALSE,TRUE
8,196712,"p","2020-01-26 12:52:00",476.033333333333,TRUE,475.95,0.0833333333330302,FALSE,TRUE,392.83200414241,1.3094400138128,4.71398404972607,6.3384386172677,-11410.1407633062,30988.3868408572,TRUE,FALSE,TRUE
8,196712,"p","2020-01-26 12:57:00",476.116666666667,TRUE,476.033333333333,0.0833333333339965,FALSE,TRUE,392.832129952109,1.30944043316328,4.71398555938779,6.45699034493911,-11093.4719073376,31223.5725278208,TRUE,FALSE,TRUE
8,196712,"p","2020-01-26 13:02:00",476.2,TRUE,476.116666666667,0.0833333333329733,FALSE,TRUE,392.832256154814,1.30944085385504,4.71398707387814,6.57554211442086,-10776.8030513693,31458.7582147784,TRUE,FALSE,TRUE
8,196712,"p","2020-01-26 13:07:00",476.283333333333,TRUE,476.2,0.0833333333330302,FALSE,TRUE,392.83238275114,1.3094412758419,4.71398859303083,6.69425106985164,-10460.1341954008,31693.9439017489,TRUE,FALSE,TRUE
8,196712,"p","2020-01-26 13:12:00",476.366666666667,TRUE,476.283333333333,0.0833333333339965,FALSE,TRUE,392.832509739726,1.309441699122,4.7139901168392,6.71225547479694,-10143.4653394323,31929.1295887092,TRUE,FALSE,TRUE
8,196712,"p","2020-01-26 13:17:00",476.45,TRUE,476.366666666667,0.0833333333329733,FALSE,TRUE,392.832637121118,1.30944212374272,4.71399164547378,6.7270879935237,-9826.79648346406,32164.3152756656,TRUE,FALSE,TRUE
8,196712,"p","2020-01-26 13:22:00",476.533333333333,TRUE,476.45,0.0833333333330302,FALSE,TRUE,392.832764898686,1.30944254966705,4.71399317880139,6.74192050520352,-9510.1276274956,32399.5009626306,TRUE,FALSE,TRUE
8,196712,"p","2020-01-26 13:27:00",476.616666666667,TRUE,476.533333333333,0.0833333333339965,FALSE,TRUE,392.832893062971,1.30944297686615,4.71399471671814,6.75675300988078,-9193.45877152709,32634.6866495911,TRUE,FALSE,TRUE
8,196712,"p","2020-01-26 13:32:00",476.7,TRUE,476.616666666667,0.0833333333329733,FALSE,TRUE,392.833021626138,1.30944340542612,4.71399625953402,6.77158550760163,-8876.78991555866,32869.8723365571,TRUE,FALSE,TRUE
8,196712,"p","2020-01-26 13:37:00",476.783333333333,TRUE,476.7,0.0833333333330302,FALSE,TRUE,392.833150579334,1.30944383526921,4.71399780696915,6.78641799840184,-8560.12105959037,33105.0580235207,TRUE,FALSE,TRUE
8,196712,"p","2020-01-26 13:42:00",476.866666666667,TRUE,476.783333333333,0.0833333333339965,FALSE,TRUE,392.83327992563,1.30944426640835,4.71399935907005,6.8028648648763,-8243.45220362199,33340.2437104818,TRUE,FALSE,TRUE
8,196712,"p","2020-01-26 13:47:00",476.95,TRUE,476.866666666667,0.0833333333329733,FALSE,TRUE,392.833409665122,1.3094446988894,4.71400091600183,6.91235284349405,-7926.78334765362,33575.4293974407,TRUE,FALSE,TRUE
8,196712,"p","2020-01-26 13:52:00",477.033333333333,TRUE,476.95,0.0833333333330302,FALSE,TRUE,392.833539800193,1.30944513267207,4.71400247761947,7.02149379527326,-7610.11449168494,33810.6150844109,TRUE,FALSE,TRUE
8,196712,"p","2020-01-26 13:57:00",477.116666666667,TRUE,477.033333333333,0.0833333333339965,FALSE,TRUE,392.833670324596,1.30944556773823,4.71400404385764,7.13063478984265,-7293.44563571638,34045.8007713644,TRUE,FALSE,TRUE
8,196712,"p","2020-01-26 14:02:00",477.2,TRUE,477.116666666667,0.0833333333329733,FALSE,TRUE,392.8338012424,1.30944600414699,4.71400561492917,7.23977582734135,-6976.77677974808,34280.9864583361,TRUE,FALSE,TRUE
8,196712,"p","2020-01-26 14:07:00",477.283333333333,TRUE,477.2,0.0833333333330302,FALSE,TRUE,392.83393255362,1.30944644185016,4.71400719066058,7.35136250463603,-6660.10792377936,34516.1721452923,TRUE,FALSE,TRUE
8,196712,"p","2020-01-26 14:12:00",477.366666666667,TRUE,477.283333333333,0.0833333333339965,FALSE,TRUE,392.834064259126,1.30944688085333,4.714008771072,7.3272953158067,-6343.43906781113,34751.3578322603,TRUE,FALSE,TRUE
8,196712,"p","2020-01-26 14:17:00",477.45,TRUE,477.366666666667,0.0833333333329733,FALSE,TRUE,392.83419635717,1.30944732119622,4.71401035630641,7.30209930976988,-6026.77021184259,34986.5435192143,TRUE,FALSE,TRUE
8,196712,"p","2020-01-26 14:22:00",477.533333333333,TRUE,477.45,0.0833333333330302,FALSE,TRUE,392.834328846403,1.30944776282611,4.71401194617399,7.27690345032026,-5710.10135587406,35221.7292061821,TRUE,FALSE,TRUE
8,196712,"p","2020-01-26 14:27:00",477.616666666667,TRUE,477.533333333333,0.0833333333339965,FALSE,TRUE,392.834461732281,1.30944820576385,4.71401354074986,7.25809806758107,-5393.43249990575,35456.9148931469,TRUE,FALSE,TRUE
8,196712,"p","2020-01-26 14:32:00",477.7,TRUE,477.616666666667,0.0833333333329733,FALSE,TRUE,392.834595006403,1.309448650027,4.7140151400972,7.00799569335106,-5076.76364393721,35692.1005801067,TRUE,FALSE,TRUE
8,196712,"p","2020-01-26 14:37:00",477.783333333333,TRUE,477.7,0.0833333333330302,FALSE,TRUE,392.834728675304,1.30944909558911,4.71401674412079,6.75505102659045,-4760.09478796868,35927.2862670609,TRUE,FALSE,TRUE
8,196712,"p","2020-01-26 14:42:00",477.866666666667,TRUE,477.783333333333,0.0833333333339965,FALSE,TRUE,392.834862740233,1.30944954245702,4.71401835284528,6.50210613265348,-4443.42593200033,36162.4719540321,TRUE,FALSE,TRUE
8,196712,"p","2020-01-26 14:47:00",477.95,TRUE,477.866666666667,0.0833333333329733,FALSE,TRUE,392.834997194323,1.3094499906534,4.71401996635224,6.24916100837067,-4126.75707603181,36397.6576409956,TRUE,FALSE,TRUE
8,196712,"p","2020-01-26 14:52:00",478.033333333333,TRUE,477.95,0.0833333333330302,FALSE,TRUE,392.835132043271,1.309450440149,4.71402158453641,5.99621565055427,-3810.08822006349,36632.8433279596,TRUE,FALSE,TRUE
8,196712,"o","2020-01-26 14:54:00",478.066666666667,TRUE,478.033333333333,0.0333333333339851,FALSE,TRUE,155.794016926333,1.29828347436072,4.67382050769861,5.74215331437227,-3684.92655833865,36726.6835193824,TRUE,FALSE,TRUE
8,196712,"p","2020-01-26 14:57:00",478.116666666667,TRUE,478.066666666667,0.0500000000000114,FALSE,TRUE,117.411525831755,0.652286254620714,2.34823051663457,5.42349097113529,-3660.98451129348,36841.9816575791,TRUE,FALSE,TRUE
8,196712,"p","2020-01-26 15:02:00",478.2,TRUE,478.116666666667,0.0833333333329733,FALSE,TRUE,194.812470169713,0.649374900568515,2.33774964204665,5.10978823366714,-3623.59090065559,37033.7550823013,TRUE,FALSE,TRUE
8,196712,"p","2020-01-26 15:07:00",478.283333333333,TRUE,478.2,0.0833333333330302,FALSE,TRUE,194.812525990141,0.649375086636165,2.33775031189019,4.96735172350671,-3586.19729001742,37225.5285070372,TRUE,FALSE,TRUE
8,196712,"p","2020-01-26 15:12:00",478.366666666667,TRUE,478.283333333333,0.0833333333339965,FALSE,TRUE,194.812581857378,0.649375272852759,2.33775098226993,4.82589452394372,-3548.80367937954,37417.3019317603,TRUE,FALSE,TRUE
8,196712,"p","2020-01-26 15:17:00",478.45,TRUE,478.366666666667,0.0833333333329733,FALSE,TRUE,194.812637768771,0.649375459232043,2.33775165323536,4.68443719923174,-3511.41006874185,37609.075356486,TRUE,FALSE,TRUE
8,196712,"p","2020-01-26 15:22:00",478.533333333333,TRUE,478.45,0.0833333333330302,FALSE,TRUE,194.812693731338,0.649375645773488,2.33775232478456,4.54297974887153,-3474.01645810374,37800.8487812189,TRUE,FALSE,TRUE
8,196712,"p","2020-01-26 15:27:00",478.616666666667,TRUE,478.533333333333,0.0833333333339965,FALSE,TRUE,194.812749739288,0.649375832459126,2.33775299685285,4.40152217237096,-3436.62284746578,37992.6222059406,TRUE,FALSE,TRUE
8,196712,"p","2020-01-26 15:32:00",478.7,TRUE,478.616666666667,0.0833333333329733,FALSE,TRUE,194.812805796902,0.649376019325812,2.33775366957292,4.2600644692409,-3399.2292368279,38184.395630668,TRUE,FALSE,TRUE
8,196712,"p","2020-01-26 15:37:00",478.783333333333,TRUE,478.7,0.0833333333330302,FALSE,TRUE,194.812861900031,0.6493762063358,2.33775434280888,4.1197062196824,-3361.83562618988,38376.1690553932,TRUE,FALSE,TRUE
8,196712,"p","2020-01-26 15:42:00",478.866666666667,TRUE,478.783333333333,0.0833333333339965,FALSE,TRUE,194.812918048542,0.649376393489971,2.3377550165639,4.05310797136416,-3324.44201555214,38567.9424801219,TRUE,FALSE,TRUE
8,196712,"p","2020-01-26 15:47:00",478.95,TRUE,478.866666666667,0.0833333333329733,FALSE,TRUE,194.812974245399,0.649376580820802,2.33775569095489,3.98710162806496,-3287.04840491403,38759.7159048533,TRUE,FALSE,TRUE
8,196712,"p","2020-01-26 15:52:00",479.033333333333,TRUE,478.95,0.0833333333330302,FALSE,TRUE,194.813030493134,0.649376768312809,2.33775636592611,3.92109526157992,-3249.65479427611,38951.4893295763,TRUE,FALSE,TRUE
8,196712,"p","2020-01-26 15:57:00",479.116666666667,TRUE,479.033333333333,0.0833333333339965,FALSE,TRUE,194.813086783547,0.649376955939988,2.33775704138396,3.85508887178841,-3212.26118363826,39143.2627542985,TRUE,FALSE,TRUE
8,196712,"p","2020-01-26 16:02:00",479.2,TRUE,479.116666666667,0.0833333333329733,FALSE,TRUE,194.813143122195,0.649377143743455,2.33775771747644,3.78908245857857,-3174.86757300023,39335.0361790277,TRUE,FALSE,TRUE
8,196712,"p","2020-01-26 16:07:00",479.283333333333,TRUE,479.2,0.0833333333330302,FALSE,TRUE,194.813199513068,0.64937733171259,2.33775839416532,3.72307602183763,-3137.4739623626,39526.8096037584,TRUE,FALSE,TRUE
8,196712,"p","2020-01-26 16:12:00",479.366666666667,TRUE,479.283333333333,0.0833333333339965,FALSE,TRUE,194.813255945339,0.649377519812629,2.33775907132547,3.65706956144462,-3100.0803517245,39718.5830284904,TRUE,FALSE,TRUE
8,196712,"p","2020-01-26 16:17:00",479.45,TRUE,479.366666666667,0.0833333333329733,FALSE,TRUE,194.813312425661,0.649377708088343,2.33775974911803,3.59106307728675,-3062.68674108645,39910.3564532131,TRUE,FALSE,TRUE
8,196712,"p","2020-01-26 16:22:00",479.533333333333,TRUE,479.45,0.0833333333330302,FALSE,TRUE,194.813368955505,0.649377896520713,2.33776042747457,3.5250565692522,-3025.2931304485,40102.1298779481,TRUE,FALSE,TRUE
8,196712,"p","2020-01-26 16:27:00",479.616666666667,TRUE,479.533333333333,0.0833333333339965,FALSE,TRUE,194.813425529263,0.649378085092376,2.33776110633255,3.45905003721883,-2987.89951981091,40293.903302663,TRUE,FALSE,TRUE
8,196712,"o","2020-01-26 16:30:00",479.666666666667,TRUE,479.616666666667,0.0500000000000114,FALSE,TRUE,114.523923216723,0.636244017870539,2.29047846433394,3.39173005547896,-2966.37370361528,40406.7278159931,TRUE,FALSE,TRUE
8,196712,"p","2020-01-26 16:32:00",479.7,TRUE,479.666666666667,0.033333333332962,FALSE,TRUE,101.004042540288,0.841700354511779,3.0301212762424,3.34495566428931,-3018.03802593683,40319.5417818368,TRUE,FALSE,TRUE
8,196712,"p","2020-01-26 16:37:00",479.783333333333,TRUE,479.7,0.0833333333330302,FALSE,TRUE,258.46995097293,0.861566503246235,3.10163941168645,3.30016784472499,-3149.47470720908,40095.9778426719,TRUE,FALSE,TRUE
8,196712,"p","2020-01-26 16:42:00",479.866666666667,TRUE,479.783333333333,0.0833333333339965,FALSE,TRUE,258.469863920223,0.861566213060553,3.10163836701799,3.25537995276384,-3280.91138848131,39872.4139035069,TRUE,FALSE,TRUE
8,196712,"p","2020-01-26 16:47:00",479.95,TRUE,479.866666666667,0.0833333333329733,FALSE,TRUE,258.469776976345,0.861565923258205,3.10163732372954,3.21059198831583,-3412.34806975362,39648.8499643336,TRUE,FALSE,TRUE
8,196712,"p","2020-01-26 16:52:00",480.033333333333,TRUE,479.95,0.0833333333330302,FALSE,TRUE,258.469690144964,0.861565633819679,3.10163628175085,3.1658039512831,-3543.78475102581,39425.2860251647,TRUE,FALSE,TRUE
8,196712,"p","2020-01-26 16:57:00",480.116666666667,TRUE,480.033333333333,0.0833333333339965,FALSE,TRUE,258.469603425256,0.861565344743998,3.10163524107839,3.12101584157249,-3675.22143229816,39201.7220859884,TRUE,FALSE,TRUE
8,196712,"p","2020-01-26 17:02:00",480.2,TRUE,480.116666666667,0.0833333333329733,FALSE,TRUE,258.469516813487,0.861565056048677,3.10163420177524,3.07622765909202,-3806.65811357045,38978.158146827,TRUE,FALSE,TRUE
8,196712,"p","2020-01-26 17:07:00",480.283333333333,TRUE,480.2,0.0833333333330302,FALSE,TRUE,258.469430316044,0.861564767723281,3.10163316380381,3.03143940374473,-3938.09479484273,38754.5942076611,TRUE,FALSE,TRUE
8,196712,"p","2020-01-26 17:12:00",480.366666666667,TRUE,480.283333333333,0.0833333333339965,FALSE,TRUE,258.469343926948,0.861564479749636,3.10163212709869,2.98665107543708,-4069.53147611493,38531.0302684893,TRUE,FALSE,TRUE
8,196712,"p","2020-01-26 17:17:00",480.45,TRUE,480.366666666667,0.0833333333329733,FALSE,TRUE,258.46925765137,0.861564192174954,3.10163109182984,2.94186267407819,-4200.96815738727,38307.4663293205,TRUE,FALSE,TRUE
8,196712,"p","2020-01-26 17:22:00",480.533333333333,TRUE,480.45,0.0833333333330302,FALSE,TRUE,258.46917148679,0.861563904959102,3.10163005785277,2.8970741995714,-4332.40483865949,38083.9023901546,TRUE,FALSE,TRUE
8,196712,"p","2020-01-26 17:27:00",480.616666666667,TRUE,480.533333333333,0.0833333333339965,FALSE,TRUE,258.469085431171,0.861563618097046,3.10162902514937,2.85228565182219,-4463.84151993177,37860.3384509843,TRUE,FALSE,TRUE
8,196712,"p","2020-01-26 17:32:00",480.7,TRUE,480.616666666667,0.0833333333329733,FALSE,TRUE,258.468999486959,0.861563331626918,3.1016279938569,2.80749703073918,-4595.27820120399,37636.7745118108,TRUE,FALSE,TRUE
8,196712,"p","2020-01-26 17:37:00",480.783333333333,TRUE,480.7,0.0833333333330302,FALSE,TRUE,258.468913654455,0.861563045517984,3.10162696386474,2.76270833622564,-4726.71488247633,37413.2105726434,TRUE,FALSE,TRUE
8,196712,"p","2020-01-26 17:42:00",480.866666666667,TRUE,480.783333333333,0.0833333333339965,FALSE,TRUE,258.46882793114,0.86156275976361,3.101625935149,2.7179195681871,-4858.15156374846,37189.6466334727,TRUE,FALSE,TRUE
8,196712,"p","2020-01-26 17:47:00",480.95,TRUE,480.866666666667,0.0833333333329733,FALSE,TRUE,258.46874232116,0.861562474407588,3.10162490786731,2.67424746819179,-4989.58824502071,36966.082694305,TRUE,FALSE,TRUE
8,196712,"p","2020-01-26 17:52:00",481.033333333333,TRUE,480.95,0.0833333333330302,FALSE,TRUE,258.468656819655,0.861562189401985,3.10162388184715,2.69517506166992,-5121.02492629309,36742.5187551314,TRUE,FALSE,TRUE
8,196712,"p","2020-01-26 17:57:00",481.116666666667,TRUE,481.033333333333,0.0833333333339965,FALSE,TRUE,258.468571435259,0.861561904777341,3.10162285719843,2.7163937620908,-5252.46160756554,36518.9548159629,TRUE,FALSE,TRUE
8,196712,"p","2020-01-26 18:02:00",481.2,TRUE,481.116666666667,0.0833333333329733,FALSE,TRUE,258.468486153277,0.861561620514644,3.10162183385272,2.73761241547865,-5383.8982888375,36295.3908768046,TRUE,FALSE,TRUE
8,196712,"p","2020-01-26 18:07:00",481.283333333333,TRUE,481.2,0.0833333333330302,FALSE,TRUE,258.468400980519,0.861561336604864,3.10162081177751,2.75883102185386,-5515.33497010464,36071.8269376294,TRUE,FALSE,TRUE
8,196712,"o","2020-01-26 18:08:00",481.3,TRUE,481.283333333333,0.0166666666669926,FALSE,TRUE,50.9293214843961,0.848822024723338,3.05575928900402,2.77877567840299,-5541.00329738664,36027.6411928308,TRUE,FALSE,TRUE
8,196712,"p","2020-01-26 18:12:00",481.366666666667,TRUE,481.3,0.0666666666670039,FALSE,TRUE,101.841657295834,0.424340238730493,1.52762485942977,2.75627213769869,-5554.93229737577,35926.4578126406,TRUE,FALSE,TRUE
8,196712,"p","2020-01-26 18:17:00",481.45,TRUE,481.366666666667,0.0833333333329733,FALSE,TRUE,126.548222485976,0.42182740828841,1.51857866983828,2.73351729528161,-5571.56978613989,35800.6373911883,TRUE,FALSE,TRUE
8,196712,"p","2020-01-26 18:22:00",481.533333333333,TRUE,481.45,0.0833333333330302,FALSE,TRUE,126.548198827306,0.421827329425889,1.5185783859332,2.71076242629162,-5588.20727490403,35674.8169697327,TRUE,FALSE,TRUE
8,196712,"p","2020-01-26 18:27:00",481.616666666667,TRUE,481.533333333333,0.0833333333339965,FALSE,TRUE,126.548175170179,0.421827250563907,1.51857810203007,2.68800753071443,-5604.84476366532,35548.9965482903,TRUE,FALSE,TRUE
8,196712,"o","2020-01-26 18:28:00",481.633333333333,TRUE,481.616666666667,0.0166666666659694,FALSE,TRUE,24.3729639063652,0.406216065123082,1.46237783444309,2.66369149787774,-5607.82254510925,35524.734974307,TRUE,FALSE,TRUE
8,196712,"p","2020-01-26 18:32:00",481.7,TRUE,481.633333333333,0.0666666666670039,FALSE,TRUE,49.8731409395985,0.207804753913942,0.748097114090192,2.61953431518706,-5569.59654263047,35557.077195218,TRUE,FALSE,TRUE
8,196712,"p","2020-01-26 18:37:00",481.783333333333,TRUE,481.7,0.0833333333330302,FALSE,TRUE,63.4033144627775,0.211344381543361,0.760839773556098,2.57573107651011,-5521.37689414218,35598.6331092473,TRUE,FALSE,TRUE
8,196712,"p","2020-01-26 18:42:00",481.866666666667,TRUE,481.783333333333,0.0833333333339965,FALSE,TRUE,63.4033182785108,0.211344394260021,0.760839819336074,2.53192782034212,-5473.15724565366,35640.1890232624,TRUE,FALSE,TRUE
8,196712,"p","2020-01-26 18:47:00",481.95,TRUE,481.866666666667,0.0833333333329733,FALSE,TRUE,63.4033220976849,0.211344406993196,0.760839865175505,2.48812454666709,-5424.93759716547,35681.7449372904,TRUE,FALSE,TRUE
8,196712,"p","2020-01-26 18:52:00",482.033333333333,TRUE,481.95,0.0833333333330302,FALSE,TRUE,63.403325920236,0.211344419734889,0.7608399110456,2.44432125546932,-5376.71794867701,35723.3008513101,TRUE,FALSE,TRUE
8,196712,"p","2020-01-26 18:57:00",482.116666666667,TRUE,482.033333333333,0.0833333333339965,FALSE,TRUE,63.4033297426822,0.211344432473926,0.760839956906132,2.40051794673545,-5328.49830018862,35764.8567653284,TRUE,FALSE,TRUE
8,196712,"p","2020-01-26 19:02:00",482.2,TRUE,482.116666666667,0.0833333333329733,FALSE,TRUE,63.4033335674392,0.21134444522571,0.760840002812557,2.35671462044919,-5280.27865169994,35806.4126793646,TRUE,FALSE,TRUE
8,196712,"p","2020-01-26 19:07:00",482.283333333333,TRUE,482.2,0.0833333333330302,FALSE,TRUE,63.4033373918037,0.211344457973448,0.760840048704412,2.31291127659446,-5232.05900321164,35847.9685933863,TRUE,FALSE,TRUE
8,196712,"p","2020-01-26 19:12:00",482.366666666667,TRUE,482.283333333333,0.0833333333339965,FALSE,TRUE,63.4033412195427,0.211344470730127,0.760840094628457,2.26910791515824,-5183.83935472316,35889.5245074114,TRUE,FALSE,TRUE
8,196712,"p","2020-01-26 19:17:00",482.45,TRUE,482.366666666667,0.0833333333329733,FALSE,TRUE,63.4033450480961,0.211344483494567,0.760840140580441,2.22661796172064,-5135.61970623483,35931.0804214295,TRUE,FALSE,TRUE
8,196712,"p","2020-01-26 19:22:00",482.533333333333,TRUE,482.45,0.0833333333330302,FALSE,TRUE,63.4033488808018,0.211344496270108,0.760840186572389,2.16358237589647,-5087.40005774627,35972.6363354586,TRUE,FALSE,TRUE
8,196712,"p","2020-01-26 19:27:00",482.616666666667,TRUE,482.533333333333,0.0833333333339965,FALSE,TRUE,63.4033527103463,0.211344509032806,0.760840232518101,2.09856017647513,-5039.18040925819,36014.192249476,TRUE,FALSE,TRUE
8,196712,"p","2020-01-26 19:32:00",482.7,TRUE,482.616666666667,0.0833333333329733,FALSE,TRUE,63.4033565473803,0.211344521825514,0.76084027857185,2.03353800735162,-4990.96076076945,36055.7481635103,TRUE,FALSE,TRUE
8,196712,"p","2020-01-26 19:37:00",482.783333333333,TRUE,482.7,0.0833333333330302,FALSE,TRUE,63.4033603818876,0.211344534607061,0.76084032458542,1.96851586848651,-4942.74111228114,36097.3040775313,TRUE,FALSE,TRUE
8,196712,"p","2020-01-26 19:42:00",482.866666666667,TRUE,482.783333333333,0.0833333333339965,FALSE,TRUE,63.4033642188437,0.211344547394464,0.76084037062007,1.90349375984399,-4894.52146379266,36138.8599915461,TRUE,FALSE,TRUE
8,196712,"p","2020-01-26 19:47:00",482.95,TRUE,482.866666666667,0.0833333333329733,FALSE,TRUE,63.403368037166,0.2113445601248,0.760840416449279,1.83847168138207,-4846.30181531671,36180.4159055521,TRUE,FALSE,TRUE
8,196712,"o","2020-01-26 19:48:00",482.966666666667,TRUE,482.95,0.0166666666669926,FALSE,TRUE,10.3426115994781,0.172376859987931,0.620556695956551,1.76955286177599,-4838.03964136501,36186.7074237462,TRUE,FALSE,TRUE
8,196712,"p","2020-01-26 19:52:00",483.033333333333,TRUE,482.966666666667,0.0666666666660376,FALSE,TRUE,310.61176195573,1.29421567482776,4.65917642937992,1.81281795248644,-5003.0865542229,35922.3239928157,TRUE,FALSE,TRUE
8,196712,"p","2020-01-26 19:57:00",483.116666666667,TRUE,483.033333333333,0.0833333333339965,FALSE,TRUE,391.310124377028,1.30436708124638,4.69572149248696,1.85709821263612,-5211.12238996805,35589.3201233944,TRUE,FALSE,TRUE
8,196712,"o","2020-01-26 19:58:00",483.133333333333,TRUE,483.116666666667,0.0166666666659694,FALSE,TRUE,74.6554491140773,1.24425748528668,4.47932694703204,1.89536754194729,-5249.87665402104,35525.2157637783,TRUE,FALSE,TRUE
8,196712,"p","2020-01-26 20:02:00",483.2,TRUE,483.133333333333,0.0666666666670039,FALSE,TRUE,272.278293353184,1.13449288896586,4.08417440027709,1.92266044034796,-4995.88685227401,35626.6971117249,TRUE,FALSE,TRUE
8,196712,"p","2020-01-26 20:07:00",483.283333333333,TRUE,483.2,0.0833333333330302,FALSE,TRUE,344.802780995445,1.14934260332233,4.13763337196039,1.95143833887049,-4674.83347118245,35756.6693145298,TRUE,FALSE,TRUE
8,196712,"p","2020-01-26 20:12:00",483.366666666667,TRUE,483.283333333333,0.0833333333339965,FALSE,TRUE,342.48200898046,1.14160669659245,4.10978410773281,1.97944267536705,-4355.97517780732,35885.8505847568,TRUE,FALSE,TRUE
8,196712,"p","2020-01-26 20:17:00",483.45,TRUE,483.366666666667,0.0833333333329733,FALSE,TRUE,84.9408193937968,0.283136064647212,1.01928983272996,1.92159997727997,-4439.8198311169,35869.9301920965,TRUE,FALSE,TRUE
8,196712,"p","2020-01-26 20:22:00",483.533333333333,TRUE,483.45,0.0833333333330302,FALSE,TRUE,87.2350935510509,0.290783645171228,1.04682112261642,1.86452206582073,-4525.85957214237,35853.2188668692,TRUE,FALSE,TRUE
8,196712,"p","2020-01-26 20:27:00",483.616666666667,TRUE,483.533333333333,0.0833333333339965,FALSE,TRUE,87.2350915947867,0.290783638646975,1.04682109912911,1.80744418224467,-4611.89931316797,35836.5075416377,TRUE,FALSE,TRUE
8,196712,"p","2020-01-26 20:32:00",483.7,TRUE,483.616666666667,0.0833333333329733,FALSE,TRUE,87.2350896435226,0.290783632146332,1.04682107572679,1.7503663265191,-4697.93905419348,35819.7962164132,TRUE,FALSE,TRUE
8,196712,"p","2020-01-26 20:37:00",483.783333333333,TRUE,483.7,0.0833333333330302,FALSE,TRUE,87.235087696477,0.290783625655981,1.04682105236153,1.69328849860697,-4783.97879521919,35803.0848911858,TRUE,FALSE,TRUE
8,196712,"p","2020-01-26 20:42:00",483.866666666667,TRUE,483.783333333333,0.0833333333339965,FALSE,TRUE,87.2350857536337,0.290783619176465,1.04682102903527,1.63621069847315,-4870.01853624487,35786.3735659555,TRUE,FALSE,TRUE
8,196712,"p","2020-01-26 20:47:00",483.95,TRUE,483.866666666667,0.0833333333329733,FALSE,TRUE,87.2350838149963,0.29078361271791,1.04682100578448,1.57913292608445,-4956.05827727025,35769.662240726,TRUE,FALSE,TRUE
8,196712,"p","2020-01-26 20:52:00",484.033333333333,TRUE,483.95,0.0833333333330302,FALSE,TRUE,87.2350818804228,0.290783606269134,1.04682098256888,1.52332908423903,-5042.09801829607,35752.9509154959,TRUE,FALSE,TRUE
8,196712,"p","2020-01-26 20:57:00",484.116666666667,TRUE,484.033333333333,0.0833333333339965,FALSE,TRUE,87.2350799503933,0.29078359983233,1.04682095939639,1.50997342034922,-5128.13775932131,35736.2395902653,TRUE,FALSE,TRUE
8,196712,"p","2020-01-26 21:02:00",484.2,TRUE,484.116666666667,0.0833333333329733,FALSE,TRUE,86.2262626599472,0.287420875534399,1.03471515192384,1.49653276707382,-5213.29275049988,35720.2973552177,TRUE,FALSE,TRUE
8,196712,"p","2020-01-26 21:07:00",484.283333333333,TRUE,484.2,0.0833333333330302,FALSE,TRUE,146.526852206485,0.48842284069006,1.75832222648422,1.50319231820023,-5136.13469701592,35845.4496556466,TRUE,FALSE,TRUE
8,196712,"p","2020-01-26 21:12:00",484.366666666667,TRUE,484.283333333333,0.0833333333339965,FALSE,TRUE,147.641880696446,0.492139602317569,1.77170256834325,1.5102235533756,-5058.09189368489,35971.3710462473,TRUE,FALSE,TRUE
8,196712,"p","2020-01-26 21:17:00",484.45,TRUE,484.366666666667,0.0833333333329733,FALSE,TRUE,147.641908060755,0.492139693537975,1.77170289673671,1.51881591621709,-4980.04909035396,36097.2924368644,TRUE,FALSE,TRUE
8,196712,"p","2020-01-26 21:22:00",484.533333333333,TRUE,484.45,0.0833333333330302,FALSE,TRUE,147.641935451962,0.492139784841664,1.77170322542999,1.54724941930986,-4902.00628702297,36223.2138274651,TRUE,FALSE,TRUE
8,196712,"p","2020-01-26 21:27:00",484.616666666667,TRUE,484.533333333333,0.0833333333339965,FALSE,TRUE,147.64196285797,0.492139876189317,1.77170355428154,1.57532896877446,-4823.96348369198,36349.1352180751,TRUE,FALSE,TRUE
8,196712,"p","2020-01-26 21:32:00",484.7,TRUE,484.616666666667,0.0833333333329733,FALSE,TRUE,147.641990287191,0.492139967626097,1.77170388345395,1.60340852611106,-4745.92068036094,36475.0566086789,TRUE,FALSE,TRUE
8,196712,"p","2020-01-26 21:37:00",484.783333333333,TRUE,484.7,0.0833333333330302,FALSE,TRUE,147.642017738433,0.4921400591299,1.77170421286764,1.63148809132473,-4667.87787702981,36600.9779992962,TRUE,FALSE,TRUE
8,196712,"p","2020-01-26 21:42:00",484.866666666667,TRUE,484.783333333333,0.0833333333339965,FALSE,TRUE,147.642045206602,0.492140150684756,1.77170454246512,1.65956766441972,-4589.83507369899,36726.8993898917,TRUE,FALSE,TRUE
8,196712,"p","2020-01-26 21:47:00",484.95,TRUE,484.866666666667,0.0833333333329733,FALSE,TRUE,147.642072699408,0.492140242333486,1.77170487240055,1.68764724540568,-4511.79227036797,36852.8207805069,TRUE,FALSE,TRUE
8,196712,"o","2020-01-26 21:49:00",484.983333333333,TRUE,484.95,0.0333333333330188,FALSE,TRUE,57.6186365865607,0.480155304892537,1.72855909761313,1.71452833137236,-4482.27680927203,36902.5316791476,TRUE,FALSE,TRUE
8,196712,"p","2020-01-26 21:52:00",485.033333333333,TRUE,484.983333333333,0.0500000000000114,FALSE,TRUE,140.183114006976,0.778795077816355,2.80366228013888,1.77127339335665,-4623.09976225301,36905.5620742454,TRUE,FALSE,TRUE
8,196712,"o","2020-01-26 21:53:00",485.05,TRUE,485.033333333333,0.0166666666669926,FALSE,TRUE,46.8756342242601,0.781260570389057,2.81253805340061,1.82826500332254,-4670.20000234034,36905.7289502432,TRUE,FALSE,TRUE
8,196712,"p","2020-01-26 21:57:00",485.116666666667,TRUE,485.05,0.0666666666670039,FALSE,TRUE,156.705052908483,0.652937720448707,2.35057579361535,1.87242432701796,-4800.1131001124,36816.9313717559,TRUE,FALSE,TRUE
8,196712,"o","2020-01-26 22:00:00",485.166666666667,TRUE,485.116666666667,0.0500000000000114,FALSE,TRUE,113.9115105646,0.632841725358745,2.27823021129148,1.91457404992682,-4893.41270670081,36750.7571622707,TRUE,FALSE,TRUE
8,196712,"p","2020-01-26 22:02:00",485.2,TRUE,485.166666666667,0.033333333332962,FALSE,TRUE,215.430763498488,1.7952563625074,6.46292290502664,2.07296523527428,-4677.9313919003,36771.3253369116,TRUE,FALSE,TRUE
8,196712,"p","2020-01-26 22:07:00",485.283333333333,TRUE,485.2,0.0833333333330302,FALSE,TRUE,548.274294727027,1.82758098243007,6.57929153674826,2.23458888133474,-4129.65499615344,36824.975777933,TRUE,FALSE,TRUE
8,196712,"p","2020-01-26 22:12:00",485.366666666667,TRUE,485.283333333333,0.0833333333339965,FALSE,TRUE,548.274330777551,1.82758110257729,6.57929196927825,2.39621253813176,-3581.37860040707,36878.6262189615,TRUE,FALSE,TRUE
8,196712,"o","2020-01-26 22:15:00",485.416666666667,TRUE,485.366666666667,0.0500000000000114,FALSE,TRUE,327.638469739598,1.82021372077513,6.55276939479046,2.55709945546983,-3253.79484710215,36911.2511268556,TRUE,FALSE,TRUE
8,196712,"p","2020-01-26 22:17:00",485.45,TRUE,485.416666666667,0.033333333332962,FALSE,TRUE,129.040599063099,1.07533832553781,3.87121797193611,2.64349883201113,-3135.62875877235,36964.5196156479,TRUE,FALSE,TRUE
8,196712,"p","2020-01-26 22:22:00",485.533333333333,TRUE,485.45,0.0833333333330302,FALSE,TRUE,319.92267299653,1.06640890999231,3.83907207597233,2.73290203701157,-2843.66874830502,37098.7774458445,TRUE,FALSE,TRUE
8,196712,"p","2020-01-26 22:27:00",485.616666666667,TRUE,485.533333333333,0.0833333333339965,FALSE,TRUE,319.922735715582,1.06640911904345,3.83907282855643,2.71012138143314,-2551.70873783787,37233.0352760343,TRUE,FALSE,TRUE
8,196712,"p","2020-01-26 22:32:00",485.7,TRUE,485.616666666667,0.0833333333329733,FALSE,TRUE,319.922798645622,1.06640932882335,3.83907358376405,2.68632560619083,-2259.7487273707,37367.293106215,TRUE,FALSE,TRUE
8,196712,"p","2020-01-26 22:37:00",485.783333333333,TRUE,485.7,0.0833333333330302,FALSE,TRUE,319.922861787125,1.06640953929429,3.83907434145946,2.66854081159159,-1967.78871690143,37501.5509363978,TRUE,FALSE,TRUE
8,196712,"o","2020-01-26 22:38:00",485.8,TRUE,485.783333333333,0.0166666666669926,FALSE,TRUE,63.4954174413071,1.05825695733443,3.80972504640393,2.66091721842845,-1909.16700905055,37526.6808813596,TRUE,FALSE,TRUE
8,196712,"p","2020-01-26 22:42:00",485.866666666667,TRUE,485.8,0.0666666666670039,FALSE,TRUE,303.501661423237,1.26459025592376,4.55252492132552,2.67244198368859,-1641.7483791355,37380.3802123379,TRUE,FALSE,TRUE
8,196712,"p","2020-01-26 22:47:00",485.95,TRUE,485.866666666667,0.0833333333329733,FALSE,TRUE,380.663011079048,1.26887670360231,4.56795613296831,2.68516898438958,-1307.18795954258,37195.3523497054,TRUE,FALSE,TRUE
8,196712,"p","2020-01-26 22:52:00",486.033333333333,TRUE,485.95,0.0833333333330302,FALSE,TRUE,380.662904305984,1.26887634769123,4.56795485168843,2.78374301269398,-972.627539949365,37010.3244870711,TRUE,FALSE,TRUE
8,196712,"p","2020-01-26 22:57:00",486.116666666667,TRUE,486.033333333333,0.0833333333339965,FALSE,TRUE,380.662797890588,1.26887599295853,4.56795357465071,2.88155224747271,-638.067120356386,36825.2966244473,TRUE,FALSE,TRUE
8,196712,"p","2020-01-26 23:02:00",486.2,TRUE,486.116666666667,0.0833333333329733,FALSE,TRUE,380.662691835623,1.26887563945756,4.56795230204721,2.97936144755377,-303.506700763555,36640.2687618007,TRUE,FALSE,TRUE
8,196712,"p","2020-01-26 23:07:00",486.283333333333,TRUE,486.2,0.0833333333330302,FALSE,TRUE,380.662586137001,1.26887528712795,4.56795103366064,3.07717061305193,31.0537188298345,36455.2408991796,TRUE,FALSE,TRUE
8,196712,"o","2020-01-26 23:11:00",486.35,TRUE,486.283333333333,0.0666666666670039,FALSE,TRUE,303.7372715117,1.26557196462568,4.55605907265246,3.1746494469489,298.346042916028,36308.2192835993,TRUE,FALSE,TRUE
8,196712,"p","2020-01-26 23:12:00",486.366666666667,TRUE,486.35,0.0166666666669926,FALSE,TRUE,53.8123184899505,0.896871974814971,3.2287391093339,3.23525828251275,352.409211078214,36307.3293409689,TRUE,FALSE,TRUE
8,196712,"p","2020-01-26 23:17:00",486.45,TRUE,486.366666666667,0.0833333333329733,FALSE,TRUE,267.254020251724,0.890846734176263,3.20704824303455,3.29526459465859,620.944993966204,36307.8830003808,TRUE,FALSE,TRUE
8,196712,"p","2020-01-26 23:22:00",486.533333333333,TRUE,486.45,0.0833333333330302,FALSE,TRUE,267.254020758202,0.890846735863913,3.20704824911009,3.35527090761807,889.480776851047,36308.4366598175,TRUE,FALSE,TRUE
8,196712,"p","2020-01-26 23:27:00",486.616666666667,TRUE,486.533333333333,0.0833333333339965,FALSE,TRUE,267.254021392483,0.890846737967854,3.20704825668427,3.41527722143162,1158.0165597359,36308.9903192426,TRUE,FALSE,TRUE
8,196712,"o","2020-01-26 23:31:00",486.683333333333,TRUE,486.616666666667,0.0666666666659808,FALSE,TRUE,213.353812045955,0.88897421686729,3.20030718072224,3.47543255556491,1372.39177592689,36307.9973384681,TRUE,FALSE,TRUE
8,196712,"p","2020-01-26 23:32:00",486.7,TRUE,486.683333333333,0.0166666666669926,FALSE,TRUE,63.5623133868998,1.05937188976095,3.81373880313941,3.532527460472,1409.73477867372,36256.2842937414,TRUE,FALSE,TRUE
8,196712,"p","2020-01-26 23:37:00",486.783333333333,TRUE,486.7,0.0833333333330302,FALSE,TRUE,322.35618659501,1.07452062198728,3.8682742391542,3.59076556243897,1594.18274184697,35990.5395285642,TRUE,FALSE,TRUE
8,196712,"p","2020-01-26 23:42:00",486.866666666667,TRUE,486.783333333333,0.0833333333339965,FALSE,TRUE,322.356059366207,1.07452019787881,3.8682727123637,3.64900361287305,1778.63070501593,35724.7947633828,TRUE,FALSE,TRUE
8,196712,"p","2020-01-26 23:47:00",486.95,TRUE,486.866666666667,0.0833333333329733,FALSE,TRUE,322.355932347391,1.07451977449595,3.86827118818541,3.70724161183848,1963.07866818494,35459.0499982132,TRUE,FALSE,TRUE
8,196712,"p","2020-01-26 23:52:00",487.033333333333,TRUE,486.95,0.0833333333330302,FALSE,TRUE,321.739812208545,1.07246604069905,3.86087774651658,3.76527422828945,2147.49578778405,35194.0357091719,TRUE,FALSE,TRUE
8,196712,"p","2020-01-26 23:57:00",487.116666666667,TRUE,487.033333333333,0.0833333333339965,FALSE,TRUE,220.712333379682,0.735707777926418,2.64854800053511,3.78963100931948,2326.25445626032,35063.0319630792,TRUE,FALSE,TRUE
8,196712,"p","2020-01-27 00:02:00",487.2,TRUE,487.116666666667,0.0833333333329733,FALSE,TRUE,220.257189554216,0.734190631850558,2.64308627466201,3.81383606659155,2504.982281167,34932.7586931336,TRUE,FALSE,TRUE
8,196712,"p","2020-01-27 00:07:00",487.283333333333,TRUE,487.2,0.0833333333330302,FALSE,TRUE,220.257147548957,0.734190491832528,2.6430857705971,3.83804110070633,2683.71010607343,34802.4854231802,TRUE,FALSE,TRUE
8,196712,"p","2020-01-27 00:12:00",487.366666666667,TRUE,487.283333333333,0.0833333333339965,FALSE,TRUE,220.257105612318,0.734190352035217,2.64308526732678,3.8622461116765,2862.43793097974,34672.2121532345,TRUE,FALSE,TRUE
8,196712,"p","2020-01-27 00:17:00",487.45,TRUE,487.366666666667,0.0833333333329733,FALSE,TRUE,220.257063747765,0.734190212495723,2.6430847649846,3.88764960243682,3041.16575588614,34541.9388832856,TRUE,FALSE,TRUE
8,196712,"p","2020-01-27 00:22:00",487.533333333333,TRUE,487.45,0.0833333333330302,FALSE,TRUE,220.473337123734,0.734911123748454,2.64568004549443,3.88326120703003,3219.61041131121,34410.9130718015,TRUE,FALSE,TRUE
8,196712,"p","2020-01-27 00:27:00",487.616666666667,TRUE,487.533333333333,0.0833333333339965,FALSE,TRUE,296.379255420901,0.987930851395142,3.55655106502251,3.90392823513064,3346.10580576972,34141.8286775142,TRUE,FALSE,TRUE
8,196712,"p","2020-01-27 00:32:00",487.7,TRUE,487.616666666667,0.0833333333329733,FALSE,TRUE,296.939315330227,0.989797717771699,3.56327178397812,3.93761423486294,3472.31803074654,33871.9917416843,TRUE,FALSE,TRUE
8,196712,"p","2020-01-27 00:37:00",487.783333333333,TRUE,487.7,0.0833333333330302,FALSE,TRUE,296.939197686902,0.989797325626607,3.56327037225579,3.97330979488972,3598.530255724,33602.1548058587,TRUE,FALSE,TRUE
8,196712,"p","2020-01-27 00:42:00",487.866666666667,TRUE,487.783333333333,0.0833333333339965,FALSE,TRUE,296.93908020847,0.989796934020356,3.56326896247328,3.89276385204102,3724.74248070077,33332.317870027,TRUE,FALSE,TRUE
8,196712,"p","2020-01-27 00:47:00",487.95,TRUE,487.866666666667,0.0833333333329733,FALSE,TRUE,296.938962898844,0.989796543000423,3.56326755480152,3.80898540809805,3850.95470567817,33062.4809341944,TRUE,FALSE,TRUE
8,196712,"p","2020-01-27 00:52:00",488.033333333333,TRUE,487.95,0.0833333333330302,FALSE,TRUE,296.9388457573,0.989796152527934,3.56326614910056,3.72520691309312,3977.16693065522,32792.6439983609,TRUE,FALSE,TRUE
8,196712,"o","2020-01-27 00:55:00",488.083333333333,TRUE,488.033333333333,0.0499999999999545,FALSE,TRUE,178.40499479014,0.991138859946126,3.56809989580605,3.64229942701022,4053.81809161176,32630.9072583334,TRUE,FALSE,TRUE
8,196712,"p","2020-01-27 00:57:00",488.116666666667,TRUE,488.083333333333,0.033333333334042,FALSE,TRUE,151.471127046421,1.26225939202667,4.54413381129602,3.6609915336591,4171.91094063497,32535.0784521917,TRUE,FALSE,TRUE
8,196712,"p","2020-01-27 01:02:00",488.2,TRUE,488.116666666667,0.0833333333329733,FALSE,TRUE,380.205168999405,1.26735056333683,4.56246202801257,3.68108569899355,4469.45262813286,32295.9199904947,TRUE,FALSE,TRUE
8,196712,"o","2020-01-27 01:03:00",488.216666666667,TRUE,488.2,0.0166666666669926,FALSE,TRUE,78.2399914086844,1.30399985678591,4.69439948442927,3.7048447727678,4530.6035656765,32246.6082330806,TRUE,FALSE,TRUE
8,196712,"p","2020-01-27 01:07:00",488.283333333333,TRUE,488.216666666667,0.0666666666660376,FALSE,TRUE,628.467448122222,2.61861436720063,9.42701172192228,3.86006527660553,5010.69890465667,31837.1714634564,TRUE,FALSE,TRUE
8,196712,"o","2020-01-27 01:08:00",488.3,TRUE,488.283333333333,0.0166666666669926,FALSE,TRUE,150.836974594064,2.51394957651858,9.05021847546688,4.00481928032796,5125.75629498215,31738.7061986541,TRUE,FALSE,TRUE
8,196712,"p","2020-01-27 01:12:00",488.366666666667,TRUE,488.3,0.0666666666670039,FALSE,TRUE,377.620720606569,1.57341966918608,5.66431080906988,4.05633555151312,4815.09794777858,31956.146060875,TRUE,FALSE,TRUE
8,196712,"p","2020-01-27 01:17:00",488.45,TRUE,488.366666666667,0.0833333333329733,FALSE,TRUE,480.554564678562,1.60184854893546,5.76665477616766,4.09006138081429,4420.05364565658,32233.2758185445,TRUE,FALSE,TRUE
8,196712,"o","2020-01-27 01:20:00",488.5,TRUE,488.45,0.0500000000000114,FALSE,TRUE,283.255557404571,1.57364198558059,5.66511114809013,4.12053790901212,4186.96051031002,32396.2838066763,TRUE,FALSE,TRUE
8,196712,"p","2020-01-27 01:22:00",488.533333333333,TRUE,488.5,0.0333333333330188,FALSE,TRUE,181.939156597643,1.516159638328,5.45817469798079,4.1452662380758,4316.80247257977,32267.83847625,TRUE,FALSE,TRUE
8,196712,"p","2020-01-27 01:27:00",488.616666666667,TRUE,488.533333333333,0.0833333333339965,FALSE,TRUE,467.53801394203,1.55846004646103,5.61045616725971,4.17422464342605,4651.24099307053,31938.5504839648,TRUE,FALSE,TRUE
8,196712,"p","2020-01-27 01:32:00",488.7,TRUE,488.616666666667,0.0833333333329733,FALSE,TRUE,467.537792807446,1.55845930936489,5.61045351371359,4.20318301041678,4985.67951356124,31609.2624917043,TRUE,FALSE,TRUE
8,196712,"o","2020-01-27 01:35:00",488.75,TRUE,488.7,0.0500000000000114,FALSE,TRUE,276.981073841546,1.5387837435638,5.53962147682966,4.23017385606036,5181.38671990597,31411.7629049417,TRUE,FALSE,TRUE
8,196712,"p","2020-01-27 01:37:00",488.783333333333,TRUE,488.75,0.0333333333330188,FALSE,TRUE,260.337569025534,2.16947974189992,7.81012707083971,4.32056463378779,4952.47619243982,31285.4053014826,TRUE,FALSE,TRUE
8,196712,"p","2020-01-27 01:42:00",488.866666666667,TRUE,488.783333333333,0.0833333333339965,FALSE,TRUE,661.574059166229,2.20524686386988,7.93888870993157,4.45140212269328,4367.81010889987,30969.6943143227,TRUE,FALSE,TRUE
8,196712,"p","2020-01-27 01:47:00",488.95,TRUE,488.866666666667,0.0833333333329733,FALSE,TRUE,661.573743116626,2.20524581039828,7.93888491743381,4.58284203031548,3783.14402535993,30653.9833271714,TRUE,FALSE,TRUE
8,196712,"p","2020-01-27 01:52:00",489.033333333333,TRUE,488.95,0.0833333333330302,FALSE,TRUE,661.573428951074,2.20524476317827,7.93888114744176,4.71428183304692,3198.47794181957,30338.2723400135,TRUE,FALSE,TRUE
8,196712,"p","2020-01-27 01:57:00",489.116666666667,TRUE,489.033333333333,0.0833333333339965,FALSE,TRUE,661.573116626149,2.20524372206961,7.93887739945061,4.84572153145709,2613.8118583264,30022.5613528611,TRUE,FALSE,TRUE
8,196712,"o","2020-01-27 01:58:00",489.133333333333,TRUE,489.116666666667,0.0166666666659694,FALSE,TRUE,127.805182824476,2.13008638049705,7.66831096978936,4.96983274782007,2502.17235302972,29959.2165534638,TRUE,FALSE,TRUE
8,196712,"p","2020-01-27 02:02:00",489.2,TRUE,489.133333333333,0.0666666666670039,FALSE,TRUE,419.469475764738,1.74778948234423,6.29204213643924,5.0386745070784,2814.54801964294,29676.7912964725,TRUE,FALSE,TRUE
8,196712,"p","2020-01-27 02:07:00",489.283333333333,TRUE,489.2,0.0833333333330302,FALSE,TRUE,529.403814639376,1.76467938213767,6.35284577569562,5.10769038309344,3211.63474223212,29323.5064727939,TRUE,FALSE,TRUE
8,196712,"p","2020-01-27 02:12:00",489.366666666667,TRUE,489.283333333333,0.0833333333339965,FALSE,TRUE,529.40354776572,1.76467849253836,6.35284257313808,5.17670621255939,3608.72146482092,28970.2216491022,TRUE,FALSE,TRUE
8,196712,"p","2020-01-27 02:17:00",489.45,TRUE,489.366666666667,0.0833333333329733,FALSE,TRUE,529.403281852943,1.7646776061841,6.35283938226276,5.24572199572821,4005.80818740971,28616.9368254077,TRUE,FALSE,TRUE
8,196712,"p","2020-01-27 02:22:00",489.533333333333,TRUE,489.45,0.0833333333330302,FALSE,TRUE,529.403016900597,1.76467672300841,6.35283620283028,5.31494306395914,4402.8949099989,28263.6520017229,TRUE,FALSE,TRUE
8,196712,"p","2020-01-27 02:27:00",489.616666666667,TRUE,489.533333333333,0.0833333333339965,FALSE,TRUE,529.402752921149,1.76467584305645,6.35283303500323,5.41783987047215,4799.9816326164,27910.3671780427,TRUE,FALSE,TRUE
8,196712,"o","2020-01-27 02:28:00",489.633333333333,TRUE,489.616666666667,0.0166666666659694,FALSE,TRUE,107.506646511616,1.79177744193523,6.45039879096682,5.52359855148061,4882.63150050668,27840.9444172135,TRUE,FALSE,TRUE
8,196712,"p","2020-01-27 02:32:00",489.7,TRUE,489.633333333333,0.0666666666670039,FALSE,TRUE,796.595483451267,3.31914784769682,11.9489322517086,5.78209428706704,5676.66214417288,27740.1951930846,TRUE,FALSE,TRUE
8,196712,"p","2020-01-27 02:37:00",489.783333333333,TRUE,489.7,0.0833333333330302,FALSE,TRUE,994.96893355245,3.31656311185357,11.9396272026728,6.04033156304888,6668.59020825213,27615.6396678494,TRUE,FALSE,TRUE
8,196712,"p","2020-01-27 02:42:00",489.866666666667,TRUE,489.783333333333,0.0833333333339965,FALSE,TRUE,206.644397983972,0.688814659941092,2.47973277578793,6.03579400779341,6807.28174376992,27461.4100692298,TRUE,FALSE,TRUE
8,196712,"p","2020-01-27 02:47:00",489.95,TRUE,489.866666666667,0.0833333333329733,FALSE,TRUE,203.793964311256,0.67931321437379,2.44552757174564,6.03023421685595,6940.54303848459,27306.228791902,TRUE,FALSE,TRUE
8,196712,"p","2020-01-27 02:52:00",490.033333333333,TRUE,489.95,0.0833333333330302,FALSE,TRUE,299.392437010969,0.997974790040194,3.5927092441447,6.03123861072045,6930.82829288373,27006.1300123167,TRUE,FALSE,TRUE
8,196712,"p","2020-01-27 02:57:00",490.116666666667,TRUE,490.033333333333,0.0833333333339965,FALSE,TRUE,300.205543659626,1.00068514552412,3.60246652388684,6.03232735349569,6920.33420123582,26705.2413040147,TRUE,FALSE,TRUE
8,196712,"p","2020-01-27 03:02:00",490.2,TRUE,490.116666666667,0.0833333333329733,FALSE,TRUE,300.20541408184,1.00068471361046,3.60246496899764,6.03341609229408,6909.84010958748,26404.3525956997,TRUE,FALSE,TRUE
8,196712,"p","2020-01-27 03:07:00",490.283333333333,TRUE,490.2,0.0833333333330302,FALSE,TRUE,300.20528467839,1.00068428226494,3.60246341615378,6.03450482711854,6899.34601793949,26103.4638873923,TRUE,FALSE,TRUE
8,196712,"p","2020-01-27 03:12:00",490.366666666667,TRUE,490.283333333333,0.0833333333339965,FALSE,TRUE,300.205155446493,1.00068385148035,3.60246186532925,6.03559355796653,6888.85192629134,25802.5751790763,TRUE,FALSE,TRUE
8,196712,"p","2020-01-27 03:17:00",490.45,TRUE,490.366666666667,0.0833333333329733,FALSE,TRUE,300.205026384723,1.00068342128673,3.60246031663224,6.03668228484241,6878.35783464312,25501.6864707705,TRUE,FALSE,TRUE
8,196712,"p","2020-01-27 03:22:00",490.533333333333,TRUE,490.45,0.0833333333330302,FALSE,TRUE,300.204897498726,1.00068299166606,3.60245876999782,6.0376366980144,6867.86374299497,25200.7977624561,TRUE,FALSE,TRUE
8,196712,"p","2020-01-27 03:27:00",490.616666666667,TRUE,490.533333333333,0.0833333333339965,FALSE,TRUE,300.204768788512,1.00068256262041,3.60245722543348,6.01147901507378,6857.36965134684,24899.909054145,TRUE,FALSE,TRUE
8,196712,"p","2020-01-27 03:32:00",490.7,TRUE,490.616666666667,0.0833333333329733,FALSE,TRUE,300.204640247025,1.00068213416107,3.60245568297986,5.9848121721562,6846.87555969858,24599.0203458379,TRUE,FALSE,TRUE
8,196712,"p","2020-01-27 03:37:00",490.783333333333,TRUE,490.7,0.0833333333330302,FALSE,TRUE,300.204511878486,1.00068170626526,3.60245414255494,5.95448035710414,6836.38146805056,24298.1316375254,TRUE,FALSE,TRUE
8,196712,"o","2020-01-27 03:41:00",490.85,TRUE,490.783333333333,0.0666666666670039,FALSE,TRUE,239.217358135995,0.996738992228271,3.58826037202178,5.7922928196069,6824.55934187569,24058.5141339593,TRUE,FALSE,TRUE
8,196712,"p","2020-01-27 03:42:00",490.866666666667,TRUE,490.85,0.0166666666669926,FALSE,TRUE,126.86960843493,2.11449347387416,7.61217650594697,5.75234720934246,6698.78099988987,24037.8008801201,TRUE,FALSE,TRUE
8,196712,"p","2020-01-27 03:47:00",490.95,TRUE,490.866666666667,0.0833333333329733,FALSE,TRUE,650.336464271513,2.16778821424774,7.80403757129187,5.81178406384863,6052.75502585967,23939.7019262898,TRUE,FALSE,TRUE
8,196712,"p","2020-01-27 03:52:00",491.033333333333,TRUE,490.95,0.0833333333330302,FALSE,TRUE,650.33635750315,2.16778785835172,7.80403629006619,5.86837799479025,5406.72905179876,23841.6029724599,TRUE,FALSE,TRUE
8,196712,"p","2020-01-27 03:57:00",491.116666666667,TRUE,491.033333333333,0.0833333333339965,FALSE,TRUE,650.336252501313,2.16778750832046,7.80403502995365,5.92779254706424,4760.70307773829,23743.5040186323,TRUE,FALSE,TRUE
8,196712,"p","2020-01-27 04:02:00",491.2,TRUE,491.116666666667,0.0833333333329733,FALSE,TRUE,650.336149295435,2.16778716432748,7.80403379157893,5.99295529966419,4114.67710367779,23645.4050648109,TRUE,FALSE,TRUE
8,196712,"p","2020-01-27 04:07:00",491.283333333333,TRUE,491.2,0.0833333333330302,FALSE,TRUE,650.336047887532,2.16778682629966,7.80403257467878,6.05388797764805,3468.65112961689,23547.3061109846,TRUE,FALSE,TRUE
8,196712,"p","2020-01-27 04:12:00",491.366666666667,TRUE,491.283333333333,0.0833333333339965,FALSE,TRUE,650.335948272294,2.16778649422373,7.80403137920542,6.11482069613393,2822.62515555656,23449.2071571608,TRUE,FALSE,TRUE
8,196712,"o","2020-01-27 04:15:00",491.416666666667,TRUE,491.366666666667,0.0500000000000114,FALSE,TRUE,386.979466259521,2.14988592366352,7.73958932518866,6.17593091414391,2438.619559708,23388.2092207539,TRUE,FALSE,TRUE
8,196712,"p","2020-01-27 04:17:00",491.45,TRUE,491.416666666667,0.033333333332962,FALSE,TRUE,195.266202664983,1.62721835555966,5.85798608001477,6.12170477550988,2444.39741375584,23192.4640206557,TRUE,FALSE,TRUE
8,196712,"p","2020-01-27 04:22:00",491.533333333333,TRUE,491.45,0.0833333333330302,FALSE,TRUE,493.83723329459,1.64612411098796,5.92604679955664,6.06579250022169,2467.86702034621,22697.7546101342,TRUE,FALSE,TRUE
8,196712,"o","2020-01-27 04:24:00",491.566666666667,TRUE,491.533333333333,0.0333333333339851,FALSE,TRUE,195.472661178008,1.62893884311822,5.86417983522557,6.00816180349368,2477.61903122036,22501.9590110871,TRUE,FALSE,TRUE
8,196712,"p","2020-01-27 04:27:00",491.616666666667,TRUE,491.566666666667,0.0500000000000114,FALSE,TRUE,85.5456634771772,0.47525368598421,1.71091326954315,5.83516269577428,2531.85903083277,22435.4033877936,TRUE,FALSE,TRUE
8,196712,"p","2020-01-27 04:32:00",491.7,TRUE,491.616666666667,0.0833333333329733,FALSE,TRUE,140.290323123998,0.467634410415348,1.68348387749525,5.66140176460885,2622.86597725036,22327.9576242565,TRUE,FALSE,TRUE
8,196712,"o","2020-01-27 04:36:00",491.766666666667,TRUE,491.7,0.0666666666670039,FALSE,TRUE,112.807156010099,0.470029816706367,1.69210734014292,5.49539610822978,2699.7134618861,22244.7946322791,TRUE,FALSE,TRUE
8,196712,"p","2020-01-27 04:37:00",491.783333333333,TRUE,491.766666666667,0.0166666666660262,FALSE,TRUE,181.448039134404,3.02413398568961,10.8868823484826,5.62303055856432,2863.79320924812,22324.1307745852,TRUE,FALSE,TRUE
8,196712,"p","2020-01-27 04:42:00",491.866666666667,TRUE,491.783333333333,0.0833333333339965,FALSE,TRUE,931.421256206907,3.10473752066498,11.1770550743939,5.75703637241705,3704.40158334906,22734.7795802721,TRUE,FALSE,TRUE
8,196712,"p","2020-01-27 04:47:00",491.95,TRUE,491.866666666667,0.0833333333329733,FALSE,TRUE,931.421813653612,3.10473937885878,11.1770617638916,5.89104246104909,4545.00995748627,23145.4283860008,TRUE,FALSE,TRUE
8,196712,"p","2020-01-27 04:52:00",492.033333333333,TRUE,491.95,0.0833333333330302,FALSE,TRUE,931.422376311842,3.1047412543841,11.1770685157828,6.02504882586909,5385.61833162382,23556.0771917228,TRUE,FALSE,TRUE
8,196712,"p","2020-01-27 04:57:00",492.116666666667,TRUE,492.033333333333,0.0833333333339965,FALSE,TRUE,931.422944225239,3.10474314739276,11.1770753306139,6.15905546830753,6226.22670576075,23966.7259974386,TRUE,FALSE,TRUE
8,196712,"p","2020-01-27 05:02:00",492.2,TRUE,492.116666666667,0.0833333333329733,FALSE,TRUE,931.423517398077,3.104745058007,11.1770822088252,6.29306238980258,7066.83507989745,24377.3748031576,TRUE,FALSE,TRUE
8,196712,"p","2020-01-27 05:07:00",492.283333333333,TRUE,492.2,0.0833333333330302,FALSE,TRUE,931.424095826688,3.10474698610026,11.1770891499609,6.42435934421909,7907.44345403514,24788.0236088897,TRUE,FALSE,TRUE
8,196712,"p","2020-01-27 05:12:00",492.366666666667,TRUE,492.283333333333,0.0833333333339965,FALSE,TRUE,931.424679511545,3.10474893168044,11.1770961540496,6.40291945261745,8748.05182817207,25198.6724146023,TRUE,FALSE,TRUE
8,196712,"p","2020-01-27 05:17:00",492.45,TRUE,492.366666666667,0.0833333333329733,FALSE,TRUE,927.148603615484,3.0904953453983,11.1257832434339,6.38031267597192,9584.86377932786,25607.3067067498,TRUE,FALSE,TRUE
8,196712,"p","2020-01-27 05:22:00",492.533333333333,TRUE,492.45,0.0833333333330302,FALSE,TRUE,144.992011798356,0.483306705996278,1.7399041415866,6.35976188057744,9725.1975395767,25646.3655396264,TRUE,FALSE,TRUE
8,196712,"p","2020-01-27 05:27:00",492.616666666667,TRUE,492.533333333333,0.0833333333339965,FALSE,TRUE,140.816023373793,0.469386744575576,1.68979228047207,6.33876923359762,9861.73487684424,25683.4098589111,TRUE,FALSE,TRUE
8,196712,"p","2020-01-27 05:32:00",492.7,TRUE,492.616666666667,0.0833333333329733,FALSE,TRUE,140.816032045299,0.469386773486356,1.68979238455088,6.28591043194223,9998.27221411177,25720.4541782019,TRUE,FALSE,TRUE
8,196712,"p","2020-01-27 05:37:00",492.783333333333,TRUE,492.7,0.0833333333330302,FALSE,TRUE,140.816040736298,0.469386802456033,1.68979248884172,6.23278059763542,10134.8095513796,25757.4984974996,TRUE,FALSE,TRUE
8,196712,"p","2020-01-27 05:42:00",492.866666666667,TRUE,492.783333333333,0.0833333333339965,FALSE,TRUE,140.816049442293,0.469386831470573,1.68979259329406,6.17965080942144,10271.346888647,25794.5428167879,TRUE,FALSE,TRUE
8,196712,"p","2020-01-27 05:47:00",492.95,TRUE,492.866666666667,0.0833333333329733,FALSE,TRUE,140.816058169579,0.469386860567292,1.68979269804225,6.12652106725167,10407.8842259146,25831.5871360876,TRUE,FALSE,TRUE
8,196712,"p","2020-01-27 05:52:00",493.033333333333,TRUE,492.95,0.0833333333330302,FALSE,TRUE,140.816066913093,0.469386889712016,1.68979280296326,6.07339137107484,10544.4215631823,25868.6314553766,TRUE,FALSE,TRUE
8,196712,"p","2020-01-27 05:57:00",493.116666666667,TRUE,493.033333333333,0.0833333333339965,FALSE,TRUE,140.816075675806,0.469386918915616,1.68979290809622,6.02026172083773,10680.9589004498,25905.6757746733,TRUE,FALSE,TRUE
8,196712,"o","2020-01-27 06:01:00",493.183333333333,TRUE,493.116666666667,0.0666666666659808,FALSE,TRUE,114.714704105206,0.47797793377661,1.7207205615958,5.96799121504878,10791.4640519736,25938.3958061452,TRUE,FALSE,TRUE
8,196712,"p","2020-01-27 06:02:00",493.2,TRUE,493.183333333333,0.0166666666669926,FALSE,TRUE,139.082125698002,2.31803542825471,8.34492754171695,6.09972650161221,10864.7980752872,26057.1309834886,TRUE,FALSE,TRUE
8,196712,"p","2020-01-27 06:07:00",493.283333333333,TRUE,493.2,0.0833333333330302,FALSE,TRUE,711.83715500501,2.372790516692,8.54204586009119,6.2369373398653,11237.8446003363,26666.2297502064,TRUE,FALSE,TRUE
8,196712,"p","2020-01-27 06:12:00",493.366666666667,TRUE,493.283333333333,0.0833333333339965,FALSE,TRUE,711.837795497078,2.37279265163805,8.54205354589696,6.37414843440258,11610.8911253682,27275.3285169154,TRUE,FALSE,TRUE
8,196712,"o","2020-01-27 06:13:00",493.383333333333,TRUE,493.366666666667,0.0166666666659694,FALSE,TRUE,137.342664238543,2.28904440407148,8.24055985465733,6.5033789755869,11682.3281331358,27393.1756663567,TRUE,FALSE,TRUE
8,196712,"p","2020-01-27 06:17:00",493.45,TRUE,493.383333333333,0.0666666666670039,FALSE,TRUE,194.634046100634,0.810975192081872,2.91951069149474,6.37302714740767,11513.2793194973,27295.0313403544,TRUE,FALSE,TRUE
8,196712,"p","2020-01-27 06:22:00",493.533333333333,TRUE,493.45,0.0833333333330302,FALSE,TRUE,249.204043360766,0.830680144538908,2.99044852034007,6.23931634043679,11298.0029308586,27167.3851779249,TRUE,FALSE,TRUE
8,196712,"p","2020-01-27 06:27:00",493.616666666667,TRUE,493.533333333333,0.0833333333339965,FALSE,TRUE,249.203993750585,0.830679979162005,2.99044792498322,6.10560555251782,11082.7265422201,27039.7390154906,TRUE,FALSE,TRUE
8,196712,"p","2020-01-27 06:32:00",493.7,TRUE,493.616666666667,0.0833333333329733,FALSE,TRUE,249.203944236237,0.830679814124379,2.99044733084776,5.97189478309821,10867.4501535815,26912.092853055,TRUE,FALSE,TRUE
8,196712,"p","2020-01-27 06:37:00",493.783333333333,TRUE,493.7,0.0833333333330302,FALSE,TRUE,249.203894827683,0.830679649428632,2.99044673794307,5.83818403160833,10652.1737649429,26784.4466906283,TRUE,FALSE,TRUE
8,196712,"p","2020-01-27 06:42:00",493.866666666667,TRUE,493.783333333333,0.0833333333339965,FALSE,TRUE,249.203845516921,0.830679485049792,2.99044614617925,5.70447329748334,10436.8973763043,26656.8005281969,TRUE,FALSE,TRUE
8,196712,"p","2020-01-27 06:47:00",493.95,TRUE,493.866666666667,0.0833333333329733,FALSE,TRUE,249.203796306985,0.830679321026871,2.99044555569673,5.57076258016365,10221.6209876658,26529.1543657643,TRUE,FALSE,TRUE
8,196712,"p","2020-01-27 06:52:00",494.033333333333,TRUE,493.95,0.0833333333330302,FALSE,TRUE,249.20374719817,0.830679157330256,2.99044496638892,5.43884190353033,10006.344599027,26401.5082033344,TRUE,FALSE,TRUE
8,196712,"p","2020-01-27 06:57:00",494.116666666667,TRUE,494.033333333333,0.0833333333339965,FALSE,TRUE,249.203698189965,0.830678993959939,2.99044437825578,5.35918796737036,9791.06821038837,26273.8620409051,TRUE,FALSE,TRUE
8,196712,"p","2020-01-27 07:02:00",494.2,TRUE,494.116666666667,0.0833333333329733,FALSE,TRUE,249.20364928194,0.83067883094339,2.9904437913962,5.2776434393659,9575.79182174995,26146.2158784717,TRUE,FALSE,TRUE
8,196712,"p","2020-01-27 07:07:00",494.283333333333,TRUE,494.2,0.0833333333330302,FALSE,TRUE,249.203600473267,0.830678668247247,2.99044320569009,5.1978174218788,9360.5154331111,26018.5697160316,TRUE,FALSE,TRUE
8,196712,"p","2020-01-27 07:12:00",494.366666666667,TRUE,494.283333333333,0.0833333333339965,FALSE,TRUE,249.20355176802,0.83067850588679,2.99044262119244,5.23335990386906,9145.23904447247,25890.9235535999,TRUE,FALSE,TRUE
8,196712,"p","2020-01-27 07:17:00",494.45,TRUE,494.366666666667,0.0833333333329733,FALSE,TRUE,249.203503161022,0.830678343873664,2.99044203794519,5.26966429721489,8929.96265583397,25763.2773911672,TRUE,FALSE,TRUE
8,196712,"p","2020-01-27 07:22:00",494.533333333333,TRUE,494.45,0.0833333333330302,FALSE,TRUE,249.20345465402,0.83067818218309,2.99044145585912,5.30572913376256,8714.68626719525,25635.6312287408,TRUE,FALSE,TRUE
8,196712,"p","2020-01-27 07:27:00",494.616666666667,TRUE,494.533333333333,0.0833333333339965,FALSE,TRUE,249.203406248675,0.830678020822304,2.9904408749603,5.08638353727584,8499.40987855657,25507.9850663107,TRUE,FALSE,TRUE
8,196712,"p","2020-01-27 07:32:00",494.7,TRUE,494.616666666667,0.0833333333329733,FALSE,TRUE,249.203357944557,0.830677859818779,2.9904402953476,4.85897757119121,8284.13348991791,25380.3389038751,TRUE,FALSE,TRUE
8,196712,"p","2020-01-27 07:37:00",494.783333333333,TRUE,494.7,0.0833333333330302,FALSE,TRUE,249.20330973963,0.830677699135123,2.99043971688644,4.63157140321885,8068.85710127917,25252.6927414473,TRUE,FALSE,TRUE
8,196712,"p","2020-01-27 07:42:00",494.866666666667,TRUE,494.783333333333,0.0833333333339965,FALSE,TRUE,249.203261637727,0.830677538785813,2.99043913962893,4.40416503165902,7853.58071264086,25125.0465790175,TRUE,FALSE,TRUE
8,196712,"p","2020-01-27 07:47:00",494.95,TRUE,494.866666666667,0.0833333333329733,FALSE,TRUE,249.203213630541,0.830677378772059,2.99043856357941,4.17675845479695,7638.30432400225,24997.4004165849,TRUE,FALSE,TRUE
8,196712,"p","2020-01-27 07:52:00",495.033333333333,TRUE,494.95,0.0833333333330302,FALSE,TRUE,247.246566449254,0.824155221500512,2.96695879740184,3.9486994711463,7425.09886263979,24870.1190290698,TRUE,FALSE,TRUE
8,196712,"p","2020-01-27 07:57:00",495.116666666667,TRUE,495.033333333333,0.0833333333339965,FALSE,TRUE,176.50115791533,0.588337193046417,2.1180138949671,3.69705849184092,7591.81831743961,24809.7579436003,TRUE,FALSE,TRUE
8,196712,"p","2020-01-27 08:02:00",495.2,TRUE,495.116666666667,0.0833333333329733,FALSE,TRUE,178.317670352253,0.594392234510079,2.13981204423629,3.44602282212388,7760.60869951569,24749.7616330515,TRUE,FALSE,TRUE
8,196712,"p","2020-01-27 08:07:00",495.283333333333,TRUE,495.2,0.0833333333330302,FALSE,TRUE,178.317656656445,0.594392188856978,2.13981187988512,3.19641250646975,7929.39908159187,24689.7653225093,TRUE,FALSE,TRUE
8,196712,"p","2020-01-27 08:12:00",495.366666666667,TRUE,495.283333333333,0.0833333333339965,FALSE,TRUE,178.317642997896,0.594392143321589,2.13981171595772,3.20752105020228,8098.18946366798,24629.769011958,TRUE,FALSE,TRUE
8,196712,"p","2020-01-27 08:17:00",495.45,TRUE,495.366666666667,0.0833333333329733,FALSE,TRUE,178.317629378287,0.59439209793019,2.13981155254869,3.22002158553774,8266.97984574416,24569.7727014076,TRUE,FALSE,TRUE
8,196712,"p","2020-01-27 08:22:00",495.533333333333,TRUE,495.45,0.0833333333330302,FALSE,TRUE,178.317615792167,0.594392052642718,2.13981138951379,3.23252211345338,8435.77022782031,24509.7763908555,TRUE,FALSE,TRUE
8,196712,"p","2020-01-27 08:27:00",495.616666666667,TRUE,495.533333333333,0.0833333333339965,FALSE,TRUE,178.317602246222,0.594392007482676,2.13981122693763,3.24502263395604,8604.56060989637,24449.7800803013,TRUE,FALSE,TRUE
8,196712,"p","2020-01-27 08:32:00",495.7,TRUE,495.616666666667,0.0833333333329733,FALSE,TRUE,178.317588735357,0.594391962453758,2.13981106483353,3.25752314705436,8773.35099197243,24389.7837697567,TRUE,FALSE,TRUE
8,196712,"p","2020-01-27 08:37:00",495.783333333333,TRUE,495.7,0.0833333333330302,FALSE,TRUE,178.31757526184,0.594391917541627,2.13981090314986,3.27002365275179,8942.14137404846,24329.7874592089,TRUE,FALSE,TRUE
8,196712,"o","2020-01-27 08:41:00",495.85,TRUE,495.783333333333,0.0666666666670039,FALSE,TRUE,143.261034534922,0.59692097722582,2.14891551801295,3.28277706150317,9077.49047287976,24280.8697755912,TRUE,FALSE,TRUE
8,196712,"p","2020-01-27 08:42:00",495.866666666667,TRUE,495.85,0.0166666666669926,FALSE,TRUE,63.6899571864587,1.06149928642022,3.8213974311128,3.34198829825363,9122.68202194051,24235.6436067321,TRUE,FALSE,TRUE
8,196712,"p","2020-01-27 08:47:00",495.95,TRUE,495.866666666667,0.0833333333329733,FALSE,TRUE,322.819793996044,1.07606597999146,3.87383752796926,3.40179710287512,9350.22373307968,24004.9095865824,TRUE,FALSE,TRUE
8,196712,"p","2020-01-27 08:52:00",496.033333333333,TRUE,495.95,0.0833333333330302,FALSE,TRUE,322.819692941942,1.07606564314372,3.87383631531739,3.27760012436402,9577.76544422192,23774.175566438,TRUE,FALSE,TRUE
8,196712,"p","2020-01-27 08:57:00",496.116666666667,TRUE,496.033333333333,0.0833333333339965,FALSE,TRUE,322.819592101968,1.076065306998,3.87383510519279,3.14792760339462,9805.30715536384,23543.441546278,TRUE,FALSE,TRUE
8,196712,"o","2020-01-27 09:01:00",496.183333333333,TRUE,496.116666666667,0.0666666666659808,FALSE,TRUE,256.037604112746,1.06682335048075,3.8405640617307,3.01733067327889,9983.98774262733,23358.6987020916,TRUE,FALSE,TRUE
8,196712,"p","2020-01-27 09:02:00",496.2,TRUE,496.183333333333,0.0166666666669926,FALSE,TRUE,91.1574968223937,1.51929161367685,5.46944980923667,2.94035539423943,9908.48988622863,23306.9350814493,TRUE,FALSE,TRUE
8,196712,"p","2020-01-27 09:07:00",496.283333333333,TRUE,496.2,0.0833333333330302,FALSE,TRUE,470.060958073681,1.5668698602513,5.64073149690469,3.01594486105637,9514.23669616303,23047.3388379369,TRUE,FALSE,TRUE
8,196712,"p","2020-01-27 09:12:00",496.366666666667,TRUE,496.283333333333,0.0833333333339965,FALSE,TRUE,470.060774632113,1.56686924876124,5.64072929554047,3.0895637714786,9119.98350606836,22787.7425944235,TRUE,FALSE,TRUE
8,196712,"p","2020-01-27 09:17:00",496.45,TRUE,496.366666666667,0.0833333333329733,FALSE,TRUE,471.461771134086,1.57153923712041,5.65754125363347,3.16364969727445,8724.48107580898,22527.4845715441,TRUE,FALSE,TRUE
8,196712,"p","2020-01-27 09:22:00",496.533333333333,TRUE,496.45,0.0833333333330302,FALSE,TRUE,728.931388793669,2.42977129598774,8.74717666555585,3.32355884546078,8099.79751002433,22145.818870628,TRUE,FALSE,TRUE
8,196712,"p","2020-01-27 09:27:00",496.616666666667,TRUE,496.533333333333,0.0833333333339965,FALSE,TRUE,730.335866237325,2.43445288743838,8.76403039477816,3.48393616926176,7473.86470407578,21763.491390345,TRUE,FALSE,TRUE
8,196712,"p","2020-01-27 09:32:00",496.7,TRUE,496.616666666667,0.0833333333329733,FALSE,TRUE,730.335452684803,2.43445150895986,8.7640254322555,3.64431337165276,6847.93189812716,21381.1639100592,TRUE,FALSE,TRUE
8,196712,"o","2020-01-27 09:35:00",496.75,TRUE,496.7,0.0500000000000114,FALSE,TRUE,429.75886646477,2.38754925813707,8.59517732929345,3.80000036536378,6479.57117622117,21156.246298208,TRUE,FALSE,TRUE
8,196712,"p","2020-01-27 09:37:00",496.783333333333,TRUE,496.75,0.0333333333330188,FALSE,TRUE,325.728568258966,2.71440473551699,9.77185704786118,3.98837292318246,6756.03657194302,21331.0909878057,TRUE,FALSE,TRUE
8,196712,"p","2020-01-27 09:42:00",496.866666666667,TRUE,496.783333333333,0.0833333333339965,FALSE,TRUE,835.42749359538,2.78475831196244,10.0251299230648,4.18378085498271,7465.19746540493,21779.3999025943,TRUE,FALSE,TRUE
8,196712,"p","2020-01-27 09:47:00",496.95,TRUE,496.866666666667,0.0833333333329733,FALSE,TRUE,830.558378708585,2.76852792904058,9.96670054454608,4.37756576479242,8170.75568826335,22224.2577959116,TRUE,FALSE,TRUE
8,196712,"p","2020-01-27 09:52:00",497.033333333333,TRUE,496.95,0.0833333333330302,FALSE,TRUE,192.89369030811,0.642978967696038,2.31472428370574,4.3587957947373,8215.38083888039,22036.0036265409,TRUE,FALSE,TRUE
8,196712,"p","2020-01-27 09:57:00",497.116666666667,TRUE,497.033333333333,0.0833333333339965,FALSE,TRUE,195.463677409705,0.6515455913605,2.3455641288978,4.34088250328467,8256.4033188934,21844.2984357005,TRUE,FALSE,TRUE
8,196712,"p","2020-01-27 10:02:00",497.2,TRUE,497.116666666667,0.0833333333329733,FALSE,TRUE,195.463625298302,0.65154541766382,2.34556350358975,4.32296921066369,8297.42579890643,21652.5932448538,TRUE,FALSE,TRUE
8,196712,"p","2020-01-27 10:07:00",497.283333333333,TRUE,497.2,0.0833333333330302,FALSE,TRUE,195.463573229868,0.651545244101929,2.34556287876694,4.30505591685557,8338.44827891955,21460.8880540148,TRUE,FALSE,TRUE
8,196712,"p","2020-01-27 10:12:00",497.366666666667,TRUE,497.283333333333,0.0833333333339965,FALSE,TRUE,195.463521211295,0.651545070699132,2.34556225451688,4.28714262184326,8379.4707589326,21269.1828631761,TRUE,FALSE,TRUE
8,196712,"p","2020-01-27 10:17:00",497.45,TRUE,497.366666666667,0.0833333333329733,FALSE,TRUE,195.212559649636,0.650708532168266,2.34255071580576,4.26914568907821,8420.85358692862,21077.8122607975,TRUE,FALSE,TRUE
8,196712,"p","2020-01-27 10:22:00",497.533333333333,TRUE,497.45,0.0833333333330302,FALSE,TRUE,168.058038525158,0.560193461752566,2.01669646230924,4.24209726533995,8528.34456791522,20947.824063234,TRUE,FALSE,TRUE
8,196712,"p","2020-01-27 10:27:00",497.616666666667,TRUE,497.533333333333,0.0833333333339965,FALSE,TRUE,168.029697016554,0.560098990050724,2.01635636418261,4.21503941046644,8636.19589688459,20818.1704541308,TRUE,FALSE,TRUE
8,196712,"p","2020-01-27 10:32:00",497.7,TRUE,497.616666666667,0.0833333333329733,FALSE,TRUE,168.029667614491,0.560098892050724,2.01635601138261,4.18798156179431,8744.04722585409,20688.5168450288,TRUE,FALSE,TRUE
8,196712,"p","2020-01-27 10:37:00",497.783333333333,TRUE,497.7,0.0833333333330302,FALSE,TRUE,168.02963824383,0.560098794148137,2.01635565893329,4.16157591905907,8851.89855482373,20558.8632359323,TRUE,FALSE,TRUE
8,196712,"p","2020-01-27 10:42:00",497.866666666667,TRUE,497.783333333333,0.0833333333339965,FALSE,TRUE,168.029608907586,0.560098696354164,2.01635530687499,4.15875206938985,8959.74988379308,20429.2096268349,TRUE,FALSE,TRUE
8,196712,"o","2020-01-27 10:45:00",497.916666666667,TRUE,497.866666666667,0.0500000000000114,FALSE,TRUE,101.964439324105,0.566469107356009,2.03928878648163,4.15595975667444,9026.02431804411,20351.2258858018,TRUE,FALSE,TRUE
8,196712,"p","2020-01-27 10:47:00",497.95,TRUE,497.916666666667,0.033333333332962,FALSE,TRUE,170.020776981449,1.41683980819453,5.10062330950031,4.23820451860819,9183.59581478281,20285.3444495555,TRUE,FALSE,TRUE
8,196712,"p","2020-01-27 10:52:00",498.033333333333,TRUE,497.95,0.0833333333330302,FALSE,TRUE,428.825988756154,1.42941996252571,5.14591186509257,4.32170730052861,9581.4336488038,20120.1619200127,TRUE,FALSE,TRUE
8,196712,"p","2020-01-27 10:57:00",498.116666666667,TRUE,498.033333333333,0.0833333333339965,FALSE,TRUE,428.825900745457,1.42941966914015,5.14591080890453,4.4052100576496,9979.27148282431,19954.9793904653,TRUE,FALSE,TRUE
8,196712,"p","2020-01-27 11:02:00",498.2,TRUE,498.116666666667,0.0833333333329733,FALSE,TRUE,428.825813250004,1.42941937750619,5.14590975902227,4.48871279013595,10377.1093168452,19789.7968609151,TRUE,FALSE,TRUE
8,196712,"p","2020-01-27 11:07:00",498.283333333333,TRUE,498.2,0.0833333333330302,FALSE,TRUE,428.825726266505,1.42941908756022,5.14590871521678,4.5722154981437,10774.947150866,19624.6143313735,TRUE,FALSE,TRUE
8,196712,"p","2020-01-27 11:12:00",498.366666666667,TRUE,498.283333333333,0.0833333333339965,FALSE,TRUE,427.491077140853,1.42497025712484,5.12989292564941,4.65527332761081,11171.7023011591,19460.3193275924,TRUE,FALSE,TRUE
8,196712,"p","2020-01-27 11:17:00",498.45,TRUE,498.366666666667,0.0833333333329733,FALSE,TRUE,197.187736187142,0.657292453959981,2.36625283425593,4.66156338125265,11369.8321645885,19458.8466284983,TRUE,FALSE,TRUE
8,196712,"p","2020-01-27 11:22:00",498.533333333333,TRUE,498.45,0.0833333333330302,FALSE,TRUE,196.105642094133,0.653685473649487,2.35326770513815,4.66723983089501,11566.8793442906,19458.2614551688,TRUE,FALSE,TRUE
8,196712,"p","2020-01-27 11:27:00",498.616666666667,TRUE,498.533333333333,0.0833333333339965,FALSE,TRUE,196.105644826745,0.653685482750613,2.35326773790221,4.62645845052805,11763.9265239924,19457.6762818405,TRUE,FALSE,TRUE
8,196712,"p","2020-01-27 11:32:00",498.7,TRUE,498.616666666667,0.0833333333329733,FALSE,TRUE,196.105647609091,0.653685492033126,2.35326777131925,4.58422040173222,11960.9737036945,19457.0911085074,TRUE,FALSE,TRUE
8,196712,"p","2020-01-27 11:37:00",498.783333333333,TRUE,498.7,0.0833333333330302,FALSE,TRUE,196.105650440418,0.65368550147044,2.35326780529358,4.54198238756489,12158.0208833966,19456.5059351889,TRUE,FALSE,TRUE
8,196712,"p","2020-01-27 11:42:00",498.866666666667,TRUE,498.783333333333,0.0833333333339965,FALSE,TRUE,196.105653320728,0.653685511063892,2.35326783983001,4.49974440797148,12355.0680630984,19455.9207618441,TRUE,FALSE,TRUE
8,196712,"p","2020-01-27 11:47:00",498.95,TRUE,498.866666666667,0.0833333333329733,FALSE,TRUE,196.105656250773,0.653685520838735,2.35326787501945,4.45843062500728,12552.1152428003,19455.3355885208,TRUE,FALSE,TRUE
8,196712,"p","2020-01-27 11:52:00",499.033333333333,TRUE,498.95,0.0833333333330302,FALSE,TRUE,196.105659229988,0.653685530769006,2.35326791076842,4.37187001671649,12749.1624225023,19454.7504151896,TRUE,FALSE,TRUE
8,196712,"o","2020-01-27 11:55:00",499.083333333333,TRUE,499.033333333333,0.0499999999999545,FALSE,TRUE,116.86775165234,0.649265286958036,2.33735503304893,4.28010955938717,12866.5907368584,19454.2548617851,TRUE,FALSE,TRUE
8,196712,"p","2020-01-27 11:57:00",499.116666666667,TRUE,499.083333333333,0.033333333334042,FALSE,TRUE,22.8726969590922,0.190605807988383,0.686180908758178,4.14248321530988,12886.8640307424,19443.4496138618,TRUE,FALSE,TRUE
8,196712,"p","2020-01-27 12:02:00",499.2,TRUE,499.116666666667,0.0833333333329733,FALSE,TRUE,55.6097534404505,0.185365844802303,0.667317041288289,4.00386587607807,12935.5472817894,19416.0753705386,TRUE,FALSE,TRUE
8,196712,"p","2020-01-27 12:07:00",499.283333333333,TRUE,499.2,0.0833333333330302,FALSE,TRUE,55.6097515555915,0.185365838519313,0.667317018669526,3.77942533033123,12984.2305328369,19388.7011272188,TRUE,FALSE,TRUE
8,196712,"p","2020-01-27 12:12:00",499.366666666667,TRUE,499.283333333333,0.0833333333339965,FALSE,TRUE,55.6097496712593,0.185365832236056,0.667316996049801,3.55451662481099,13032.9137838841,19361.3268838896,TRUE,FALSE,TRUE
8,196712,"p","2020-01-27 12:17:00",499.45,TRUE,499.366666666667,0.0833333333329733,FALSE,TRUE,55.6097477873891,0.185365825958764,0.667316973451552,3.32960805651089,13081.5970349316,19333.9526405671,TRUE,FALSE,TRUE
8,196712,"p","2020-01-27 12:22:00",499.533333333333,TRUE,499.45,0.0833333333330302,FALSE,TRUE,55.609745906444,0.185365819688821,0.667316950879756,3.10938971266606,13130.280285979,19306.5783972457,TRUE,FALSE,TRUE
8,196712,"o","2020-01-27 12:26:00",499.6,TRUE,499.533333333333,0.0666666666670039,FALSE,TRUE,41.2965327542275,0.172068886475077,0.619447991310279,2.85515612776187,13165.7252983661,19285.0439377176,TRUE,FALSE,TRUE
8,196712,"p","2020-01-27 12:27:00",499.616666666667,TRUE,499.6,0.0166666666669926,FALSE,TRUE,116.335625859391,1.9389270976186,6.98013755142697,2.77057300632748,13049.085121273,19292.7400669205,TRUE,FALSE,TRUE
8,196712,"p","2020-01-27 12:32:00",499.7,TRUE,499.616666666667,0.0833333333329733,FALSE,TRUE,599.184755494963,1.99728251832517,7.19021706597062,2.69344846525594,12448.3762937395,19333.0453886102,TRUE,FALSE,TRUE
8,196712,"p","2020-01-27 12:37:00",499.783333333333,TRUE,499.7,0.0833333333330302,FALSE,TRUE,599.184760024361,1.9972825334218,7.19021712031849,2.82887882182852,11847.667466175,19373.3507103081,TRUE,FALSE,TRUE
8,196712,"p","2020-01-27 12:42:00",499.866666666667,TRUE,499.783333333333,0.0833333333339965,FALSE,TRUE,599.18476592729,1.99728255307507,7.19021719107026,2.96345251799998,11246.9586386109,19413.6560319891,TRUE,FALSE,TRUE
8,196712,"p","2020-01-27 12:47:00",499.95,TRUE,499.866666666667,0.0833333333329733,FALSE,TRUE,599.184773236138,1.99728257746242,7.19021727886472,3.09802623397984,10646.2498110466,19453.9613536848,TRUE,FALSE,TRUE
8,196712,"p","2020-01-27 12:52:00",500.033333333333,TRUE,499.95,0.0833333333330302,FALSE,TRUE,599.184781950747,1.99728260650976,7.19021738343513,3.23259997022062,10045.5409834817,19494.2666753729,TRUE,FALSE,TRUE
8,196712,"p","2020-01-27 12:57:00",500.116666666667,TRUE,500.033333333333,0.0833333333339965,FALSE,TRUE,599.184792069176,1.99728264021469,7.19021750477289,3.36717372717218,9444.83215591761,19534.5719970672,TRUE,FALSE,TRUE
8,196712,"p","2020-01-27 13:02:00",500.2,TRUE,500.116666666667,0.0833333333329733,FALSE,TRUE,599.184803593502,1.99728267865364,7.19021764315309,3.50183114182071,8844.12332835347,19574.8773187574,TRUE,FALSE,TRUE
8,196712,"p","2020-01-27 13:07:00",500.283333333333,TRUE,500.2,0.0833333333330302,FALSE,TRUE,599.18481652336,1.9972827217518,7.19021779830647,3.64554006782064,8243.41450078874,19615.1826404483,TRUE,FALSE,TRUE
8,196712,"p","2020-01-27 13:12:00",500.366666666667,TRUE,500.283333333333,0.0833333333339965,FALSE,TRUE,599.184830857701,1.99728276950978,7.19021797023519,3.78925844576654,7642.70567322454,19655.487962139,TRUE,FALSE,TRUE
8,196712,"p","2020-01-27 13:17:00",500.45,TRUE,500.366666666667,0.0833333333329733,FALSE,TRUE,599.184846597566,1.99728282200051,7.19021815920185,3.93297683876152,7041.99684566031,19695.7932838282,TRUE,FALSE,TRUE
8,196712,"p","2020-01-27 13:22:00",500.533333333333,TRUE,500.45,0.0833333333330302,FALSE,TRUE,599.184863743121,1.997282879151,7.19021836494362,4.07669524726181,6441.28801809555,19736.0986055241,TRUE,FALSE,TRUE
8,196712,"p","2020-01-27 13:27:00",500.616666666667,TRUE,500.533333333333,0.0833333333339965,FALSE,TRUE,599.184882292937,1.99728294096056,7.19021858745803,4.22041367172245,5840.57919053126,19776.4039272153,TRUE,FALSE,TRUE
8,196712,"p","2020-01-27 13:32:00",500.7,TRUE,500.616666666667,0.0833333333329733,FALSE,TRUE,599.184902248207,1.99728300750265,7.19021882700955,4.36349506173711,5239.87036296697,19816.7092489044,TRUE,FALSE,TRUE
8,196712,"p","2020-01-27 13:37:00",500.783333333333,TRUE,500.7,0.0833333333330302,FALSE,TRUE,599.184923608892,1.99728307870357,7.19021908333287,4.42153938878802,4639.16153540247,19857.014570584,TRUE,FALSE,TRUE
8,196712,"p","2020-01-27 13:42:00",500.866666666667,TRUE,500.783333333333,0.0833333333339965,FALSE,TRUE,599.184946374852,1.99728315456694,7.190219356441,4.47832570799214,4038.45270783819,19897.3198922816,TRUE,FALSE,TRUE
8,196712,"p","2020-01-27 13:47:00",500.95,TRUE,500.866666666667,0.0833333333329733,FALSE,TRUE,599.184970545762,1.99728323516117,7.19021964658021,4.53511206459424,3437.7438802738,19937.6252139771,TRUE,FALSE,TRUE
8,196712,"p","2020-01-27 13:52:00",501.033333333333,TRUE,500.95,0.0833333333330302,FALSE,TRUE,599.184996122122,1.99728332041434,7.19021995349162,4.59189845888506,2837.03505270928,19977.9305356695,TRUE,FALSE,TRUE
8,196712,"p","2020-01-27 13:57:00",501.116666666667,TRUE,501.033333333333,0.0833333333339965,FALSE,TRUE,599.185023103118,1.99728341032783,7.1902202771802,4.64868489116182,2236.32622514503,20018.2358573589,TRUE,FALSE,TRUE
8,196712,"p","2020-01-27 14:02:00",501.2,TRUE,501.116666666667,0.0833333333329733,FALSE,TRUE,599.185051489898,1.99728350497496,7.19022061790984,4.70591621594683,1635.61739758062,20058.5411790508,TRUE,FALSE,TRUE
8,196712,"p","2020-01-27 14:07:00",501.283333333333,TRUE,501.2,0.0833333333330302,FALSE,TRUE,599.185081281631,1.99728360427937,7.19022097540574,4.83991533097877,1034.90857001605,20098.8465007344,TRUE,FALSE,TRUE
8,196712,"p","2020-01-27 14:12:00",501.366666666667,TRUE,501.283333333333,0.0833333333339965,FALSE,TRUE,599.185112478233,1.99728370824488,7.19022134968157,4.97427515443831,434.199742451839,20139.1518224291,TRUE,FALSE,TRUE
8,196712,"p","2020-01-27 14:17:00",501.45,TRUE,501.366666666667,0.0833333333329733,FALSE,TRUE,599.185145080639,1.99728381694409,7.19022174099873,5.10863498785766,-166.509085112752,20179.457144123,TRUE,FALSE,TRUE
8,196712,"p","2020-01-27 14:22:00",501.533333333333,TRUE,501.45,0.0833333333330302,FALSE,TRUE,599.185179087719,1.99728393029966,7.19022214907879,5.24299483168431,-767.2179126772,20219.7624658064,TRUE,FALSE,TRUE
8,196712,"p","2020-01-27 14:27:00",501.616666666667,TRUE,501.533333333333,0.0833333333339965,FALSE,TRUE,599.185214500115,1.99728404831782,7.19022257394416,5.37735468636905,-1367.92674024162,20260.0677875004,TRUE,FALSE,TRUE
8,196712,"p","2020-01-27 14:32:00",501.7,TRUE,501.616666666667,0.0833333333329733,FALSE,TRUE,599.185251317147,1.99728417106579,7.19022301583683,5.51171455236924,-1968.63556780564,20300.3731091883,TRUE,FALSE,TRUE
8,196712,"p","2020-01-27 14:37:00",501.783333333333,TRUE,501.7,0.0833333333330302,FALSE,TRUE,599.185289540954,1.99728429847711,7.19022347451761,5.64607443013308,-2569.34439537043,20340.6784308856,TRUE,FALSE,TRUE
8,196712,"p","2020-01-27 14:42:00",501.866666666667,TRUE,501.783333333333,0.0833333333339965,FALSE,TRUE,599.185329168013,1.99728443054415,7.19022394995894,5.78043432011059,-3170.05322293458,20380.9837525741,TRUE,FALSE,TRUE
8,196712,"p","2020-01-27 14:47:00",501.95,TRUE,501.866666666667,0.0833333333329733,FALSE,TRUE,599.185370201296,1.99728456734628,7.19022444244661,5.91523624814942,-3770.76205049899,20421.2890742654,TRUE,FALSE,TRUE
8,196712,"p","2020-01-27 14:52:00",502.033333333333,TRUE,501.95,0.0833333333330302,FALSE,TRUE,599.185412640198,1.99728470880793,7.19022495170853,6.09590413823137,-4371.47087806365,20461.5943959628,TRUE,FALSE,TRUE
8,196712,"p","2020-01-27 14:57:00",502.116666666667,TRUE,502.033333333333,0.0833333333339965,FALSE,TRUE,599.18545648266,1.9972848549263,7.1902254777347,6.27709603924377,-4972.17970562782,20501.8997176559,TRUE,FALSE,TRUE
8,196712,"p","2020-01-27 15:02:00",502.2,TRUE,502.116666666667,0.0833333333329733,FALSE,TRUE,599.185501731662,1.99728500578083,7.190226020811,6.45828795596992,-5572.88853319209,20542.2050393421,TRUE,FALSE,TRUE
8,196712,"p","2020-01-27 15:07:00",502.283333333333,TRUE,502.2,0.0833333333330302,FALSE,TRUE,599.18554838598,1.99728516129387,7.19022658065791,6.6394798888757,-6173.5973607569,20582.5103610326,TRUE,FALSE,TRUE
8,196712,"p","2020-01-27 15:12:00",502.366666666667,TRUE,502.283333333333,0.0833333333339965,FALSE,TRUE,599.185596444133,1.99728532146455,7.19022715727237,6.82067183842628,-6774.30618832099,20622.8156827169,TRUE,FALSE,TRUE
8,196712,"p","2020-01-27 15:17:00",502.45,TRUE,502.366666666667,0.0833333333329733,FALSE,TRUE,599.185645908771,1.9972854863712,7.19022775093631,7.00186380509452,-7375.01501588536,20663.1210044084,TRUE,FALSE,TRUE
8,196712,"p","2020-01-27 15:22:00",502.533333333333,TRUE,502.45,0.0833333333330302,FALSE,TRUE,599.18569677818,1.99728565593453,7.19022836136432,7.18438548204047,-7975.72384345009,20703.4263261047,TRUE,FALSE,TRUE
8,196712,"p","2020-01-27 15:27:00",502.616666666667,TRUE,502.533333333333,0.0833333333339965,FALSE,TRUE,599.185749052194,1.99728583015809,7.19022898856911,7.19022135529441,-8576.43267101422,20743.7316477994,TRUE,FALSE,TRUE
8,196712,"p","2020-01-27 15:32:00",502.7,TRUE,502.616666666667,0.0833333333329733,FALSE,TRUE,599.185802731906,1.99728600911498,7.19022963281394,7.1902217043734,-9177.14149857856,20784.0369694909,TRUE,FALSE,TRUE
8,196712,"p","2020-01-27 15:37:00",502.783333333333,TRUE,502.7,0.0833333333330302,FALSE,TRUE,599.185857817124,1.99728619273101,7.19023029383165,7.19022207030432,-9777.85032614325,20824.3422911766,TRUE,FALSE,TRUE
8,196712,"p","2020-01-27 15:42:00",502.866666666667,TRUE,502.783333333333,0.0833333333339965,FALSE,TRUE,599.185914306688,1.9972863810064,7.19023097162303,7.19022245309745,-10378.5591537075,20864.6476128694,TRUE,FALSE,TRUE
8,196712,"p","2020-01-27 15:47:00",502.95,TRUE,502.866666666667,0.0833333333329733,FALSE,TRUE,599.185972201877,1.99728657401489,7.19023166645359,7.19022285275269,-10979.2679812718,20904.9529345622,TRUE,FALSE,TRUE
8,196712,"p","2020-01-27 15:52:00",503.033333333333,TRUE,502.95,0.0833333333330302,FALSE,TRUE,599.186031502751,1.9972867716831,7.19023237805916,7.19022326927003,-11579.9768088366,20945.2582562578,TRUE,FALSE,TRUE
8,196712,"p","2020-01-27 15:57:00",503.116666666667,TRUE,503.033333333333,0.0833333333339965,FALSE,TRUE,599.186092207364,1.99728697400865,7.19023310643115,7.19022370264943,-12180.6856364007,20985.5635779375,TRUE,FALSE,TRUE
8,196712,"p","2020-01-27 16:02:00",503.2,TRUE,503.116666666667,0.0833333333329733,FALSE,TRUE,599.186154318408,1.99728718106999,7.19023385185196,7.19022415289106,-12781.3944639652,21025.8688996269,TRUE,FALSE,TRUE
8,196712,"p","2020-01-27 16:07:00",503.283333333333,TRUE,503.2,0.0833333333330302,FALSE,TRUE,599.18621783441,1.99728739278863,7.19023461403908,7.19022461999474,-13382.1032915297,21066.1742213256,TRUE,FALSE,TRUE
8,196712,"p","2020-01-27 16:12:00",503.366666666667,TRUE,503.283333333333,0.0833333333339965,FALSE,TRUE,599.186282755279,1.99728760916837,7.19023539300612,7.1902251039606,-13982.8121190942,21106.4795430106,TRUE,FALSE,TRUE
8,196712,"p","2020-01-27 16:17:00",503.45,TRUE,503.366666666667,0.0833333333329733,FALSE,TRUE,599.18634908096,1.99728783027849,7.19023618900258,7.1902256047884,-14583.5209466583,21146.7848647103,TRUE,FALSE,TRUE
8,196712,"p","2020-01-27 16:22:00",503.533333333333,TRUE,503.45,0.0833333333330302,FALSE,TRUE,599.186416812761,1.9972880560498,7.19023700177929,7.19022612247828,-15184.229774223,21187.0901864025,TRUE,FALSE,TRUE
8,196712,"p","2020-01-27 16:27:00",503.616666666667,TRUE,503.533333333333,0.0833333333339965,FALSE,TRUE,599.186485949128,1.9972882864812,7.19023783133232,7.19022665703034,-15784.9386017873,21227.3955080927,TRUE,FALSE,TRUE
8,196712,"p","2020-01-27 16:32:00",503.7,TRUE,503.616666666667,0.0833333333329733,FALSE,TRUE,599.186556490753,1.99728852164447,7.1902386779201,7.19022720844453,-16385.6474293516,21267.700829778,TRUE,FALSE,TRUE
8,196712,"p","2020-01-27 16:37:00",503.783333333333,TRUE,503.7,0.0833333333330302,FALSE,TRUE,599.186628437742,1.99728876146641,7.19023954127906,7.19022777672081,-16986.3562569162,21308.0061514692,TRUE,FALSE,TRUE
8,196712,"p","2020-01-27 16:42:00",503.866666666667,TRUE,503.783333333333,0.0833333333339965,FALSE,TRUE,599.186701789335,1.99728900594856,7.1902404214148,7.19022836185897,-17587.0650844806,21348.3114731626,TRUE,FALSE,TRUE
8,196712,"p","2020-01-27 16:47:00",503.95,TRUE,503.866666666667,0.0833333333329733,FALSE,TRUE,599.186776546743,1.99728925516444,7.19024131859197,7.1902289638593,-18187.7739120449,21388.6167948556,TRUE,FALSE,TRUE
8,196712,"p","2020-01-27 16:52:00",504.033333333333,TRUE,503.95,0.0833333333330302,FALSE,TRUE,599.186852709031,1.99728950903737,7.19024223253453,7.1902295827216,-18788.4827396095,21428.9221165459,TRUE,FALSE,TRUE
8,196712,"p","2020-01-27 16:57:00",504.116666666667,TRUE,504.033333333333,0.0833333333339965,FALSE,TRUE,599.186930276313,1.99728976757182,7.19024316325854,7.190230218446,-19389.1915671738,21469.2274382437,TRUE,FALSE,TRUE
8,196712,"p","2020-01-27 17:02:00",504.2,TRUE,504.116666666667,0.0833333333329733,FALSE,TRUE,599.187009249289,1.99729003083959,7.19024411102253,7.19023087103246,-19989.9003947381,21509.5327599299,TRUE,FALSE,TRUE
8,196712,"p","2020-01-27 17:07:00",504.283333333333,TRUE,504.2,0.0833333333330302,FALSE,TRUE,599.187089626795,1.99729029876325,7.19024507554769,7.19023154048085,-20590.6092223027,21549.8380816185,TRUE,FALSE,TRUE
8,196712,"p","2020-01-27 17:12:00",504.366666666667,TRUE,504.283333333333,0.0833333333339965,FALSE,TRUE,599.187171410117,1.99729057135116,7.19024605686418,7.19023222679148,-21191.3180498672,21590.1434033098,TRUE,FALSE,TRUE
8,196712,"p","2020-01-27 17:17:00",504.45,TRUE,504.366666666667,0.0833333333329733,FALSE,TRUE,599.187254597584,1.99729084866724,7.19024705520207,7.19023292996379,-21792.0268774313,21630.4487250087,TRUE,FALSE,TRUE
9,196712,"p","2020-01-28 09:17:00",520.45,TRUE,520.366666666667,0.0833333333330302,FALSE,TRUE,431.742646627524,1.43914215543032,5.18091175954914,5.18091175954914,-25934.941148196,26690.1083708931,TRUE,TRUE,TRUE
9,196712,"p","2020-01-28 09:22:00",520.533333333333,TRUE,520.45,0.0833333333329165,FALSE,TRUE,431.74291242918,1.4391430414378,5.18091494917608,5.18091335436261,-26057.3424698013,27105.5014255613,TRUE,FALSE,TRUE
9,196712,"o","2020-01-28 09:27:00",520.616666666667,TRUE,520.533333333333,0.0833333333340533,FALSE,TRUE,426.70280395809,1.42234267984801,5.12043364745284,5.16075345205935,-26176.2394548582,27516.6485702736,TRUE,FALSE,TRUE
9,196712,"p","2020-01-28 09:32:00",520.7,TRUE,520.616666666667,0.0833333333330302,FALSE,TRUE,637.541181765834,2.12513727256051,7.65049418121784,5.78318863434898,-25652.2433820187,27148.8562478469,TRUE,FALSE,TRUE
9,196712,"p","2020-01-28 09:37:00",520.783333333333,TRUE,520.7,0.0833333333329165,FALSE,TRUE,642.830702624845,2.1427690087602,7.71396843153673,6.16934459378653,-25124.7429726304,26776.8180154495,TRUE,FALSE,TRUE
9,196712,"p","2020-01-28 09:42:00",520.866666666667,TRUE,520.783333333333,0.0833333333340533,FALSE,TRUE,642.830304680578,2.14276768225008,7.71396365610028,6.42678110417215,-24597.2425632425,26404.7797830398,TRUE,FALSE,TRUE
9,196712,"p","2020-01-28 09:47:00",520.95,TRUE,520.866666666667,0.0833333333330302,FALSE,TRUE,642.82990846108,2.14276636154473,7.71395890156103,6.61066364665628,-24069.7421538543,26032.741550646,TRUE,FALSE,TRUE
9,196712,"p","2020-01-28 09:52:00",521.033333333333,TRUE,520.95,0.0833333333329165,FALSE,TRUE,642.829513963645,2.1427650465562,7.71395416760232,6.74857496177453,-23542.2417444659,25660.7033182496,TRUE,FALSE,TRUE
9,196712,"p","2020-01-28 09:57:00",521.116666666667,TRUE,521.033333333333,0.0833333333340533,FALSE,TRUE,642.829121165917,2.14276373720121,7.71394945392435,6.85583879423562,-23014.7413350835,25288.6650858719,TRUE,FALSE,TRUE
9,196712,"o","2020-01-28 09:58:00",521.133333333333,TRUE,521.116666666667,0.0166666666659694,FALSE,TRUE,126.388465053352,2.106474417644,7.58330790351839,6.9285857051639,-22909.8614118409,25217.193687153,TRUE,FALSE,TRUE
9,196712,"p","2020-01-28 10:02:00",521.2,TRUE,521.133333333333,0.0666666666670608,FALSE,TRUE,355.525459546114,1.48135608143338,5.33288189316018,6.78352172225447,-22579.2508496894,25352.2636693109,TRUE,FALSE,TRUE
9,196712,"p","2020-01-28 10:07:00",521.283333333333,TRUE,521.2,0.0833333333329165,FALSE,TRUE,445.094434602958,1.48364811535061,5.34113321526221,6.66332268000512,-22166.7628453009,25524.7714567366,TRUE,FALSE,TRUE
9,196712,"p","2020-01-28 10:12:00",521.366666666667,TRUE,521.283333333333,0.0833333333340533,FALSE,TRUE,445.094517805057,1.48364839267071,5.34113421361454,6.56161587489815,-21754.2748409129,25697.2792441687,TRUE,FALSE,TRUE
9,196712,"p","2020-01-28 10:17:00",521.45,TRUE,521.366666666667,0.0833333333330302,FALSE,TRUE,445.09460158067,1.48364867194097,5.34113521898748,6.47443868519024,-21341.7868365244,25869.7870315959,TRUE,FALSE,TRUE
9,196712,"o","2020-01-28 10:21:00",521.516666666667,TRUE,521.45,0.0666666666669471,FALSE,TRUE,357.974428126916,1.49156011718921,5.36961642188115,6.4007838676363,-21009.4319304175,26007.0792925533,TRUE,FALSE,TRUE
9,196712,"p","2020-01-28 10:22:00",521.533333333333,TRUE,521.516666666667,0.0166666666659694,FALSE,TRUE,167.260232212175,2.78767053698621,10.0356139331504,6.62796074673093,-20841.5963920694,26015.8127915479,TRUE,FALSE,TRUE
9,196712,"p","2020-01-28 10:27:00",521.616666666667,TRUE,521.533333333333,0.0833333333340533,FALSE,TRUE,847.876178445103,2.82625392812593,10.1745141412533,6.83658153464402,-19990.5961874746,26055.9104415898,TRUE,FALSE,TRUE
9,196712,"p","2020-01-28 10:32:00",521.7,TRUE,521.616666666667,0.0833333333330302,FALSE,TRUE,847.87613374872,2.82625377917268,10.1745136050217,7.02202220522055,-19139.5959828574,26096.0080916371,TRUE,FALSE,TRUE
9,196712,"p","2020-01-28 10:37:00",521.783333333333,TRUE,521.7,0.0833333333329165,FALSE,TRUE,847.87609301185,2.82625364338697,10.1745131161931,7.18794277948226,-18288.5957782403,26136.1057416706,TRUE,FALSE,TRUE
9,196712,"o","2020-01-28 10:39:00",521.816666666667,TRUE,521.783333333333,0.0333333333339851,FALSE,TRUE,334.42653868119,2.78688782228875,10.0327961602395,7.33018544852013,-17952.9066694402,26151.2665199455,TRUE,FALSE,TRUE
9,196712,"p","2020-01-28 10:42:00",521.866666666667,TRUE,521.816666666667,0.0500000000000682,FALSE,TRUE,73.1214709245112,0.406230394024508,1.46242941848823,7.05076849470908,-17961.8037075863,26078.4735958263,TRUE,FALSE,TRUE
9,196712,"p","2020-01-28 10:47:00",521.95,TRUE,521.866666666667,0.0833333333330302,FALSE,TRUE,124.495018752729,0.414983395843939,1.49394022503818,6.79818539154222,-17984.4837262424,25955.6882527232,TRUE,FALSE,TRUE
9,196712,"p","2020-01-28 10:52:00",522.033333333333,TRUE,521.95,0.0833333333329165,FALSE,TRUE,124.49499724481,0.414983324151443,1.49393996694519,6.5675660252554,-18007.1637448983,25832.9029096323,TRUE,FALSE,TRUE
9,196712,"p","2020-01-28 10:57:00",522.116666666667,TRUE,522.033333333333,0.0833333333340533,FALSE,TRUE,124.494975732486,0.414983252438034,1.49393970877692,6.35616492873546,-18029.843763537,25710.1175665434,TRUE,FALSE,TRUE
9,196712,"o","2020-01-28 10:58:00",522.133333333333,TRUE,522.116666666667,0.0166666666659694,FALSE,TRUE,22.7270569992421,0.378784283336549,1.36362342001158,6.1564632683865,-18032.3920046812,25687.4672377361,TRUE,FALSE,TRUE
9,196712,"p","2020-01-28 11:02:00",522.2,TRUE,522.133333333333,0.0666666666670608,FALSE,TRUE,328.622635069628,1.36926097944869,4.92933952601528,6.10926620137223,-17757.6091038942,25870.225945881,TRUE,FALSE,TRUE
9,196712,"p","2020-01-28 11:07:00",522.283333333333,TRUE,522.2,0.0833333333329165,FALSE,TRUE,414.154492619502,1.38051497540525,4.96985391145888,6.06706574619025,-17411.6457746469,26101.0577558381,TRUE,FALSE,TRUE
9,196712,"o","2020-01-28 11:08:00",522.3,TRUE,522.283333333333,0.0166666666669926,FALSE,TRUE,83.0737830284542,1.38456305044716,4.98442698160978,6.02840007602666,-17341.5524210301,26146.3002503666,TRUE,FALSE,TRUE
9,196712,"p","2020-01-28 11:12:00",522.366666666667,TRUE,522.3,0.0666666666670608,FALSE,TRUE,410.404519055021,1.71001882938581,6.15606778578892,6.03280241084605,-16932.051776762,26194.8198402968,TRUE,FALSE,TRUE
9,196712,"p","2020-01-28 11:17:00",522.45,TRUE,522.366666666667,0.0833333333330302,FALSE,TRUE,513.984186087108,1.71328062029659,6.16781023306773,6.03730267158677,-16419.0501117058,26254.3144933901,TRUE,FALSE,TRUE
9,196712,"p","2020-01-28 11:22:00",522.533333333333,TRUE,522.45,0.0833333333329165,FALSE,TRUE,513.984201836892,1.71328067279821,6.16781042207356,6.04151259902183,-15906.0484466492,26313.80914648,TRUE,FALSE,TRUE
9,196712,"p","2020-01-28 11:27:00",522.616666666667,TRUE,522.533333333333,0.0833333333340533,FALSE,TRUE,513.984218471909,1.71328072822489,6.16781062160961,6.0454594122277,-15393.0467815937,26373.3037995766,TRUE,FALSE,TRUE
9,196712,"p","2020-01-28 11:32:00",522.7,TRUE,522.616666666667,0.0833333333330302,FALSE,TRUE,513.984235995234,1.71328078665701,6.16781083196524,6.04916703100763,-14880.0451165374,26432.798452666,TRUE,FALSE,TRUE
9,196712,"o","2020-01-28 11:35:00",522.75,TRUE,522.7,0.0499999999999545,FALSE,TRUE,307.389398005137,1.70771887780787,6.14778796010833,6.05206764656941,-14573.242852715,26468.3750357082,TRUE,FALSE,TRUE
9,196712,"p","2020-01-28 11:37:00",522.783333333333,TRUE,522.75,0.033333333332962,FALSE,TRUE,132.327178122175,1.10272648436375,3.96981534370949,5.99257472363056,-14441.1321965602,26483.3757073159,TRUE,FALSE,TRUE
9,196712,"p","2020-01-28 11:42:00",522.866666666667,TRUE,522.783333333333,0.0833333333340533,FALSE,TRUE,328.315103222834,1.09438367739999,3.93978123863997,5.93555268238082,-14113.3523942031,26520.5768643107,TRUE,FALSE,TRUE
9,196712,"p","2020-01-28 11:47:00",522.95,TRUE,522.866666666667,0.0833333333330302,FALSE,TRUE,328.315110895673,1.09438370298956,3.9397813307624,5.90107683713674,-13785.5725918456,26557.7780213149,TRUE,FALSE,TRUE
9,196712,"p","2020-01-28 11:52:00",523.033333333333,TRUE,522.95,0.0833333333329165,FALSE,TRUE,328.315118798831,1.09438372933491,3.93978142560568,5.86660090592645,-13457.7927894879,26594.9791783011,TRUE,FALSE,TRUE
9,196712,"p","2020-01-28 11:57:00",523.116666666667,TRUE,523.033333333333,0.0833333333340533,FALSE,TRUE,328.315126932793,1.09438375643319,3.93978152315947,5.83380501358497,-13130.012987131,26632.1803353083,TRUE,FALSE,TRUE
9,196712,"p","2020-01-28 12:02:00",523.2,TRUE,523.116666666667,0.0833333333330302,FALSE,TRUE,328.315135298958,1.09438378433384,3.93978162360183,5.7307296647623,-12802.2331847733,26669.381492302,TRUE,FALSE,TRUE
9,196712,"o","2020-01-28 12:04:00",523.233333333333,TRUE,523.2,0.033333333332962,FALSE,TRUE,131.49020865224,1.09575173878087,3.94470625961114,5.62602793776437,-12671.0477069115,26685.0531724963,TRUE,FALSE,TRUE
9,196712,"p","2020-01-28 12:07:00",523.283333333333,TRUE,523.233333333333,0.0499999999999545,FALSE,TRUE,231.238180030522,1.28465655572629,4.62476360061464,5.54021682511199,-12466.268420499,26794.6244599314,TRUE,FALSE,TRUE
9,196712,"p","2020-01-28 12:12:00",523.366666666667,TRUE,523.283333333333,0.0833333333340533,FALSE,TRUE,386.127398017144,1.28709132671269,4.6335287761657,5.45464932162879,-12124.8470149473,26978.5619679807,TRUE,FALSE,TRUE
9,196712,"p","2020-01-28 12:17:00",523.45,TRUE,523.366666666667,0.0833333333330302,FALSE,TRUE,386.127489641825,1.2870916321441,4.63352987571876,5.36908198018758,-11783.4256093948,27162.4994760281,TRUE,FALSE,TRUE
9,196712,"p","2020-01-28 12:22:00",523.533333333333,TRUE,523.45,0.0833333333329165,FALSE,TRUE,386.127581636636,1.28709193879522,4.63353097966281,5.28351480034698,-11442.0042038426,27346.4369840782,TRUE,FALSE,TRUE
9,196712,"p","2020-01-28 12:27:00",523.616666666667,TRUE,523.533333333333,0.0833333333340533,FALSE,TRUE,386.127674007885,1.28709224668183,4.63353208805458,5.20157658325076,-11100.5827982907,27530.374492131,TRUE,FALSE,TRUE
9,196712,"p","2020-01-28 12:32:00",523.7,TRUE,523.616666666667,0.0833333333330302,FALSE,TRUE,386.127766755043,1.28709255585483,4.63353320107737,5.18215023069291,-10759.1613927384,27714.3120001817,TRUE,FALSE,TRUE
9,196712,"p","2020-01-28 12:37:00",523.783333333333,TRUE,523.7,0.0833333333329165,FALSE,TRUE,386.127859872579,1.28709286624837,4.63353431849412,5.16249470578268,-10417.7399871861,27898.2495082254,TRUE,FALSE,TRUE
9,196712,"p","2020-01-28 12:42:00",523.866666666667,TRUE,523.783333333333,0.0833333333340533,FALSE,TRUE,386.127953366308,1.28709317787657,4.63353544035567,5.14283918430327,-10076.3185816343,28082.1870162751,TRUE,FALSE,TRUE
9,196712,"p","2020-01-28 12:47:00",523.95,TRUE,523.866666666667,0.0833333333330302,FALSE,TRUE,386.128047235702,1.28709349079035,4.63353656684528,5.12318366618821,-9734.89717608207,28266.1245243286,TRUE,FALSE,TRUE
9,196712,"p","2020-01-28 12:52:00",524.033333333333,TRUE,523.95,0.0833333333329165,FALSE,TRUE,386.12814147723,1.28709380493054,4.63353769774994,5.10273703496234,-9393.47577052965,28450.0620323721,TRUE,FALSE,TRUE
9,196712,"p","2020-01-28 12:57:00",524.116666666667,TRUE,524.033333333333,0.0833333333340533,FALSE,TRUE,386.128236094213,1.28709412030292,4.63353883309052,4.95267939329401,-9052.05436497776,28633.9995404259,TRUE,FALSE,TRUE
9,196712,"p","2020-01-28 13:02:00",524.2,TRUE,524.116666666667,0.0833333333330302,FALSE,TRUE,386.128331083276,1.28709443694894,4.63353997301617,4.79876344417631,-8710.63295942542,28817.9370484669,TRUE,FALSE,TRUE
9,196712,"p","2020-01-28 13:07:00",524.283333333333,TRUE,524.2,0.0833333333329165,FALSE,TRUE,386.128426451089,1.2870947548434,4.63354111743624,4.64484754174338,-8369.21155387315,29001.8745565251,TRUE,FALSE,TRUE
9,196712,"p","2020-01-28 13:12:00",524.366666666667,TRUE,524.283333333333,0.0833333333340533,FALSE,TRUE,386.128522188937,1.287095073952,4.63354226622721,4.49093168479989,-8027.79014832117,29185.8120645664,TRUE,FALSE,TRUE
9,196712,"p","2020-01-28 13:17:00",524.45,TRUE,524.366666666667,0.0833333333330302,FALSE,TRUE,386.128618302142,1.28709539434515,4.63354341964256,4.34095244200553,-7686.36874276895,29369.7495726131,TRUE,FALSE,TRUE
9,196712,"p","2020-01-28 13:22:00",524.533333333333,TRUE,524.45,0.0833333333329165,FALSE,TRUE,386.128714792023,1.28709571597985,4.63354457752745,4.42903897420106,-7344.94733721651,29553.687080668,TRUE,FALSE,TRUE
9,196712,"p","2020-01-28 13:27:00",524.616666666667,TRUE,524.533333333333,0.0833333333340533,FALSE,TRUE,386.128811652379,1.28709603883014,4.63354573978852,4.51625023849968,-7003.52593166467,29737.624588718,TRUE,FALSE,TRUE
9,196712,"p","2020-01-28 13:32:00",524.7,TRUE,524.616666666667,0.0833333333330302,FALSE,TRUE,386.128908890034,1.28709636297146,4.63354690669727,4.60346154238168,-6662.10452611239,29921.5620967678,TRUE,FALSE,TRUE
9,196712,"p","2020-01-28 13:37:00",524.783333333333,TRUE,524.7,0.0833333333329165,FALSE,TRUE,386.129006498956,1.28709668833629,4.63354807801065,4.69067288597151,-6320.68312056005,30105.4996048183,TRUE,FALSE,TRUE
9,196712,"p","2020-01-28 13:42:00",524.866666666667,TRUE,524.783333333333,0.0833333333340533,FALSE,TRUE,386.129104485483,1.28709701494049,4.63354925378577,4.7815041591319,-5979.26171500823,30289.4371128685,TRUE,FALSE,TRUE
9,196712,"p","2020-01-28 13:47:00",524.95,TRUE,524.866666666667,0.0833333333330302,FALSE,TRUE,386.129202844069,1.28709734281825,4.63355043414568,4.77328779546886,-5637.84030945604,30473.3746209139,TRUE,FALSE,TRUE
9,196712,"p","2020-01-28 13:52:00",525.033333333333,TRUE,524.95,0.0833333333329165,FALSE,TRUE,386.129301578381,1.28709767193437,4.63355161896375,4.76394606512177,-5296.41890390359,30657.3121289635,TRUE,FALSE,TRUE
9,196712,"p","2020-01-28 13:57:00",525.116666666667,TRUE,525.033333333333,0.0833333333340533,FALSE,TRUE,386.12940068506,1.28709800227241,4.63355280818069,4.7541995603043,-4954.99749835161,30841.2496370143,TRUE,FALSE,TRUE
9,196712,"p","2020-01-28 14:02:00",525.2,TRUE,525.116666666667,0.0833333333330302,FALSE,TRUE,386.12950016659,1.28709833389332,4.63355400201593,4.71190751075505,-4613.57609279931,31025.187145056,TRUE,FALSE,TRUE
9,196712,"p","2020-01-28 14:07:00",525.283333333333,TRUE,525.2,0.0833333333329165,FALSE,TRUE,386.1296000238,1.28709866675244,4.63355520030877,4.66928931540063,-4272.15468724716,31209.1246531147,TRUE,FALSE,TRUE
9,196712,"p","2020-01-28 14:12:00",525.366666666667,TRUE,525.283333333333,0.0833333333340533,FALSE,TRUE,386.129700253657,1.2870990008344,4.63355640300385,4.62667114820425,-3930.733281695,31393.0621611632,TRUE,FALSE,TRUE
9,196712,"p","2020-01-28 14:17:00",525.45,TRUE,525.366666666667,0.0833333333330302,FALSE,TRUE,386.129800858659,1.28709933620021,4.63355761032076,4.58405300900178,-3589.31187614278,31576.9996692094,TRUE,FALSE,TRUE
9,196712,"p","2020-01-28 14:22:00",525.533333333333,TRUE,525.45,0.0833333333329165,FALSE,TRUE,386.129901838458,1.2870996728013,4.63355882208467,4.54143489761621,-3247.89047059067,31760.9371772585,TRUE,FALSE,TRUE
9,196712,"p","2020-01-28 14:27:00",525.616666666667,TRUE,525.533333333333,0.0833333333340533,FALSE,TRUE,386.130003189689,1.28710001062117,4.63356003823623,4.49937301089754,-2906.46906503866,31944.8746853068,TRUE,FALSE,TRUE
9,196712,"p","2020-01-28 14:32:00",525.7,TRUE,525.616666666667,0.0833333333330302,FALSE,TRUE,386.130104918534,1.28710034973313,4.63356125903927,4.51781039743448,-2565.04765948642,32128.8121933579,TRUE,FALSE,TRUE
9,196712,"p","2020-01-28 14:37:00",525.783333333333,TRUE,525.7,0.0833333333329165,FALSE,TRUE,386.130207020629,1.2871006900752,4.63356248427072,4.537082098702,-2223.62625393384,32312.7497014051,TRUE,FALSE,TRUE
9,196712,"p","2020-01-28 14:42:00",525.866666666667,TRUE,525.783333333333,0.0833333333340533,FALSE,TRUE,386.13030949664,1.28710103164435,4.63356371391965,4.55635383156748,-1882.20484838217,32496.6872094576,TRUE,FALSE,TRUE
9,196712,"p","2020-01-28 14:47:00",525.95,TRUE,525.866666666667,0.0833333333330302,FALSE,TRUE,386.130412345025,1.2871013744881,4.63356494815716,4.5756255960828,-1540.78344282965,32680.6247175054,TRUE,FALSE,TRUE
9,196712,"p","2020-01-28 14:52:00",526.033333333333,TRUE,525.95,0.0833333333329165,FALSE,TRUE,386.13051557116,1.28710171857697,4.6335661868771,4.59489739229718,-1199.36203727742,32864.5622255543,TRUE,FALSE,TRUE
9,196712,"p","2020-01-28 14:57:00",526.116666666667,TRUE,526.033333333333,0.0833333333340533,FALSE,TRUE,386.130619169996,1.28710206388887,4.63356742999992,4.61416922025268,-857.940631725313,33048.4997336082,TRUE,FALSE,TRUE
9,196712,"p","2020-01-28 15:02:00",526.2,TRUE,526.116666666667,0.0833333333330302,FALSE,TRUE,386.130723142192,1.28710241047866,4.63356867772316,4.63330428742246,-516.519226173001,33232.4372416555,TRUE,FALSE,TRUE
9,196712,"p","2020-01-28 15:07:00",526.283333333333,TRUE,526.2,0.0833333333329165,FALSE,TRUE,386.130827489756,1.28710275830563,4.63356992990025,4.63354890768039,-175.097820620761,33416.374749698,TRUE,FALSE,TRUE
9,196712,"p","2020-01-28 15:12:00",526.366666666667,TRUE,526.283333333333,0.0833333333340533,FALSE,TRUE,386.130932211338,1.28710310736001,4.63357118649602,4.63355008574512,166.323584931289,33600.3122577454,TRUE,FALSE,TRUE
9,196712,"p","2020-01-28 15:17:00",526.45,TRUE,526.366666666667,0.0833333333330302,FALSE,TRUE,386.131037307261,1.28710345769555,4.63357244770398,4.63355126830027,507.744990483576,33784.2497657999,TRUE,FALSE,TRUE
9,196712,"p","2020-01-28 15:22:00",526.533333333333,TRUE,526.45,0.0833333333329165,FALSE,TRUE,386.131142777522,1.28710380926484,4.63357371335344,4.63355245534723,849.166396035925,33968.1872738511,TRUE,FALSE,TRUE
9,196712,"p","2020-01-28 15:27:00",526.616666666667,TRUE,526.533333333333,0.0833333333340533,FALSE,TRUE,386.131248620439,1.28710416205701,4.63357498340524,4.63355364688475,1190.58780158795,34152.1247819035,TRUE,FALSE,TRUE
9,196712,"o","2020-01-28 15:30:00",526.666666666667,TRUE,526.616666666667,0.0499999999999545,FALSE,TRUE,224.910533535296,1.24950296408611,4.49821067071,4.62979468770788,1389.02931755443,34260.0485284108,TRUE,FALSE,TRUE
9,196712,"p","2020-01-28 15:32:00",526.7,TRUE,526.666666666667,0.0333333333330756,FALSE,TRUE,347.172394714299,2.89310328930819,10.4151718415095,4.79039573001386,1056.40046409358,34155.1489298194,TRUE,FALSE,TRUE
9,196712,"p","2020-01-28 15:37:00",526.783333333333,TRUE,526.7,0.0833333333329165,FALSE,TRUE,884.973500115747,2.94991166706725,10.6196820014421,4.95667757893293,208.800012028111,33886.8030375557,TRUE,FALSE,TRUE
9,196712,"p","2020-01-28 15:42:00",526.866666666667,TRUE,526.783333333333,0.0833333333340533,FALSE,TRUE,884.973147698861,2.94991049230405,10.6196777722946,5.1229592790843,-638.800440036552,33618.4571452825,TRUE,FALSE,TRUE
9,196712,"p","2020-01-28 15:47:00",526.95,TRUE,526.866666666667,0.0833333333330302,FALSE,TRUE,884.972799803265,2.94990933268828,10.6196735976778,5.28924083186007,-1486.40089210213,33350.1112530069,TRUE,FALSE,TRUE
9,196712,"p","2020-01-28 15:52:00",527.033333333333,TRUE,526.95,0.0833333333329165,FALSE,TRUE,884.972456423248,2.94990818809225,10.6196694771321,5.455522238639,-2334.00134416786,33081.7653607358,TRUE,FALSE,TRUE
9,196712,"p","2020-01-28 15:57:00",527.116666666667,TRUE,527.033333333333,0.0833333333340533,FALSE,TRUE,884.97211756197,2.94990705851441,10.6196654106519,5.62180350079555,-3181.6017962322,32813.4194684666,TRUE,FALSE,TRUE
9,196712,"p","2020-01-28 16:02:00",527.2,TRUE,527.116666666667,0.0833333333330302,FALSE,TRUE,884.971783221044,2.94990594408088,10.6196613986912,5.7880846197193,-4029.20224829794,32545.0735761935,TRUE,FALSE,TRUE
9,196712,"p","2020-01-28 16:07:00",527.283333333333,TRUE,527.2,0.0833333333329165,FALSE,TRUE,884.971453398072,2.949904844675,10.61965744083,5.9543655967916,-4876.80270036353,32276.7276839266,TRUE,FALSE,TRUE
9,196712,"p","2020-01-28 16:12:00",527.366666666667,TRUE,527.283333333333,0.0833333333340533,FALSE,TRUE,884.971128091497,2.9499037602795,10.6196535370062,6.12064643338503,-5724.40315242796,32008.381791659,TRUE,FALSE,TRUE
9,196712,"p","2020-01-28 16:17:00",527.45,TRUE,527.366666666667,0.0833333333330302,FALSE,TRUE,884.970807307743,2.94990269103654,10.6196496877315,6.2869271308907,-6572.00360449381,31740.0358993815,TRUE,FALSE,TRUE
9,196712,"p","2020-01-28 16:22:00",527.533333333333,TRUE,527.45,0.0833333333329165,FALSE,TRUE,884.970491039297,2.94990163681241,10.6196458925247,6.45320769068893,-7419.60405655936,31471.6900071139,TRUE,FALSE,TRUE
9,196712,"p","2020-01-28 16:27:00",527.616666666667,TRUE,527.533333333333,0.0833333333340533,FALSE,TRUE,884.970179290238,2.94990059760864,10.6196421513911,6.61948811415265,-8267.20450862397,31203.3441148427,TRUE,FALSE,TRUE
9,196712,"p","2020-01-28 16:32:00",527.7,TRUE,527.616666666667,0.0833333333330302,FALSE,TRUE,884.969872060622,2.94989957354614,10.6196384647661,6.78576840267363,-9114.80496068933,30934.998222573,TRUE,FALSE,TRUE
9,196712,"p","2020-01-28 16:37:00",527.783333333333,TRUE,527.7,0.0833333333329165,FALSE,TRUE,884.969569349338,2.94989856451255,10.6196348322452,6.95204855763084,-9962.40541275504,30666.6523303032,TRUE,FALSE,TRUE
9,196712,"p","2020-01-28 16:42:00",527.866666666667,TRUE,527.783333333333,0.0833333333340533,FALSE,TRUE,884.969271155325,2.94989757049226,10.6196312537721,7.11832858039824,-10810.0058648196,30398.3064380313,TRUE,FALSE,TRUE
9,196712,"p","2020-01-28 16:47:00",527.95,TRUE,527.866666666667,0.0833333333330302,FALSE,TRUE,884.968977483282,2.94989659162167,10.619627729838,7.28460847236697,-11657.6063168851,30129.9605457583,TRUE,FALSE,TRUE
9,196712,"p","2020-01-28 16:52:00",528.033333333333,TRUE,527.95,0.0833333333329165,FALSE,TRUE,884.968688328467,2.94989562777631,10.6196242599947,7.45088823491736,-12505.2067689505,29861.6146534825,TRUE,FALSE,TRUE
9,196712,"p","2020-01-28 16:57:00",528.116666666667,TRUE,528.033333333333,0.0833333333340533,FALSE,TRUE,884.968403689558,2.94989467893971,10.6196208441829,7.617167869422,-13352.8072210153,29593.2687612211,TRUE,FALSE,TRUE
9,196712,"p","2020-01-28 17:02:00",528.2,TRUE,528.116666666667,0.0833333333330302,FALSE,TRUE,884.968123573435,2.94989374525551,10.6196174829199,7.78344737727231,-14200.4076730805,29324.9228689521,TRUE,FALSE,TRUE
9,196712,"p","2020-01-28 17:07:00",528.283333333333,TRUE,528.2,0.0833333333329165,FALSE,TRUE,884.967847975454,2.9498928265996,10.6196141757586,7.94972675984883,-15048.0081251462,29056.5769766732,TRUE,FALSE,TRUE
9,196712,"o","2020-01-28 17:10:00",528.333333333333,TRUE,528.283333333333,0.0500000000000682,FALSE,TRUE,527.410829747639,2.93006016526066,10.5482165949384,8.11402284275487,-15553.3701823101,28897.3483562822,TRUE,FALSE,TRUE
9,196712,"p","2020-01-28 17:12:00",528.366666666667,TRUE,528.333333333333,0.0333333333339851,FALSE,TRUE,106.940180625358,0.891168171860554,3.20820541869799,8.0744296926608,-15658.3568366543,28920.195569036,TRUE,FALSE,TRUE
9,196712,"p","2020-01-28 17:17:00",528.45,TRUE,528.366666666667,0.0833333333330302,FALSE,TRUE,260.590277658886,0.868634258866115,3.12708333191801,8.03258311748529,-15912.8279373263,28981.7608883449,TRUE,FALSE,TRUE
9,196712,"p","2020-01-28 17:22:00",528.533333333333,TRUE,528.45,0.0833333333329165,FALSE,TRUE,260.590307720286,0.868634359071965,3.12708369265907,7.99073651841918,-16167.2990379983,29043.3262076493,TRUE,FALSE,TRUE
9,196712,"p","2020-01-28 17:27:00",528.616666666667,TRUE,528.533333333333,0.0833333333340533,FALSE,TRUE,260.590337897049,0.868634459649326,3.12708405473757,7.94888989537659,-16421.7701386699,29104.8915269653,TRUE,FALSE,TRUE
9,196712,"p","2020-01-28 17:32:00",528.7,TRUE,528.616666666667,0.0833333333330302,FALSE,TRUE,260.59036818947,0.868634560634726,3.12708441828501,7.90704324827563,-16676.2412393419,29166.4568462754,TRUE,FALSE,TRUE
9,196712,"p","2020-01-28 17:37:00",528.783333333333,TRUE,528.7,0.0833333333329165,FALSE,TRUE,260.59039859697,0.868634661994244,3.12708478317928,7.86519657702624,-16930.7123400138,29228.0221655832,TRUE,FALSE,TRUE
9,196712,"p","2020-01-28 17:42:00",528.866666666667,TRUE,528.783333333333,0.0833333333340533,FALSE,TRUE,260.590429120619,0.868634763727891,3.12708514942041,7.82334988154133,-17185.1834406856,29289.5874848858,TRUE,FALSE,TRUE
9,196712,"p","2020-01-28 17:47:00",528.95,TRUE,528.866666666667,0.0833333333330302,FALSE,TRUE,260.590459758623,0.868634865865236,3.12708551711485,7.78150316173897,-17439.6545413576,29351.1528041964,TRUE,FALSE,TRUE
9,196712,"p","2020-01-28 17:52:00",529.033333333333,TRUE,528.95,0.0833333333329165,FALSE,TRUE,260.590490513663,0.868634968383223,3.1270858861796,7.73965641752943,-17694.1256420295,29412.7181235062,TRUE,FALSE,TRUE
9,196712,"p","2020-01-28 17:57:00",529.116666666667,TRUE,529.033333333333,0.0833333333340533,FALSE,TRUE,260.590521382746,0.868635071268314,3.12708625656593,7.69780964882569,-17948.5967427015,29474.2834428096,TRUE,FALSE,TRUE
9,196712,"o","2020-01-28 17:59:00",529.15,TRUE,529.116666666667,0.033333333332962,FALSE,TRUE,101.987229473004,0.849893578951166,3.0596168842242,7.65408869598481,-18048.7254468473,29496.0512674656,TRUE,FALSE,TRUE
9,196712,"p","2020-01-28 18:02:00",529.2,TRUE,529.15,0.0500000000000682,FALSE,TRUE,279.096815365748,1.55053786314093,5.58193630730735,7.68043213652935,-18018.3826059012,29217.7943594653,TRUE,FALSE,TRUE
9,196712,"p","2020-01-28 18:07:00",529.283333333333,TRUE,529.2,0.0833333333329165,FALSE,TRUE,470.186548440767,1.5672884948104,5.64223858131743,7.7084506050839,-17965.0449774522,28749.2690076913,TRUE,FALSE,TRUE
9,196712,"p","2020-01-28 18:12:00",529.366666666667,TRUE,529.283333333333,0.0833333333340533,FALSE,TRUE,470.186227006926,1.56728742334288,5.64223472403437,7.73646893121249,-17911.7073490036,28280.7436559142,TRUE,FALSE,TRUE
9,196712,"p","2020-01-28 18:17:00",529.45,TRUE,529.366666666667,0.0833333333330302,FALSE,TRUE,470.185906240889,1.567286354142,5.6422308749112,7.76824727021808,-17858.3697205548,27812.2183041386,TRUE,FALSE,TRUE
9,196712,"p","2020-01-28 18:22:00",529.533333333333,TRUE,529.45,0.0833333333329165,FALSE,TRUE,470.185586142708,1.5672852871502,5.64222703374072,7.63566547000228,-17805.0320921062,27343.6929523446,TRUE,FALSE,TRUE
9,196712,"p","2020-01-28 18:27:00",529.616666666667,TRUE,529.533333333333,0.0833333333340533,FALSE,TRUE,470.185266697168,1.56728422231035,5.64222320031727,7.49740272552659,-17751.6944636574,26875.1676005728,TRUE,FALSE,TRUE
9,196712,"p","2020-01-28 18:32:00",529.7,TRUE,529.616666666667,0.0833333333330302,FALSE,TRUE,470.184947926772,1.56728315976161,5.64221937514179,7.35913999227235,-17698.3568352087,26406.6422487976,TRUE,FALSE,TRUE
9,196712,"p","2020-01-28 18:37:00",529.783333333333,TRUE,529.7,0.0833333333329165,FALSE,TRUE,470.184629819073,1.56728209940475,5.6422155578571,7.22087726894399,-17645.0192067597,25938.1168970144,TRUE,FALSE,TRUE
9,196712,"p","2020-01-28 18:42:00",529.866666666667,TRUE,529.783333333333,0.0833333333340533,FALSE,TRUE,470.184312374143,1.5672810412336,5.64221174844097,7.08261455425813,-17591.6815783111,25469.591545241,TRUE,FALSE,TRUE
9,196712,"o","2020-01-28 18:45:00",529.916666666667,TRUE,529.866666666667,0.0499999999999545,FALSE,TRUE,280.51051855503,1.55839176975158,5.61021037110569,6.94346302538185,-17560.2885740376,25190.022383405,TRUE,FALSE,TRUE
9,196712,"p","2020-01-28 18:47:00",529.95,TRUE,529.916666666667,0.0333333333330756,FALSE,TRUE,77.5905045121974,0.646587537606644,2.32771513538392,6.71313118473442,-17583.5636266344,25115.7560988717,TRUE,FALSE,TRUE
9,196712,"p","2020-01-28 18:52:00",530.033333333333,TRUE,529.95,0.0833333333329165,FALSE,TRUE,190.768427969822,0.635894759902588,2.28922113564932,6.48173017625718,-17643.275190116,24933.9555106201,TRUE,FALSE,TRUE
9,196712,"p","2020-01-28 18:57:00",530.116666666667,TRUE,530.033333333333,0.0833333333340533,FALSE,TRUE,190.768379951372,0.635894599832414,2.28922055939669,6.25032926021247,-17702.986753598,24752.154922375,TRUE,FALSE,TRUE
9,196712,"p","2020-01-28 19:02:00",530.2,TRUE,530.116666666667,0.0833333333330302,FALSE,TRUE,190.768331974783,0.635894439918258,2.28921998370573,6.01892843510064,-17762.6983170793,24570.3543341363,TRUE,FALSE,TRUE
9,196712,"p","2020-01-28 19:07:00",530.283333333333,TRUE,530.2,0.0833333333329165,FALSE,TRUE,190.768284047449,0.635894280161345,2.28921940858084,5.78752769943554,-17822.4098805611,24388.5537458915,TRUE,FALSE,TRUE
9,196712,"p","2020-01-28 19:12:00",530.366666666667,TRUE,530.283333333333,0.0833333333340533,FALSE,TRUE,190.768236163509,0.635894120539537,2.28921883394233,5.55612705172863,-17882.1214440427,24206.753157636,TRUE,FALSE,TRUE
9,196712,"o","2020-01-28 19:17:00",530.45,TRUE,530.366666666667,0.0833333333330302,FALSE,TRUE,192.307094180109,0.641023647269363,2.30768513016971,5.32523945910095,-17943.8142606114,24023.9834187092,TRUE,FALSE,TRUE
9,196712,"p","2020-01-28 19:22:00",530.533333333333,TRUE,530.45,0.0833333333329165,FALSE,TRUE,555.245934629574,1.85081978210784,6.66295121558822,5.21533158086048,-18368.9806871286,23663.4167587633,TRUE,FALSE,TRUE
9,196712,"p","2020-01-28 19:27:00",530.616666666667,TRUE,530.533333333333,0.0833333333340533,FALSE,TRUE,557.374265176598,1.85791421723927,6.68849118206138,5.10613324553518,-18796.1283667327,23301.8809481317,TRUE,FALSE,TRUE
9,196712,"p","2020-01-28 19:32:00",530.7,TRUE,530.616666666667,0.0833333333330302,FALSE,TRUE,557.374009556598,1.85791336519542,6.68848811470351,4.99693492289255,-19223.2760463374,22940.3451374979,TRUE,FALSE,TRUE
9,196712,"p","2020-01-28 19:37:00",530.783333333333,TRUE,530.7,0.0833333333329165,FALSE,TRUE,557.373755057772,1.85791251686853,6.68848506072672,4.88773661180178,-19650.4237259419,22578.8093268663,TRUE,FALSE,TRUE
9,196712,"p","2020-01-28 19:42:00",530.866666666667,TRUE,530.783333333333,0.0833333333340533,FALSE,TRUE,557.373501677936,1.85791167224373,6.68848202007744,4.77853831113218,-20077.571405546,22217.2735162285,TRUE,FALSE,TRUE
9,196712,"o","2020-01-28 19:45:00",530.916666666667,TRUE,530.866666666667,0.0499999999999545,FALSE,TRUE,334.694451416861,1.85941361898425,6.69388902834331,4.66949029850505,-20334.9594320017,22001.2310223219,TRUE,FALSE,TRUE
9,196712,"p","2020-01-28 19:47:00",530.95,TRUE,530.916666666667,0.0333333333330756,FALSE,TRUE,262.614175871142,2.18845146560977,7.87842527619518,4.59334616240607,-20586.2767896081,21920.9436261012,TRUE,FALSE,TRUE
9,196712,"p","2020-01-28 19:52:00",531.033333333333,TRUE,530.95,0.0833333333329165,FALSE,TRUE,658.479121612144,2.19493040538479,7.90174945938525,4.51983318641848,-21217.3187303568,21722.4226167226,TRUE,FALSE,TRUE
9,196712,"p","2020-01-28 19:57:00",531.116666666667,TRUE,531.033333333333,0.0833333333340533,FALSE,TRUE,658.478995359062,2.19492998451124,7.90174794424047,4.65020936768355,-21848.3606711045,21523.9016073536,TRUE,FALSE,TRUE
10,196712,"p","2020-01-29 18:22:00",553.533333333333,TRUE,553.516666666667,0.0166666666659694,FALSE,TRUE,121.928572239236,2.03214287073896,7.31571433466025,1.20391564111842,-4793.23311277538,25824.6114552007,TRUE,TRUE,TRUE
10,196712,"p","2020-01-29 18:27:00",553.616666666667,TRUE,553.533333333333,0.0833333333340533,FALSE,TRUE,624.84374298552,2.0828124766004,7.49812491576145,1.38571916986649,-4524.54257901636,26390.974516748,TRUE,FALSE,TRUE
10,196712,"p","2020-01-29 18:32:00",553.7,TRUE,553.616666666667,0.0833333333330302,FALSE,TRUE,624.844244593669,2.08281414865314,7.4981309351513,1.56752286515684,-4255.85204524973,26957.3375783239,TRUE,FALSE,TRUE
10,196712,"p","2020-01-29 18:37:00",553.783333333333,TRUE,553.7,0.0833333333329165,FALSE,TRUE,624.844747734306,2.08281582579144,7.49813697284918,1.74932672749691,-3987.16151148286,27523.7006399107,TRUE,FALSE,TRUE
10,196712,"p","2020-01-29 18:42:00",553.866666666667,TRUE,553.783333333333,0.0833333333340533,FALSE,TRUE,624.845252441337,2.0828175081198,7.49814302923126,1.93113075740438,-3718.47097771633,28090.0637014847,TRUE,FALSE,TRUE
10,196712,"p","2020-01-29 18:47:00",553.95,TRUE,553.866666666667,0.0833333333330302,FALSE,TRUE,624.845758715615,2.08281919572629,7.49814910461466,2.11293495540674,-3449.78044394957,28656.426763073,TRUE,FALSE,TRUE
10,196712,"p","2020-01-29 18:52:00",554.033333333333,TRUE,553.95,0.0833333333329165,FALSE,TRUE,624.84626655718,2.08282088853435,7.49815519872366,2.2947393220223,-3181.08991018277,29222.7898246463,TRUE,FALSE,TRUE
10,196712,"p","2020-01-29 18:57:00",554.116666666667,TRUE,554.033333333333,0.0833333333340533,FALSE,TRUE,624.846775962485,2.08282258652362,7.49816131148503,2.47654385776818,-2912.39937641632,29789.1528862306,TRUE,FALSE,TRUE
10,196712,"p","2020-01-29 19:02:00",554.2,TRUE,554.116666666667,0.0833333333330302,FALSE,TRUE,624.847286932296,2.0828242897819,7.49816744321482,2.65834856317087,-2643.70884264968,30355.5159478136,TRUE,FALSE,TRUE
10,196712,"p","2020-01-29 19:07:00",554.283333333333,TRUE,554.2,0.0833333333329165,FALSE,TRUE,624.847799469283,2.08282599824136,7.4981735936689,2.84015343874844,-2375.01830888292,30921.8790093901,TRUE,FALSE,TRUE
10,196712,"p","2020-01-29 19:12:00",554.366666666667,TRUE,554.283333333333,0.0833333333340533,FALSE,TRUE,624.848313571252,2.08282771188618,7.49817976279024,3.02195848501876,-2106.32777511615,31488.2420709691,TRUE,FALSE,TRUE
10,196712,"p","2020-01-29 19:17:00",554.45,TRUE,554.366666666667,0.0833333333330302,FALSE,TRUE,624.848829238641,2.08282943080305,7.49818595089097,3.20376370250858,-1837.63724134934,32054.605132548,TRUE,FALSE,TRUE
10,196712,"p","2020-01-29 19:22:00",554.533333333333,TRUE,554.45,0.0833333333329165,FALSE,TRUE,624.849346473082,2.08283115492069,7.49819215771449,3.38556909173575,-1568.94670758255,32620.9681941264,TRUE,FALSE,TRUE
10,196712,"p","2020-01-29 19:27:00",554.616666666667,TRUE,554.533333333333,0.0833333333340533,FALSE,TRUE,624.849865274848,2.0828328842315,7.4981983832334,3.56737465321909,-1300.25617381608,33187.3312557021,TRUE,FALSE,TRUE
10,196712,"o","2020-01-29 19:29:00",554.65,TRUE,554.616666666667,0.033333333332962,FALSE,TRUE,248.502249143301,2.07085207621725,7.4550674743821,3.74798213322532,-1192.49110043264,33412.1422785127,TRUE,FALSE,TRUE
10,196712,"p","2020-01-29 19:32:00",554.7,TRUE,554.65,0.0500000000000682,FALSE,TRUE,242.631144585767,1.34795080325242,4.85262289170872,3.85629948525736,-999.423087907696,33560.7229934422,TRUE,FALSE,TRUE
10,196712,"p","2020-01-29 19:37:00",554.783333333333,TRUE,554.7,0.0833333333329165,FALSE,TRUE,403.013187337299,1.34337729113105,4.83615824807178,3.96415948539938,-677.16163390503,33805.4671819451,TRUE,FALSE,TRUE
10,196712,"p","2020-01-29 19:42:00",554.866666666667,TRUE,554.783333333333,0.0833333333340533,FALSE,TRUE,403.013332638317,1.34337777544945,4.83615999161802,4.07201953329415,-354.900179902776,34050.2113704437,TRUE,FALSE,TRUE
10,196712,"p","2020-01-29 19:47:00",554.95,TRUE,554.866666666667,0.0833333333330302,FALSE,TRUE,403.013478362563,1.34337826121343,4.83616174036835,4.17987962908441,-32.6387259001678,34294.9555589412,TRUE,FALSE,TRUE
10,196712,"p","2020-01-29 19:52:00",555.033333333333,TRUE,554.95,0.0833333333329165,FALSE,TRUE,403.013624512897,1.34337874838304,4.83616349417895,4.28773977291017,289.622728102518,34539.6997474444,TRUE,FALSE,TRUE
10,196712,"o","2020-01-29 19:54:00",555.066666666667,TRUE,555.033333333333,0.0333333333339851,FALSE,TRUE,160.298480937623,1.33582067445407,4.80895442803466,4.39484410866081,417.355260902509,34637.6298701361,TRUE,FALSE,TRUE
10,196712,"p","2020-01-29 19:57:00",555.116666666667,TRUE,555.066666666667,0.0500000000000682,FALSE,TRUE,163.000550974581,0.905558616524217,3.26001101948718,4.45892223793447,481.465793186936,34788.0544718632,TRUE,FALSE,TRUE
10,196712,"p","2020-01-29 20:02:00",555.2,TRUE,555.116666666667,0.0833333333330302,FALSE,TRUE,270.962346196298,0.903207820657611,3.2515481543674,4.52276528693664,586.36326565922,35038.8162202404,TRUE,FALSE,TRUE
10,196712,"p","2020-01-29 20:07:00",555.283333333333,TRUE,555.2,0.0833333333329165,FALSE,TRUE,270.962447278697,0.903208157600175,3.25154936736063,4.58660836894775,691.260738131594,35289.5779686039,TRUE,FALSE,TRUE
10,196712,"p","2020-01-29 20:12:00",555.366666666667,TRUE,555.283333333333,0.0833333333340533,FALSE,TRUE,270.962548491072,0.903208494962437,3.25155058186477,4.65045148400754,796.158210603613,35540.3397169879,TRUE,FALSE,TRUE
10,196712,"p","2020-01-29 20:17:00",555.45,TRUE,555.366666666667,0.0833333333330302,FALSE,TRUE,270.962649828464,0.903208832764832,3.2515517979534,4.7142946321595,901.055683075864,35791.1014653563,TRUE,FALSE,TRUE
10,196712,"p","2020-01-29 20:22:00",555.533333333333,TRUE,555.45,0.0833333333329165,FALSE,TRUE,270.962751296992,0.903209170994491,3.25155301558017,4.77813781344592,1005.95315554828,36041.8632137323,TRUE,FALSE,TRUE
10,196712,"p","2020-01-29 20:27:00",555.616666666667,TRUE,555.533333333333,0.0833333333340533,FALSE,TRUE,270.962852888507,0.903209509620552,3.25155423463399,4.84198102790373,1110.85062802031,36292.6249621009,TRUE,FALSE,TRUE
10,196712,"p","2020-01-29 20:32:00",555.7,TRUE,555.616666666667,0.0833333333330302,FALSE,TRUE,270.96295461116,0.903209848707153,3.25155545534575,4.9055488837205,1215.74810049265,36543.3867104668,TRUE,FALSE,TRUE
10,196712,"p","2020-01-29 20:37:00",555.783333333333,TRUE,555.7,0.0833333333329165,FALSE,TRUE,270.963056460423,0.903210188205928,3.25155667754134,4.95900149065318,1320.64557296474,36794.1484588415,TRUE,FALSE,TRUE
10,196712,"o","2020-01-29 20:41:00",555.85,TRUE,555.783333333333,0.0666666666670608,FALSE,TRUE,216.093257972931,0.900388574881889,3.2413988695748,5.01210018034876,1404.8591430622,36993.8977459085,TRUE,FALSE,TRUE
10,196712,"p","2020-01-29 20:42:00",555.866666666667,TRUE,555.85,0.0166666666669926,FALSE,TRUE,36.8122514404354,0.61353752399526,2.20873508638293,5.0365137642852,1436.50693703349,37013.0075613899,TRUE,FALSE,TRUE
10,196712,"p","2020-01-29 20:47:00",555.95,TRUE,555.866666666667,0.0833333333330302,FALSE,TRUE,183.153633953469,0.610512113180451,2.19784360744962,5.06062480646737,1596.22386747369,37104.2560806674,TRUE,FALSE,TRUE
10,196712,"p","2020-01-29 20:52:00",556.033333333333,TRUE,555.95,0.0833333333329165,FALSE,TRUE,183.153659325283,0.610512197753998,2.19784391191439,5.08473585643135,1755.94079791656,37195.5045999556,TRUE,FALSE,TRUE
10,196712,"p","2020-01-29 20:57:00",556.116666666667,TRUE,556.033333333333,0.0833333333340533,FALSE,TRUE,183.153684736541,0.61051228244986,2.1978442168195,5.10884691418571,1915.65772835901,37286.7531192324,TRUE,FALSE,TRUE
10,196712,"p","2020-01-29 21:02:00",556.2,TRUE,556.116666666667,0.0833333333330302,FALSE,TRUE,183.153710188323,0.610512367296632,2.19784452226787,5.13241783002489,2075.37465880168,37378.0016385119,TRUE,FALSE,TRUE
10,196712,"p","2020-01-29 21:07:00",556.283333333333,TRUE,556.2,0.0833333333329165,FALSE,TRUE,182.120942340761,0.607069807805572,2.18545130810006,4.98991052373155,2234.23269379029,37468.6627966237,TRUE,FALSE,TRUE
10,196712,"p","2020-01-29 21:12:00",556.366666666667,TRUE,556.283333333333,0.0833333333340533,FALSE,TRUE,17.0932899691957,0.0569776332301601,0.205119479628576,4.78732703939452,2235.52083861694,37451.5687736583,TRUE,FALSE,TRUE
10,196712,"p","2020-01-29 21:17:00",556.45,TRUE,556.366666666667,0.0833333333330302,FALSE,TRUE,17.6360058216014,0.0587866860722187,0.211632069859987,4.58492429313643,2235.95008799644,37433.887389537,TRUE,FALSE,TRUE
10,196712,"o","2020-01-29 21:18:00",556.466666666667,TRUE,556.45,0.0166666666669926,FALSE,TRUE,2.5737576389276,0.0428959606479545,0.154425458332636,4.38093230662208,2236.84573356194,37431.4659893822,TRUE,FALSE,TRUE
10,196712,"p","2020-01-29 21:22:00",556.533333333333,TRUE,556.466666666667,0.0666666666659239,FALSE,TRUE,191.318234140937,0.797159308929451,2.86977351214602,4.25236648670305,2356.52478999413,37581.6148395306,TRUE,FALSE,TRUE
10,196712,"p","2020-01-29 21:27:00",556.616666666667,TRUE,556.533333333333,0.0833333333340533,FALSE,TRUE,240.86251376983,0.802875045892497,2.89035016521299,4.12437207171967,2507.13585515699,37770.6944980564,TRUE,FALSE,TRUE
10,196712,"p","2020-01-29 21:32:00",556.7,TRUE,556.616666666667,0.0833333333330302,FALSE,TRUE,240.862582844646,0.802875276151742,2.89035099414627,3.99637751048141,2657.74692031987,37959.7741565994,TRUE,FALSE,TRUE
10,196712,"p","2020-01-29 21:37:00",556.783333333333,TRUE,556.7,0.0833333333329165,FALSE,TRUE,240.86265200489,0.802875506686981,2.89035182407313,3.86838280249775,2808.35798548301,38148.8538151265,TRUE,FALSE,TRUE
10,196712,"o","2020-01-29 21:39:00",556.816666666667,TRUE,556.783333333333,0.0333333333339851,FALSE,TRUE,94.706959331224,0.789224661078101,2.84120877988116,3.73902283962737,2866.97160478189,38223.6769869555,TRUE,FALSE,TRUE
10,196712,"p","2020-01-29 21:42:00",556.866666666667,TRUE,556.816666666667,0.0500000000000682,FALSE,TRUE,92.2716990363467,0.512620550201227,1.84543398072442,3.58200229482335,2777.50289423947,38247.9472423528,TRUE,FALSE,TRUE
10,196712,"p","2020-01-29 21:47:00",556.95,TRUE,556.866666666667,0.0833333333330302,FALSE,TRUE,156.05691749804,0.520189724995358,1.87268300998329,3.42573849613427,2625.67036539087,38287.0498486971,TRUE,FALSE,TRUE
10,196712,"p","2020-01-29 21:52:00",557.033333333333,TRUE,556.95,0.0833333333329165,FALSE,TRUE,156.056926296639,0.520189754324731,1.87268311556903,3.26947452848644,2473.83783654212,38326.1524550432,TRUE,FALSE,TRUE
10,196712,"p","2020-01-29 21:57:00",557.116666666667,TRUE,557.033333333333,0.0833333333340533,FALSE,TRUE,156.056935120578,0.520189783730766,1.87268322143076,3.11321039136745,2322.00530769375,38365.2550613886,TRUE,FALSE,TRUE
10,196712,"p","2020-01-29 22:02:00",557.2,TRUE,557.116666666667,0.0833333333330302,FALSE,TRUE,156.056943969856,0.520189813234745,1.87268332764508,2.95694608426777,2170.1727788452,38404.3576677314,TRUE,FALSE,TRUE
10,196712,"p","2020-01-29 22:07:00",557.283333333333,TRUE,557.2,0.0833333333329165,FALSE,TRUE,156.056952843708,0.520189842814963,1.87268343413387,2.80187986092754,2018.34024999635,38443.4602740838,TRUE,FALSE,TRUE
10,196712,"o","2020-01-29 22:10:00",557.333333333333,TRUE,557.283333333333,0.0500000000000682,FALSE,TRUE,92.3062160344953,0.512812311302052,1.84612432068739,2.7183660117325,1929.61018347986,38470.4152020297,TRUE,FALSE,TRUE
10,196712,"p","2020-01-29 22:12:00",557.366666666667,TRUE,557.333333333333,0.0333333333339851,FALSE,TRUE,292.838317069961,2.44031930886862,8.78514951192703,2.82806021350626,2042.27967116643,38741.7096118581,TRUE,FALSE,TRUE
10,196712,"o","2020-01-29 22:17:00",557.45,TRUE,557.366666666667,0.0833333333330302,FALSE,TRUE,739.532160867166,2.46510720289952,8.87438593043828,2.94023315625127,2328.89292825193,39425.9707963241,TRUE,FALSE,TRUE
10,196712,"p","2020-01-29 22:22:00",557.533333333333,TRUE,557.45,0.0833333333329165,FALSE,TRUE,214.637201983865,0.715457339949795,2.57564642381926,2.87744106412491,2434.96871385298,39613.3860265997,TRUE,FALSE,TRUE
10,196712,"p","2020-01-29 22:27:00",557.616666666667,TRUE,557.533333333333,0.0833333333340533,FALSE,TRUE,211.804795156852,0.706015983850074,2.54165754186027,2.81370478767161,2540.06041034028,39798.0930063958,TRUE,FALSE,TRUE
10,196712,"p","2020-01-29 22:32:00",557.7,TRUE,557.616666666667,0.0833333333330302,FALSE,TRUE,211.80485485119,0.706016182839869,2.54165825822353,2.75072433851019,2645.1521068278,39982.7999861927,TRUE,FALSE,TRUE
10,196712,"p","2020-01-29 22:37:00",557.783333333333,TRUE,557.7,0.0833333333329165,FALSE,TRUE,211.804914604388,0.70601638201816,2.54165897526537,2.73077011505958,2750.24380331518,40167.5069659879,TRUE,FALSE,TRUE
10,196712,"p","2020-01-29 22:42:00",557.866666666667,TRUE,557.783333333333,0.0833333333340533,FALSE,TRUE,211.804974417715,0.706016581386284,2.54165969299062,2.71105099113245,2855.33549980228,40352.21394578,TRUE,FALSE,TRUE
10,196712,"p","2020-01-29 22:47:00",557.95,TRUE,557.866666666667,0.0833333333330302,FALSE,TRUE,211.805034296499,0.706016780990898,2.54166041156723,2.69133185347152,2960.42719628997,40536.9209255733,TRUE,FALSE,TRUE
10,196712,"o","2020-01-29 22:49:00",557.983333333333,TRUE,557.95,0.033333333332962,FALSE,TRUE,86.5359790964113,0.721133159144795,2.59607937292126,2.67312431988976,3003.16511785105,40612.4979153554,TRUE,FALSE,TRUE
10,196712,"p","2020-01-29 22:52:00",558.033333333333,TRUE,557.983333333333,0.0499999999999545,FALSE,TRUE,328.040665303461,1.82244814057644,6.5608133060752,2.76504825067092,3143.54890122568,40910.1478333169,TRUE,FALSE,TRUE
10,196712,"o","2020-01-29 22:55:00",558.083333333333,TRUE,558.033333333333,0.0500000000000682,FALSE,TRUE,328.10052618692,1.82278070103596,6.56201052372944,2.85700540367507,3285.95843184287,41206.903978471,TRUE,FALSE,TRUE
10,196712,"p","2020-01-29 22:57:00",558.116666666667,TRUE,558.083333333333,0.0333333333339851,FALSE,TRUE,190.345954716626,1.5862162892742,5.71037864138713,2.92530608164043,3476.9457433979,41217.0723768735,TRUE,FALSE,TRUE
10,196712,"p","2020-01-29 23:02:00",558.2,TRUE,558.116666666667,0.0833333333330302,FALSE,TRUE,478.857725686496,1.59619241896079,5.74629270825885,2.99460433866579,3957.72528297892,41236.0234462132,TRUE,FALSE,TRUE
10,196712,"p","2020-01-29 23:07:00",558.283333333333,TRUE,558.2,0.0833333333329165,FALSE,TRUE,478.857745437964,1.5961924848012,5.74629294528431,3.06390256832532,4438.50482255992,41254.9745155534,TRUE,FALSE,TRUE
10,196712,"p","2020-01-29 23:12:00",558.366666666667,TRUE,558.283333333333,0.0833333333340533,FALSE,TRUE,478.857765905477,1.59619255300446,5.74629319081607,3.13348296613758,4919.28436214011,41273.9255848952,TRUE,FALSE,TRUE
10,196712,"p","2020-01-29 23:17:00",558.45,TRUE,558.366666666667,0.0833333333330302,FALSE,TRUE,478.857787092078,1.59619262364607,5.74629344512584,3.23174847610266,5400.06390172123,41292.8766542311,TRUE,FALSE,TRUE
10,196712,"p","2020-01-29 23:22:00",558.533333333333,TRUE,558.45,0.0833333333329165,FALSE,TRUE,478.857808967304,1.59619269656566,5.74629370763639,3.33031653444118,5880.84344127454,41311.8277235599,TRUE,FALSE,TRUE
10,196712,"o","2020-01-29 23:23:00",558.55,TRUE,558.533333333333,0.0166666666669926,FALSE,TRUE,92.6818180411337,1.54469696732202,5.56090908235928,3.42373501139798,5973.89563244173,41315.5351357869,TRUE,FALSE,TRUE
10,196712,"p","2020-01-29 23:27:00",558.616666666667,TRUE,558.55,0.0666666666670608,FALSE,TRUE,72.4688107608926,0.301953378168601,1.08703216140696,3.39287912096986,5901.13960488309,41318.4939142547,TRUE,FALSE,TRUE
10,196712,"p","2020-01-29 23:32:00",558.7,TRUE,558.616666666667,0.0833333333330302,FALSE,TRUE,94.4400978824051,0.314800326275829,1.13328117459298,3.36330791686778,5806.31492446401,41322.0888852829,TRUE,FALSE,TRUE
10,196712,"p","2020-01-29 23:37:00",558.783333333333,TRUE,558.7,0.0833333333329165,FALSE,TRUE,94.4400980645837,0.31480032688352,1.13328117678067,3.33408096877557,5711.49024404491,41325.6838562983,TRUE,FALSE,TRUE
10,196712,"p","2020-01-29 23:42:00",558.866666666667,TRUE,558.783333333333,0.0833333333340533,FALSE,TRUE,94.4400982522324,0.314800327504721,1.133281179017,3.35986323820303,5616.66556362595,41329.2788273326,TRUE,FALSE,TRUE
10,196712,"o","2020-01-29 23:44:00",558.9,TRUE,558.866666666667,0.033333333332962,FALSE,TRUE,29.9113624702722,0.249261353921712,0.897340874118164,3.37891070498798,5587.45340384736,41336.3323677939,TRUE,FALSE,TRUE
10,196712,"p","2020-01-29 23:47:00",558.95,TRUE,558.9,0.0500000000000682,FALSE,TRUE,1092.78349463672,6.07101941464017,21.8556698927046,3.9817230503872,6491.89435163707,41957.737926859,TRUE,FALSE,TRUE
10,196712,"p","2020-01-29 23:52:00",559.033333333333,TRUE,558.95,0.0833333333329165,FALSE,TRUE,1838.51103508971,6.12837011699635,22.0621324211869,4.51484413119389,8013.82545184837,43002.773111998,TRUE,FALSE,TRUE
10,196712,"o","2020-01-29 23:53:00",559.05,TRUE,559.033333333333,0.0166666666669926,FALSE,TRUE,355.490297106393,5.9248382849907,21.3294178259665,5.02704045510371,8308.16908346727,43204.7415803361,TRUE,FALSE,TRUE
10,196712,"p","2020-01-29 23:57:00",559.116666666667,TRUE,559.05,0.0666666666670608,FALSE,TRUE,329.310891582494,1.37212871491895,4.93966337370821,5.08396579898043,8045.78649282833,43003.5300534354,TRUE,FALSE,TRUE
10,196712,"p","2020-01-30 00:02:00",559.2,TRUE,559.116666666667,0.0833333333330302,FALSE,TRUE,426.890977195434,1.42296992398996,5.12269172636384,5.14597524071073,7705.25501886756,42743.2174338552,TRUE,FALSE,TRUE
10,196712,"p","2020-01-30 00:07:00",559.283333333333,TRUE,559.2,0.0833333333329165,FALSE,TRUE,426.890799292988,1.42296933098374,5.12268959154148,5.20934970770129,7364.72354490683,42482.9048142674,TRUE,FALSE,TRUE
10,196712,"p","2020-01-30 00:12:00",559.366666666667,TRUE,559.283333333333,0.0833333333340533,FALSE,TRUE,426.89062189013,1.42296873962147,5.1226874626373,5.30038452664332,7024.19207094657,42222.5921946881,TRUE,FALSE,TRUE
10,196712,"p","2020-01-30 00:17:00",559.45,TRUE,559.366666666667,0.0833333333330302,FALSE,TRUE,426.890444995634,1.42296814999062,5.12268533996624,5.39066236914284,6683.66059698573,41962.2795751103,TRUE,FALSE,TRUE
10,196712,"p","2020-01-30 00:22:00",559.533333333333,TRUE,559.45,0.0833333333329165,FALSE,TRUE,426.890268600222,1.42296756200786,5.12268322322829,5.48094014991116,6343.12912302506,41701.9669555278,TRUE,FALSE,TRUE
10,196712,"o","2020-01-30 00:27:00",559.616666666667,TRUE,559.533333333333,0.0833333333340533,FALSE,TRUE,424.664325203474,1.41554775066602,5.09597190239766,5.57047594660468,6004.52010112241,41442.8202007822,TRUE,FALSE,TRUE
10,196712,"p","2020-01-30 00:32:00",559.7,TRUE,559.616666666667,0.0833333333330302,FALSE,TRUE,47.2566181420657,0.157522060474125,0.567079417706851,5.53420917132862,6018.59726256694,41397.5588418502,TRUE,FALSE,TRUE
10,196712,"p","2020-01-30 00:37:00",559.783333333333,TRUE,559.7,0.0833333333329165,FALSE,TRUE,46.7640121942041,0.155880040648127,0.561168146333256,5.49777819111193,6034.59687606987,41353.4633477534,TRUE,FALSE,TRUE
10,196712,"p","2020-01-30 00:42:00",559.866666666667,TRUE,559.783333333333,0.0833333333340533,FALSE,TRUE,46.7640090780991,0.155880030258983,0.56116810893234,5.46208496300763,6050.59648957261,41309.3678536612,TRUE,FALSE,TRUE
10,196712,"p","2020-01-30 00:47:00",559.95,TRUE,559.866666666667,0.0833333333330302,FALSE,TRUE,46.7640059590574,0.155880019864092,0.56116807151073,5.23364103410718,6066.59610307542,41265.2723595645,TRUE,FALSE,TRUE
10,196712,"p","2020-01-30 00:52:00",560.033333333333,TRUE,559.95,0.0833333333329165,FALSE,TRUE,46.764002843588,0.155880009479406,0.561168034125863,5.00271831476516,6082.59571657819,41221.1768654656,TRUE,FALSE,TRUE
10,196712,"p","2020-01-30 00:57:00",560.116666666667,TRUE,560.033333333333,0.0833333333340533,FALSE,TRUE,46.763999725117,0.155879999082376,0.561167996696555,4.94676058067842,6098.59533008103,41177.081371372,TRUE,FALSE,TRUE
10,196712,"p","2020-01-30 01:02:00",560.2,TRUE,560.116666666667,0.0833333333330302,FALSE,TRUE,46.7639966114812,0.155879988705504,0.561167959339816,4.89174698116396,6114.59494358362,41132.9858772786,TRUE,FALSE,TRUE
10,196712,"p","2020-01-30 01:07:00",560.283333333333,TRUE,560.2,0.0833333333329165,FALSE,TRUE,46.7639934950376,0.155879978317572,0.561167921943258,4.83673336071173,6130.59455708663,41088.8903831845,TRUE,FALSE,TRUE
10,196712,"p","2020-01-30 01:12:00",560.366666666667,TRUE,560.283333333333,0.0833333333340533,FALSE,TRUE,46.7639903832997,0.155879967942986,0.561167884594748,4.78171971930422,6146.59417058936,41044.7948890871,TRUE,FALSE,TRUE
10,196712,"p","2020-01-30 01:17:00",560.45,TRUE,560.366666666667,0.0833333333330302,FALSE,TRUE,46.7639872686245,0.155879957562649,0.561167847225536,4.72670605692185,6162.5937840921,41000.6993949895,TRUE,FALSE,TRUE
10,196712,"p","2020-01-30 01:22:00",560.533333333333,TRUE,560.45,0.0833333333329165,FALSE,TRUE,46.7639841562581,0.155879947188307,0.561167809877905,4.6716923735416,6178.59339759491,40956.6039008893,TRUE,FALSE,TRUE
10,196712,"p","2020-01-30 01:27:00",560.616666666667,TRUE,560.533333333333,0.0833333333340533,FALSE,TRUE,46.763981040825,0.155879936801403,0.561167772485051,4.61516705130726,6194.59301109771,40912.5084067956,TRUE,FALSE,TRUE
10,196712,"p","2020-01-30 01:32:00",560.7,TRUE,560.616666666667,0.0833333333330302,FALSE,TRUE,46.7639779303558,0.155879926435086,0.561167735166311,4.44851022989312,6210.59262460058,40868.4129127091,TRUE,FALSE,TRUE
10,196712,"p","2020-01-30 01:37:00",560.783333333333,TRUE,560.7,0.0833333333329165,FALSE,TRUE,46.7639748221304,0.155879916074548,0.561167697868372,4.28182015139698,6226.59223810338,40824.317418616,TRUE,FALSE,TRUE
10,196712,"p","2020-01-30 01:42:00",560.866666666667,TRUE,560.783333333333,0.0833333333340533,FALSE,TRUE,46.7639717109027,0.155879905701662,0.561167660525983,4.13878651303973,6242.59185160618,40780.2219245145,TRUE,FALSE,TRUE
10,196712,"p","2020-01-30 01:47:00",560.95,TRUE,560.866666666667,0.0833333333330302,FALSE,TRUE,46.7639686005262,0.155879895335655,0.561167623208356,3.99475526067721,6258.59146510872,40736.1264304187,TRUE,FALSE,TRUE
10,196712,"p","2020-01-30 01:52:00",561.033333333333,TRUE,560.95,0.0833333333329165,FALSE,TRUE,46.763965488669,0.15587988496301,0.561167585866835,3.85072400069339,6274.59107861161,40692.0309363201,TRUE,FALSE,TRUE
10,196712,"p","2020-01-30 01:57:00",561.116666666667,TRUE,561.033333333333,0.0833333333340533,FALSE,TRUE,46.7639623869566,0.155879874621842,0.56116754863863,3.70669273285513,6290.59069211458,40647.9354422222,TRUE,FALSE,TRUE
10,196712,"p","2020-01-30 02:02:00",561.2,TRUE,561.116666666667,0.0833333333330302,FALSE,TRUE,46.7639592741461,0.155879864247721,0.561167511291795,3.5626614569153,6306.5903056173,40603.8399481261,TRUE,FALSE,TRUE
10,196712,"p","2020-01-30 02:07:00",561.283333333333,TRUE,561.2,0.0833333333329165,FALSE,TRUE,46.7639561703467,0.155879853901935,0.561167474046967,3.41863017264892,6322.58991912006,40559.7444540356,TRUE,FALSE,TRUE
10,196712,"p","2020-01-30 02:12:00",561.366666666667,TRUE,561.283333333333,0.0833333333340533,FALSE,TRUE,46.7639530595613,0.155879843530524,0.561167436709888,3.27974846026977,6338.5895326229,40515.6489599386,TRUE,FALSE,TRUE
10,196712,"p","2020-01-30 02:17:00",561.45,TRUE,561.366666666667,0.0833333333330302,FALSE,TRUE,46.7639499563298,0.155879833188333,0.561167399477999,3.26514110577175,6354.58914612573,40471.5534658373,TRUE,FALSE,TRUE
10,196712,"p","2020-01-30 02:22:00",561.533333333333,TRUE,561.45,0.0833333333329165,FALSE,TRUE,46.763946852686,0.155879822843066,0.561167362235039,3.24924905542847,6370.58875962844,40427.4579717471,TRUE,FALSE,TRUE
10,196712,"p","2020-01-30 02:27:00",561.616666666667,TRUE,561.533333333333,0.0833333333340533,FALSE,TRUE,46.763943746039,0.15587981248545,0.56116732494762,3.23335700398866,6386.58837313109,40383.362477659,TRUE,FALSE,TRUE
10,196712,"p","2020-01-30 02:32:00",561.7,TRUE,561.616666666667,0.0833333333330302,FALSE,TRUE,46.7639406444842,0.155879802148848,0.561167287735852,3.21746495145308,6402.58798663412,40339.266983559,TRUE,FALSE,TRUE
10,196712,"p","2020-01-30 02:37:00",561.783333333333,TRUE,561.7,0.0833333333329165,FALSE,TRUE,46.7639375396675,0.155879791799672,0.561167250478818,3.20812679524087,6418.58760013686,40295.1714894602,TRUE,FALSE,TRUE
10,196712,"p","2020-01-30 02:42:00",561.866666666667,TRUE,561.783333333333,0.0833333333340533,FALSE,TRUE,46.7639344385505,0.155879781460488,0.561167213257757,2.6166128319229,6434.58721363959,40251.0759953725,TRUE,FALSE,TRUE
10,196712,"p","2020-01-30 02:47:00",561.95,TRUE,561.866666666667,0.0833333333330302,FALSE,TRUE,46.7639313358224,0.155879771119975,0.56116717603191,2.01936379733527,6450.58682714252,40206.9805012739,TRUE,FALSE,TRUE
10,196712,"p","2020-01-30 02:52:00",562.033333333333,TRUE,561.95,0.0833333333329165,FALSE,TRUE,46.7639282338797,0.155879760780379,0.561167138809364,1.44246794491423,6466.58644064518,40162.8850071694,TRUE,FALSE,TRUE
10,196712,"p","2020-01-30 02:57:00",562.116666666667,TRUE,562.033333333333,0.0833333333340533,FALSE,TRUE,46.7639251370287,0.155879750455416,0.561167101639496,1.32084304846788,6482.58605414803,40118.789513079,TRUE,FALSE,TRUE
10,196712,"o","2020-01-30 05:28:00",564.633333333333,TRUE,564.616666666667,0.0166666666659694,FALSE,TRUE,53.2791218152952,0.887985363625403,3.19674730905145,1.25579052016786,9019.17449391878,39377.0857782353,TRUE,FALSE,TRUE
10,196712,"p","2020-01-30 05:32:00",564.7,TRUE,564.633333333333,0.0666666666670608,FALSE,TRUE,178.469190335136,0.743621626392004,2.67703785501121,1.31456470466101,8841.94090497466,39349.8306962292,TRUE,FALSE,TRUE
10,196712,"o","2020-01-30 05:36:00",564.766666666667,TRUE,564.7,0.0666666666669471,FALSE,TRUE,181.534145255714,0.756392271895628,2.72301217882426,1.37461595473858,8661.46845085496,39323.4023352728,TRUE,FALSE,TRUE
10,196712,"p","2020-01-30 05:37:00",564.783333333333,TRUE,564.766666666667,0.0166666666659694,FALSE,TRUE,72.7497797944728,1.21249632995861,4.36498678785099,1.4802776116564,8597.77403826498,39359.2010636667,TRUE,FALSE,TRUE
10,196712,"p","2020-01-30 05:42:00",564.866666666667,TRUE,564.783333333333,0.0833333333340533,FALSE,TRUE,368.910960961059,1.22970320319291,4.42693153149446,1.58765995693015,8276.71050868966,39544.1104837422,TRUE,FALSE,TRUE
10,196712,"p","2020-01-30 05:47:00",564.95,TRUE,564.866666666667,0.0833333333330302,FALSE,TRUE,368.911058028258,1.22970352676533,4.4269326963552,1.69504233559558,7955.64697910945,39729.0199038202,TRUE,FALSE,TRUE
10,196712,"p","2020-01-30 05:52:00",565.033333333333,TRUE,564.95,0.0833333333329165,FALSE,TRUE,368.911155417488,1.22970385139778,4.426933865032,1.80242474775682,7634.58344952884,39913.929323906,TRUE,FALSE,TRUE
10,196712,"p","2020-01-30 05:57:00",565.116666666667,TRUE,565.033333333333,0.0833333333340533,FALSE,TRUE,368.911253129818,1.22970417708877,4.42693503751956,1.90980719352047,7313.51991994923,40098.8387439945,TRUE,FALSE,TRUE
10,196712,"p","2020-01-30 06:02:00",565.2,TRUE,565.116666666667,0.0833333333330302,FALSE,TRUE,368.911351169836,1.22970450390393,4.42693621405414,2.01718967299737,6992.45639036898,40283.7481640839,TRUE,FALSE,TRUE
10,196712,"p","2020-01-30 06:07:00",565.283333333333,TRUE,565.2,0.0833333333329165,FALSE,TRUE,368.911449534726,1.22970483178857,4.42693739443886,2.12457218629519,6671.39286078868,40468.6575841718,TRUE,FALSE,TRUE
10,196712,"p","2020-01-30 06:12:00",565.366666666667,TRUE,565.283333333333,0.0833333333340533,FALSE,TRUE,368.911548226456,1.22970516074423,4.42693857867922,2.23195473352138,6350.32933120891,40653.5670042565,TRUE,FALSE,TRUE
10,196712,"p","2020-01-30 06:17:00",565.45,TRUE,565.366666666667,0.0833333333330302,FALSE,TRUE,368.911647143159,1.22970549048167,4.42693976573401,2.33933731475298,6029.26580171618,40838.4764242887,TRUE,FALSE,TRUE
10,196712,"o","2020-01-30 06:18:00",565.466666666667,TRUE,565.45,0.0166666666669926,FALSE,TRUE,62.1217105882374,1.03536184311704,3.72730263522136,2.42728553228004,5974.98066738669,40869.2288235924,TRUE,FALSE,TRUE
10,196712,"p","2020-01-30 06:22:00",565.533333333333,TRUE,565.466666666667,0.0666666666659239,FALSE,TRUE,1424.96253533943,5.93734389731377,21.3744380303296,3.00543195625824,7181.10783962029,40099.1474603353,TRUE,FALSE,TRUE
10,196712,"o","2020-01-30 06:26:00",565.6,TRUE,565.533333333333,0.0666666666670608,FALSE,TRUE,1426.00166089797,5.94167358703977,21.3900249133432,3.58401135024056,8388.51548685383,39329.1274721517,TRUE,FALSE,TRUE
10,196712,"p","2020-01-30 06:27:00",565.616666666667,TRUE,565.6,0.0166666666669926,FALSE,TRUE,33.8404225040431,0.564007041723023,2.03042535020288,3.62482409072134,8380.44434081747,39362.0949765495,TRUE,FALSE,TRUE
10,196712,"p","2020-01-30 06:32:00",565.7,TRUE,565.616666666667,0.0833333333330302,FALSE,TRUE,212.676567726488,0.708921892424204,2.55211881272714,3.68012831730446,8296.85312770943,39558.3867973984,TRUE,FALSE,TRUE
10,196712,"p","2020-01-30 06:37:00",565.783333333333,TRUE,565.7,0.0833333333329165,FALSE,TRUE,212.676630100537,0.708922100338669,2.55211956121921,3.73543256570878,8213.26191452496,39754.6786183049,TRUE,FALSE,TRUE
10,196712,"p","2020-01-30 06:42:00",565.866666666667,TRUE,565.783333333333,0.0833333333340533,FALSE,TRUE,212.676692450315,0.708922308161592,2.55212030938173,3.79073683592543,8129.6707013408,39950.9704391929,TRUE,FALSE,TRUE
10,196712,"p","2020-01-30 06:47:00",565.95,TRUE,565.866666666667,0.0833333333330302,FALSE,TRUE,212.676754868313,0.708922516230289,2.55212105842904,3.84604112797976,8046.07948815675,40147.2622600952,TRUE,FALSE,TRUE
10,196712,"p","2020-01-30 06:52:00",566.033333333333,TRUE,565.95,0.0833333333329165,FALSE,TRUE,212.676817345478,0.708922724488472,2.5521218081585,3.9013454418905,7962.48827497229,40343.5540809988,TRUE,FALSE,TRUE
10,196712,"p","2020-01-30 06:57:00",566.116666666667,TRUE,566.033333333333,0.0833333333340533,FALSE,TRUE,212.676879883856,0.708922932940063,2.55212255858423,3.95664977767585,7878.89706178815,40539.8459019028,TRUE,FALSE,TRUE
10,196712,"p","2020-01-30 07:02:00",566.2,TRUE,566.116666666667,0.0833333333330302,FALSE,TRUE,212.676942485161,0.708923141619782,2.55212330983122,4.01195413535776,7795.3058486039,40736.1377228058,TRUE,FALSE,TRUE
10,196712,"o","2020-01-30 07:05:00",566.25,TRUE,566.2,0.0499999999999545,FALSE,TRUE,125.244089796863,0.695800498872094,2.50488179593954,4.06594622979493,7746.06322742586,40851.7257753917,TRUE,FALSE,TRUE
10,196712,"p","2020-01-30 07:07:00",566.283333333333,TRUE,566.25,0.033333333332962,FALSE,TRUE,87.8037320769451,0.731697767316028,2.6341119623377,4.12352805210507,7779.37705726522,40770.189298626,TRUE,FALSE,TRUE
10,196712,"p","2020-01-30 07:12:00",566.366666666667,TRUE,566.283333333333,0.0833333333340533,FALSE,TRUE,225.414562243922,0.751381874139916,2.7049747469037,4.18307828612828,7864.94189869524,40560.8805068321,TRUE,FALSE,TRUE
10,196712,"p","2020-01-30 07:17:00",566.45,TRUE,566.366666666667,0.0833333333330302,FALSE,TRUE,225.414491442751,0.751381638145236,2.70497389732285,4.24262849757886,7950.50674012564,40351.5717150481,TRUE,FALSE,TRUE
10,196712,"p","2020-01-30 07:22:00",566.533333333333,TRUE,566.45,0.0833333333329165,FALSE,TRUE,225.414420722181,0.751381402411029,2.70497304867971,4.30204842447367,8036.07158155577,40142.2629232581,TRUE,FALSE,TRUE
10,196712,"p","2020-01-30 07:27:00",566.616666666667,TRUE,566.533333333333,0.0833333333340533,FALSE,TRUE,225.414350068214,0.751381166887555,2.7049722007952,4.28464367850669,8121.63642298583,39932.9541314628,TRUE,FALSE,TRUE
10,196712,"p","2020-01-30 07:32:00",566.7,TRUE,566.616666666667,0.0833333333330302,FALSE,TRUE,225.414279491326,0.751380931640488,2.70497135390576,4.26643267306841,8207.20126441591,39723.6453396717,TRUE,FALSE,TRUE
10,196712,"o","2020-01-30 07:34:00",566.733333333333,TRUE,566.7,0.033333333332962,FALSE,TRUE,89.0722118918719,0.742268432440536,2.67216635678593,4.24731041201463,8241.14565720501,39640.9916770844,TRUE,FALSE,TRUE
10,196712,"p","2020-01-30 07:37:00",566.783333333333,TRUE,566.733333333333,0.0499999999999545,FALSE,TRUE,21.5730513052119,0.119850285029064,0.431461026104631,4.16594633047744,8261.43764359469,39633.3833417787,TRUE,FALSE,TRUE
10,196712,"p","2020-01-30 07:42:00",566.866666666667,TRUE,566.783333333333,0.0833333333340533,FALSE,TRUE,34.9248971436819,0.116416323811267,0.419098765720562,4.08423884702999,8294.78838127203,39622.4858731501,TRUE,FALSE,TRUE
10,196712,"p","2020-01-30 07:47:00",566.95,TRUE,566.866666666667,0.0833333333330302,FALSE,TRUE,34.9248966285324,0.116416322095532,0.419098759543914,4.00253135757207,8328.13911894927,39611.5884045121,TRUE,FALSE,TRUE
10,196712,"p","2020-01-30 07:52:00",567.033333333333,TRUE,566.95,0.0833333333329165,FALSE,TRUE,34.9248961142535,0.116416320381427,0.419098753373138,3.92082386205721,8361.48985662722,39600.6909358923,TRUE,FALSE,TRUE
10,196712,"o","2020-01-30 07:53:00",567.05,TRUE,567.033333333333,0.0166666666669926,FALSE,TRUE,6.88352052154331,0.114725342023479,0.413011231284523,3.83894726278251,8368.23233455332,39599.1519259772,TRUE,FALSE,TRUE
10,196712,"p","2020-01-30 07:57:00",567.116666666667,TRUE,567.05,0.0666666666670608,FALSE,TRUE,93.1557933155547,0.388149138812517,1.39733689972506,3.78896364030123,8405.57190300632,39684.818938796,TRUE,FALSE,TRUE
10,196712,"p","2020-01-30 08:02:00",567.2,TRUE,567.116666666667,0.0833333333330302,FALSE,TRUE,117.21294029842,0.390709800996154,1.40655528358616,3.75367245776164,8452.33677656195,39792.7033096015,TRUE,FALSE,TRUE
10,196712,"o","2020-01-30 08:06:00",567.266666666667,TRUE,567.2,0.0666666666669471,FALSE,TRUE,93.9379834949081,0.391408264560471,1.40906975241769,3.71717405702813,8489.83448993615,39879.1569024909,TRUE,FALSE,TRUE
10,196712,"p","2020-01-30 08:07:00",567.283333333333,TRUE,567.266666666667,0.0166666666659694,FALSE,TRUE,29.5013483555488,0.491689139279718,1.77008090140698,3.64509333796024,8502.28462131535,39906.006578299,TRUE,FALSE,TRUE
10,196712,"p","2020-01-30 08:12:00",567.366666666667,TRUE,567.283333333333,0.0833333333340533,FALSE,TRUE,148.347173432773,0.494490578104971,1.7801660811779,3.57157207545144,8564.96435085586,40040.9854386048,TRUE,FALSE,TRUE
10,196712,"p","2020-01-30 08:17:00",567.45,TRUE,567.366666666667,0.0833333333330302,FALSE,TRUE,148.347204344695,0.494490681150782,1.78016645214281,3.49805079088999,8627.64408039727,40175.9642989166,TRUE,FALSE,TRUE
10,196712,"p","2020-01-30 08:22:00",567.533333333333,TRUE,567.45,0.0833333333329165,FALSE,TRUE,148.347235272299,0.494490784243469,1.78016682327649,3.42452948417456,8690.32380993871,40310.9431592053,TRUE,FALSE,TRUE
10,196712,"p","2020-01-30 08:27:00",567.616666666667,TRUE,567.533333333333,0.0833333333340533,FALSE,TRUE,148.347266220965,0.494490887398943,1.7801671946362,3.35100815520557,8753.0035394801,40445.9220195179,TRUE,FALSE,TRUE
10,196712,"p","2020-01-30 08:32:00",567.7,TRUE,567.616666666667,0.0833333333330302,FALSE,TRUE,148.347297189499,0.494490990633463,1.78016756628047,3.27748680387853,8815.68326902143,40580.9008798164,TRUE,FALSE,TRUE
10,196712,"p","2020-01-30 08:37:00",567.783333333333,TRUE,567.7,0.0833333333329165,FALSE,TRUE,148.347328181762,0.49449109394168,1.78016793819005,3.20396543009384,8878.36299856288,40715.8797401271,TRUE,FALSE,TRUE
10,196712,"p","2020-01-30 08:42:00",567.866666666667,TRUE,567.783333333333,0.0833333333340533,FALSE,TRUE,148.347359193676,0.494491197307981,1.78016831030873,3.13044403375021,8941.04272810402,40850.8586004249,TRUE,FALSE,TRUE
10,196712,"o","2020-01-30 08:45:00",567.916666666667,TRUE,567.866666666667,0.0499999999999545,FALSE,TRUE,85.5750836793094,0.475417131552152,1.71150167358775,3.05501519785726,8973.28002932462,40930.4184938825,TRUE,FALSE,TRUE
10,196712,"p","2020-01-30 08:47:00",567.95,TRUE,567.916666666667,0.0333333333330756,FALSE,TRUE,369.643953935296,3.08036628281795,11.0893186181446,3.25951564182735,8605.32225578241,40879.9475743363,TRUE,FALSE,TRUE
10,196712,"p","2020-01-30 08:52:00",568.033333333333,TRUE,567.95,0.0833333333329165,FALSE,TRUE,937.833609295683,3.12611203100125,11.2540033116045,2.9783924551961,7672.00148066463,40750.201718656,TRUE,FALSE,TRUE
10,196712,"o","2020-01-30 08:56:00",568.1,TRUE,568.033333333333,0.0666666666670608,FALSE,TRUE,746.141827753847,3.10892428228932,11.1921274162415,2.69511752472106,6929.62881588555,40645.7017674635,TRUE,FALSE,TRUE
10,196712,"p","2020-01-30 08:57:00",568.116666666667,TRUE,568.1,0.0166666666669926,FALSE,TRUE,60.3103427094314,1.00517237847087,3.61862056249513,2.73923405839584,6897.57811379963,40594.3707992305,TRUE,FALSE,TRUE
10,196712,"p","2020-01-30 09:02:00",568.2,TRUE,568.116666666667,0.0833333333330302,FALSE,TRUE,293.930130201125,0.979767100673981,3.52716156242633,2.76631857922082,6758.74437972059,40334.1996248729,TRUE,FALSE,TRUE
10,196712,"p","2020-01-30 09:07:00",568.283333333333,TRUE,568.2,0.0833333333329165,FALSE,TRUE,293.930012188081,0.979766707298506,3.52716014627462,2.7934030399168,6619.91064567931,40074.0284504987,TRUE,FALSE,TRUE
10,196712,"o","2020-01-30 09:11:00",568.35,TRUE,568.283333333333,0.0666666666670608,FALSE,TRUE,233.682079495437,0.973675331225231,3.50523119241083,2.81987834222317,6509.79824394054,39867.0452832635,TRUE,FALSE,TRUE
10,196712,"p","2020-01-30 09:12:00",568.366666666667,TRUE,568.35,0.0166666666669926,FALSE,TRUE,12.3154189877717,0.205256983125514,0.73892513925185,2.76951178891269,6516.4837144285,39856.6521721022,TRUE,FALSE,TRUE
10,196712,"p","2020-01-30 09:17:00",568.45,TRUE,568.366666666667,0.0833333333330302,FALSE,TRUE,59.7268804373764,0.199089601458645,0.716722565251124,2.71852847660971,6554.68399428999,39810.4554775326,TRUE,FALSE,TRUE
10,196712,"p","2020-01-30 09:22:00",568.533333333333,TRUE,568.45,0.0833333333329165,FALSE,TRUE,59.7268763427364,0.199089587810117,0.716722516116422,2.66754514209671,6592.88427415997,39764.2587829858,TRUE,FALSE,TRUE
10,196712,"p","2020-01-30 09:27:00",568.616666666667,TRUE,568.533333333333,0.0833333333340533,FALSE,TRUE,59.7268722573166,0.199089574189335,0.716722467081606,2.61656178535367,6631.08455402999,39718.0620884359,TRUE,FALSE,TRUE
10,196712,"p","2020-01-30 09:32:00",568.7,TRUE,568.616666666667,0.0833333333330302,FALSE,TRUE,59.7268681688899,0.199089560563691,0.716722418029286,2.56689069152283,6669.28483389981,39671.8653938823,TRUE,FALSE,TRUE
10,196712,"o","2020-01-30 09:35:00",568.75,TRUE,568.7,0.0499999999999545,FALSE,TRUE,33.8306938056249,0.187948298920309,0.676613876113114,2.51251574468325,6688.46777534202,39643.8561433398,TRUE,FALSE,TRUE
10,196712,"p","2020-01-30 09:37:00",568.783333333333,TRUE,568.75,0.033333333332962,FALSE,TRUE,260.03240470041,2.16693670586089,7.80097214109921,2.65407122785535,6430.24804764314,39604.0642266271,TRUE,FALSE,TRUE
10,196712,"p","2020-01-30 09:42:00",568.866666666667,TRUE,568.783333333333,0.0833333333340533,FALSE,TRUE,659.381664388459,2.19793888127587,7.91257997259314,2.79872695216841,5775.35566219636,39503.8563503054,TRUE,FALSE,TRUE
10,196712,"o","2020-01-30 09:46:00",568.933333333333,TRUE,568.866666666667,0.0666666666660376,FALSE,TRUE,524.137892053437,2.18390788357659,7.86206838087573,2.94197960028497,5254.93662115954,39423.2285416791,TRUE,FALSE,TRUE
10,196712,"p","2020-01-30 09:47:00",568.95,TRUE,568.933333333333,0.0166666666669926,FALSE,TRUE,36.9094090560075,0.615156817588097,2.21456454331715,2.92835716535503,5250.09239718452,39386.5305650704,TRUE,FALSE,TRUE
10,196712,"p","2020-01-30 09:52:00",569.033333333333,TRUE,568.95,0.0833333333329165,FALSE,TRUE,185.388396583886,0.617961321949379,2.22466075901776,2.91501520438591,5243.34561373186,39200.7331442179,TRUE,FALSE,TRUE
10,196712,"p","2020-01-30 09:57:00",569.116666666667,TRUE,569.033333333333,0.0833333333340533,FALSE,TRUE,185.388344455968,0.617961148181219,2.22466013345239,2.90258447595998,5236.59883030986,39014.9357233507,TRUE,FALSE,TRUE
10,196712,"p","2020-01-30 10:02:00",569.2,TRUE,569.116666666667,0.0833333333330302,FALSE,TRUE,185.388292360415,0.617960974536966,2.22465950833308,2.95239554491077,5229.85204688803,38829.1383024822,TRUE,FALSE,TRUE
10,196712,"p","2020-01-30 10:07:00",569.283333333333,TRUE,569.2,0.0833333333329165,FALSE,TRUE,185.388240307476,0.617960801028011,2.22465888370084,3.00254999263245,5223.10526346609,38643.3408816152,TRUE,FALSE,TRUE
10,196712,"p","2020-01-30 10:12:00",569.366666666667,TRUE,569.283333333333,0.0833333333340533,FALSE,TRUE,185.388188294312,0.617960627642366,2.22465825951252,3.05270442318713,5216.35848004415,38457.5434607509,TRUE,FALSE,TRUE
10,196712,"p","2020-01-30 10:17:00",569.45,TRUE,569.366666666667,0.0833333333330302,FALSE,TRUE,185.388136323753,0.617960454414757,2.22465763589312,3.10285883659046,5209.61169662215,38271.7460398822,TRUE,FALSE,TRUE
10,196712,"p","2020-01-30 10:22:00",569.533333333333,TRUE,569.45,0.0833333333329165,FALSE,TRUE,185.388084391556,0.617960281308278,2.2246570127098,3.15318233051894,5202.86491320025,38085.9486190117,TRUE,FALSE,TRUE
10,196712,"o","2020-01-30 10:25:00",569.583333333333,TRUE,569.533333333333,0.0500000000000682,FALSE,TRUE,110.563032929966,0.614239071832304,2.2112606585963,3.17579132382092,5193.36351952452,37975.4749910772,TRUE,FALSE,TRUE
10,196712,"p","2020-01-30 10:27:00",569.616666666667,TRUE,569.583333333333,0.0333333333339851,FALSE,TRUE,399.869378218812,3.33224481842494,11.9960813463298,3.4699448255638,4791.57656669317,37974.6916682978,TRUE,FALSE,TRUE
10,196712,"p","2020-01-30 10:32:00",569.7,TRUE,569.616666666667,0.0833333333330302,FALSE,TRUE,1013.23987058055,3.3774662352808,12.1588784470109,3.76855062263583,3773.47587555342,37975.2454228415,TRUE,FALSE,TRUE
10,196712,"p","2020-01-30 10:37:00",569.783333333333,TRUE,569.7,0.0833333333329165,FALSE,TRUE,1009.61300780269,3.36537669269248,12.1153560936929,4.05591937797711,2759.0193042602,37974.9985605082,TRUE,FALSE,TRUE
10,196712,"p","2020-01-30 10:42:00",569.866666666667,TRUE,569.783333333333,0.0833333333340533,FALSE,TRUE,374.2229451076,1.24740981701455,4.49067534125239,4.13121130186807,2413.09993510274,37827.8733886168,TRUE,FALSE,TRUE
10,196712,"p","2020-01-30 10:47:00",569.95,TRUE,569.866666666667,0.0833333333330302,FALSE,TRUE,371.205670484008,1.2373522349512,4.45446804582431,4.20549745724811,2070.82468579122,37679.9475998691,TRUE,FALSE,TRUE
10,196712,"p","2020-01-30 10:52:00",570.033333333333,TRUE,569.95,0.0833333333329165,FALSE,TRUE,368.662091040786,1.22887363680877,4.42394509251156,4.27893574250464,1730.93109643826,37532.9515372474,TRUE,FALSE,TRUE
10,196712,"p","2020-01-30 10:57:00",570.116666666667,TRUE,570.033333333333,0.0833333333340533,FALSE,TRUE,99.3922274105493,0.331307424698969,1.19270672891629,4.26261739623464,1827.96833049417,37556.5197056368,TRUE,FALSE,TRUE
10,196712,"p","2020-01-30 11:02:00",570.2,TRUE,570.116666666667,0.0833333333330302,FALSE,TRUE,101.915080129012,0.339716933764611,1.2229809615526,4.24713999054776,1927.38722450892,37581.0176001541,TRUE,FALSE,TRUE
10,196712,"p","2020-01-30 11:07:00",570.283333333333,TRUE,570.2,0.0833333333329165,FALSE,TRUE,101.915084009206,0.339716946699052,1.22298100811659,4.23166257582349,2026.80611852346,37605.5154946683,TRUE,FALSE,TRUE
10,196712,"p","2020-01-30 11:12:00",570.366666666667,TRUE,570.283333333333,0.0833333333340533,FALSE,TRUE,101.915087895198,0.339716959647726,1.22298105473181,4.21618515205747,2126.22501253794,37630.0133891758,TRUE,FALSE,TRUE
10,196712,"o","2020-01-30 11:16:00",570.433333333333,TRUE,570.366666666667,0.0666666666660376,FALSE,TRUE,83.4226202529288,0.34759425105715,1.25133930380574,4.20340286400797,2207.94619184963,37648.629948416,TRUE,FALSE,TRUE
10,196712,"p","2020-01-30 11:17:00",570.45,TRUE,570.433333333333,0.0166666666669926,FALSE,TRUE,102.916453730257,1.71527422880408,6.17498722369468,4.06689365860658,2306.72783347766,37618.0966780412,TRUE,FALSE,TRUE
10,196712,"o","2020-01-30 11:21:00",570.516666666667,TRUE,570.45,0.0666666666669471,FALSE,TRUE,418.008961627813,1.74170400677523,6.27013442439081,3.92845285618398,2707.51029603746,37492.6964728098,TRUE,FALSE,TRUE
10,196712,"p","2020-01-30 11:22:00",570.533333333333,TRUE,570.516666666667,0.0166666666659694,FALSE,TRUE,12.9624788956864,0.216041314937145,0.77774873377372,3.63916455944876,2697.01511101471,37484.9981467212,TRUE,FALSE,TRUE
10,196712,"p","2020-01-30 11:27:00",570.616666666667,TRUE,570.533333333333,0.0833333333340533,FALSE,TRUE,76.15970043596,0.253865668117673,0.913916405223623,3.56403388841344,2629.09738477948,37449.8060247621,TRUE,FALSE,TRUE
10,196712,"p","2020-01-30 11:32:00",570.7,TRUE,570.616666666667,0.0833333333330302,FALSE,TRUE,76.1596963417758,0.25386565447351,0.913916356104635,3.4914437437934,2561.17965851738,37414.6139028143,TRUE,FALSE,TRUE
10,196712,"p","2020-01-30 11:37:00",570.783333333333,TRUE,570.7,0.0833333333329165,FALSE,TRUE,76.1596922296884,0.253865640766898,0.913916306760832,3.41885363714023,2493.26193225474,37379.4217808617,TRUE,FALSE,TRUE
10,196712,"p","2020-01-30 11:42:00",570.866666666667,TRUE,570.783333333333,0.0833333333340533,FALSE,TRUE,76.1596881226456,0.253865627073292,0.913916257463851,3.34687266672504,2425.34420599262,37344.2296588996,TRUE,FALSE,TRUE
10,196712,"p","2020-01-30 11:47:00",570.95,TRUE,570.866666666667,0.0833333333330302,FALSE,TRUE,76.1596840164607,0.253865613389126,0.913916208200853,3.3517335297514,2357.4264797302,37309.0375369494,TRUE,FALSE,TRUE
10,196712,"p","2020-01-30 11:52:00",571.033333333333,TRUE,570.95,0.0833333333329165,FALSE,TRUE,76.1596799127378,0.253865599710396,0.913916158957425,3.35721112957658,2289.50875346779,37273.8454149935,TRUE,FALSE,TRUE
10,196712,"p","2020-01-30 11:57:00",571.116666666667,TRUE,571.033333333333,0.0833333333340533,FALSE,TRUE,76.1596758131185,0.253865586041535,0.913916109749525,3.36268872939972,2221.59102720532,37238.653293043,TRUE,FALSE,TRUE
10,196712,"p","2020-01-30 12:02:00",571.2,TRUE,571.116666666667,0.0833333333330302,FALSE,TRUE,76.1596717154827,0.253865572385866,0.913916060589117,3.36816632921937,2153.67330094289,37203.4611710937,TRUE,FALSE,TRUE
10,196712,"p","2020-01-30 12:07:00",571.283333333333,TRUE,571.2,0.0833333333329165,FALSE,TRUE,81.6497440084656,0.272165813362913,0.979796928106488,3.37547395449929,2081.30141955577,37164.8947068768,TRUE,FALSE,TRUE
10,196712,"p","2020-01-30 12:12:00",571.366666666667,TRUE,571.283333333333,0.0833333333340533,FALSE,TRUE,1101.67308539979,3.67224361796756,13.2200770246832,3.72390348640402,1191.78615907324,36507.2834718492,TRUE,FALSE,TRUE
10,196712,"p","2020-01-30 12:17:00",571.45,TRUE,571.366666666667,0.0833333333330302,FALSE,TRUE,1107.23682612341,3.6907894204248,13.2868419135293,3.87628875786041,297.81674346459,35846.2978945579,TRUE,FALSE,TRUE
10,196712,"p","2020-01-30 12:22:00",571.533333333333,TRUE,571.45,0.0833333333329165,FALSE,TRUE,1107.23573234365,3.6907857744973,13.2868287881903,4.02557344718255,-596.152672144204,35185.3123172658,TRUE,FALSE,TRUE
10,196712,"p","2020-01-30 12:27:00",571.616666666667,TRUE,571.533333333333,0.0833333333340533,FALSE,TRUE,1107.23464735899,3.69078215783142,13.2868157681931,4.17626087460803,-1490.12208775163,34524.3267399727,TRUE,FALSE,TRUE
10,196712,"p","2020-01-30 12:32:00",571.7,TRUE,571.616666666667,0.0833333333330302,FALSE,TRUE,1107.23357118157,3.69077857061866,13.2868028542272,4.48382304991109,-2384.09150336016,33863.3411626817,TRUE,FALSE,TRUE
10,196712,"o","2020-01-30 12:36:00",571.766666666667,TRUE,571.7,0.0666666666669471,FALSE,TRUE,881.7115883648,3.67379828483788,13.2256738254164,4.78940674619994,-3095.94323573449,33336.9391390812,TRUE,FALSE,TRUE
10,196712,"p","2020-01-30 12:37:00",571.783333333333,TRUE,571.766666666667,0.0166666666659694,FALSE,TRUE,74.4208640075339,1.24034773351079,4.46525184063885,4.8516454047329,-3154.77690115059,33290.8716466059,TRUE,FALSE,TRUE
10,196712,"p","2020-01-30 12:42:00",571.866666666667,TRUE,571.783333333333,0.0833333333340533,FALSE,TRUE,351.748423036066,1.17249474344342,4.22098107639632,4.90709878162354,-3432.32622784158,33072.4663752577,TRUE,FALSE,TRUE
10,196712,"p","2020-01-30 12:47:00",571.95,TRUE,571.866666666667,0.0833333333330302,FALSE,TRUE,351.748311912767,1.17249437304682,4.22097974296856,4.96255213882543,-3709.87555450397,32854.0611039382,TRUE,FALSE,TRUE
10,196712,"p","2020-01-30 12:52:00",572.033333333333,TRUE,571.95,0.0833333333329165,FALSE,TRUE,351.74820110532,1.17249400369026,4.22097841328495,5.01800547643021,-3987.42488116643,32635.6558326109,TRUE,FALSE,TRUE
10,196712,"p","2020-01-30 12:57:00",572.116666666667,TRUE,572.033333333333,0.0833333333340533,FALSE,TRUE,351.748090581296,1.17249363526086,4.22097708693909,5.07345879451483,-4264.97420782799,32417.2505612784,TRUE,FALSE,TRUE
10,196712,"p","2020-01-30 13:02:00",572.2,TRUE,572.116666666667,0.0833333333330302,FALSE,TRUE,351.747980337853,1.17249326779711,4.22097576406959,5.12891209316371,-4542.52353449032,32198.8452899623,TRUE,FALSE,TRUE
10,196712,"o","2020-01-30 13:05:00",572.25,TRUE,572.2,0.0499999999999545,FALSE,TRUE,209.581312579516,1.16434062544282,4.19162625159414,5.18392224852476,-4707.95106841994,32068.7839656351,TRUE,FALSE,TRUE
10,196712,"p","2020-01-30 13:07:00",572.283333333333,TRUE,572.25,0.033333333332962,FALSE,TRUE,33.9493996679353,0.282911663902613,1.01848199004941,4.87898893307253,-4738.31906430142,32053.275319814,TRUE,FALSE,TRUE
10,196712,"p","2020-01-30 13:12:00",572.366666666667,TRUE,572.283333333333,0.0833333333340533,FALSE,TRUE,81.3229325454482,0.271076441815819,0.975875190536947,4.56834995372603,-4811.48389883531,32016.9583014173,TRUE,FALSE,TRUE
10,196712,"p","2020-01-30 13:17:00",572.45,TRUE,572.366666666667,0.0833333333330302,FALSE,TRUE,81.3229283962249,0.271076427988403,0.97587514075825,4.25891992725562,-4884.64873336944,31980.6412830322,TRUE,FALSE,TRUE
10,196712,"p","2020-01-30 13:22:00",572.533333333333,TRUE,572.45,0.0833333333329165,FALSE,TRUE,81.3229242497403,0.271076414167157,0.975875091001765,4.16128658697088,-4957.81356790338,31944.3242646385,TRUE,FALSE,TRUE
10,196712,"p","2020-01-30 13:27:00",572.616666666667,TRUE,572.533333333333,0.0833333333340533,FALSE,TRUE,81.3229201066742,0.271076400353239,0.975875041271659,4.06465900351109,-5030.97840243753,31908.007246257,TRUE,FALSE,TRUE
10,196712,"p","2020-01-30 13:32:00",572.7,TRUE,572.616666666667,0.0833333333330302,FALSE,TRUE,81.3229159676095,0.271076386559685,0.975874991614864,3.96887927848618,-5104.14323697146,31871.6902278679,TRUE,FALSE,TRUE
10,196712,"p","2020-01-30 13:37:00",572.783333333333,TRUE,572.7,0.0833333333329165,FALSE,TRUE,81.3229118330569,0.271076372778212,0.975874942001565,3.9628561732941,-5177.30807150535,31835.3732094781,TRUE,FALSE,TRUE
10,196712,"p","2020-01-30 13:42:00",572.866666666667,TRUE,572.783333333333,0.0833333333340533,FALSE,TRUE,81.3229077003411,0.271076358998795,0.975874892395662,3.95599211581752,-5250.47290603918,31799.0561910845,TRUE,FALSE,TRUE
10,196712,"p","2020-01-30 13:47:00",572.95,TRUE,572.866666666667,0.0833333333330302,FALSE,TRUE,81.3229035715175,0.271076345239378,0.975874842861761,3.94912805567155,-5323.63774057316,31762.7391726976,TRUE,FALSE,TRUE
10,196712,"p","2020-01-30 13:52:00",573.033333333333,TRUE,572.95,0.0833333333329165,FALSE,TRUE,81.3228994464209,0.271076331489426,0.975874793361932,3.94226399285572,-5396.80257510729,31726.4221543175,TRUE,FALSE,TRUE
10,196712,"p","2020-01-30 13:57:00",573.116666666667,TRUE,573.033333333333,0.0833333333340533,FALSE,TRUE,81.3228953259717,0.271076317750897,0.975874743903228,3.9346121995251,-5469.96740964117,31690.1051359286,TRUE,FALSE,TRUE
10,196712,"p","2020-01-30 14:02:00",573.2,TRUE,573.116666666667,0.0833333333330302,FALSE,TRUE,81.3228912070852,0.271076304024603,0.975874694488572,3.79019240704715,-5543.13224417518,31653.7881175323,TRUE,FALSE,TRUE
10,196712,"p","2020-01-30 14:07:00",573.283333333333,TRUE,573.2,0.0833333333329165,FALSE,TRUE,81.3228870925644,0.271076290309904,0.975874645115654,3.64312963540062,-5616.29707870936,31617.4710991419,TRUE,FALSE,TRUE
10,196712,"p","2020-01-30 14:12:00",573.366666666667,TRUE,573.283333333333,0.0833333333340533,FALSE,TRUE,81.3228829812784,0.271076276601919,0.975874595766908,3.6486331315671,-5689.46191324313,31581.1540807521,TRUE,FALSE,TRUE
10,196712,"p","2020-01-30 14:17:00",573.45,TRUE,573.366666666667,0.0833333333330302,FALSE,TRUE,81.3228788729905,0.271076262910954,0.975874546479436,3.65035419104642,-5762.62674777711,31544.8370623684,TRUE,FALSE,TRUE
10,196712,"p","2020-01-30 14:22:00",573.533333333333,TRUE,573.45,0.0833333333329165,FALSE,TRUE,81.3228747709614,0.271076249237894,0.975874497256419,3.65207525052286,-5835.79158231129,31508.5200439767,TRUE,FALSE,TRUE
10,196712,"p","2020-01-30 14:27:00",573.616666666667,TRUE,573.533333333333,0.0833333333340533,FALSE,TRUE,81.3228706685836,0.271076235559603,0.975874448014572,3.65379631000213,-5908.95641684533,31472.2030255878,TRUE,FALSE,TRUE
10,196712,"p","2020-01-30 14:32:00",573.7,TRUE,573.616666666667,0.0833333333330302,FALSE,TRUE,81.3228665716758,0.271076221906572,0.975874398863659,3.65551736948546,-5982.12125137908,31435.8860072022,TRUE,FALSE,TRUE
10,196712,"p","2020-01-30 14:37:00",573.783333333333,TRUE,573.7,0.0833333333329165,FALSE,TRUE,81.3228624784085,0.271076208262718,0.975874349745783,3.65723842897282,-6055.28608591312,31399.5689888122,TRUE,FALSE,TRUE
10,196712,"p","2020-01-30 14:42:00",573.866666666667,TRUE,573.783333333333,0.0833333333340533,FALSE,TRUE,81.3228583871442,0.271076194621472,0.975874300637298,3.65895948846393,-6128.45092044694,31363.2519704236,TRUE,FALSE,TRUE
10,196712,"p","2020-01-30 14:47:00",573.95,TRUE,573.866666666667,0.0833333333330302,FALSE,TRUE,81.3228543018679,0.271076181007213,0.975874251625965,3.6606805479605,-6201.61575498096,31326.9349520353,TRUE,FALSE,TRUE
10,196712,"p","2020-01-30 14:52:00",574.033333333333,TRUE,573.95,0.0833333333329165,FALSE,TRUE,81.3228502183131,0.271076167395733,0.975874202624638,3.66240160746148,-6274.78058951503,31290.6179336456,TRUE,FALSE,TRUE
10,196712,"p","2020-01-30 14:57:00",574.116666666667,TRUE,574.033333333333,0.0833333333340533,FALSE,TRUE,81.3228461389922,0.271076153794299,0.975874153659475,3.66229264150462,-6347.94542404902,31254.3009152565,TRUE,FALSE,TRUE
10,196712,"p","2020-01-30 15:02:00",574.2,TRUE,574.116666666667,0.0833333333330302,FALSE,TRUE,81.3228420628238,0.271076140210399,0.975874104757436,3.3221758937289,-6421.11025858299,31217.9838968682,TRUE,FALSE,TRUE
10,196712,"p","2020-01-30 15:07:00",574.283333333333,TRUE,574.2,0.0833333333329165,FALSE,TRUE,81.3228379904387,0.271076126636152,0.975874055890146,2.98020456435004,-6494.27509311699,31181.6668784836,TRUE,FALSE,TRUE
10,196712,"p","2020-01-30 15:12:00",574.366666666667,TRUE,574.283333333333,0.0833333333340533,FALSE,TRUE,81.3228339204176,0.271076113065717,0.97587400703658,2.63823359820688,-6567.43992765089,31145.3498600994,TRUE,FALSE,TRUE
10,196712,"p","2020-01-30 15:17:00",574.45,TRUE,574.366666666667,0.0833333333330302,FALSE,TRUE,81.3228298562377,0.271076099521778,0.975873958278402,2.29626299237592,-6640.60476218493,31109.0328417005,TRUE,FALSE,TRUE
10,196712,"p","2020-01-30 15:22:00",574.533333333333,TRUE,574.45,0.0833333333329165,FALSE,TRUE,81.322825792379,0.271076085975953,0.97587390951343,1.95429274391165,-6713.76959671886,31072.7158233183,TRUE,FALSE,TRUE
10,196712,"p","2020-01-30 15:27:00",574.616666666667,TRUE,574.533333333333,0.0833333333340533,FALSE,TRUE,81.3228217343691,0.271076072445555,0.975873860803997,1.61402052267241,-6786.9344312529,31036.3988049337,TRUE,FALSE,TRUE
10,196712,"p","2020-01-30 15:32:00",574.7,TRUE,574.616666666667,0.0833333333330302,FALSE,TRUE,81.3228176799922,0.271076058934293,0.975873812163456,1.51709335521476,-6860.09926578692,31000.0817865337,TRUE,FALSE,TRUE
10,196712,"p","2020-01-30 15:37:00",574.783333333333,TRUE,574.7,0.0833333333329165,FALSE,TRUE,81.3228136279983,0.271076045428017,0.975873763540861,1.42695148541322,-6933.26410032086,30963.7647681423,TRUE,FALSE,TRUE
10,196712,"p","2020-01-30 15:42:00",574.866666666667,TRUE,574.783333333333,0.0833333333340533,FALSE,TRUE,81.3228095791872,0.271076031928282,0.975873714941814,1.33680965130137,-7006.4289348548,30927.4477497609,TRUE,FALSE,TRUE
10,196712,"p","2020-01-30 15:47:00",574.95,TRUE,574.866666666667,0.0833333333330302,FALSE,TRUE,81.3228055349856,0.271076018450938,0.975873666423378,1.24666785277744,-7079.59376938902,30891.1307313778,TRUE,FALSE,TRUE
11,196712,"p","2020-01-31 11:27:00",594.616666666667,TRUE,594.533333333333,0.0833333333340533,FALSE,TRUE,281.442244107955,0.938140813685076,3.37730692926627,3.37730692926627,-22211.0979242677,22503.5597795855,TRUE,TRUE,TRUE
11,196712,"p","2020-01-31 11:32:00",594.7,TRUE,594.616666666667,0.0833333333330302,FALSE,TRUE,281.442230385396,0.938140767954734,3.37730676463704,3.37730684695166,-21928.3632929451,22497.7836591741,TRUE,FALSE,TRUE
11,196712,"p","2020-01-31 11:37:00",594.783333333333,TRUE,594.7,0.0833333333329165,FALSE,TRUE,281.442216808345,0.938140722699176,3.37730660171703,3.37730676520678,-21645.6286616224,22492.0075387685,TRUE,FALSE,TRUE
11,196712,"p","2020-01-31 11:42:00",594.866666666667,TRUE,594.783333333333,0.0833333333340533,FALSE,TRUE,281.4422033763,0.938140677912894,3.37730644048642,3.37730668402669,-21362.8940303002,22486.231418368,TRUE,FALSE,TRUE
11,196712,"p","2020-01-31 11:47:00",594.95,TRUE,594.866666666667,0.0833333333330302,FALSE,TRUE,281.44219009074,0.938140633639214,3.37730628110117,3.37730660344159,-21080.1593989775,22480.4552979544,TRUE,FALSE,TRUE
11,196712,"p","2020-01-31 11:52:00",595.033333333333,TRUE,594.95,0.0833333333329165,FALSE,TRUE,281.442176950825,0.938140589840777,3.3773061234268,3.37730652343912,-20797.4247676545,22474.6791775521,TRUE,FALSE,TRUE
11,196712,"p","2020-01-31 11:57:00",595.116666666667,TRUE,595.033333333333,0.0833333333340533,FALSE,TRUE,281.442163955332,0.938140546509667,3.3773059674348,3.37730644400993,-20514.6901363323,22468.9030571472,TRUE,FALSE,TRUE
11,196712,"p","2020-01-31 12:02:00",595.2,TRUE,595.116666666667,0.0833333333330302,FALSE,TRUE,281.442151106576,0.938140503692,3.3773058132912,3.37730636517009,-20231.9555050098,22463.126936743,TRUE,FALSE,TRUE
11,196712,"o","2020-01-31 12:05:00",595.25,TRUE,595.2,0.0499999999999545,FALSE,TRUE,160.176613601114,0.889870075562553,3.20353227202519,3.35799813259844,-20071.0125741558,22464.1171308915,TRUE,FALSE,TRUE
11,196712,"p","2020-01-31 12:07:00",595.283333333333,TRUE,595.25,0.033333333332962,FALSE,TRUE,612.87064251407,5.10725535434082,18.3861192756269,4.86081024690129,-20594.4495900672,22787.8984382382,TRUE,FALSE,TRUE
11,196712,"o","2020-01-31 12:11:00",595.35,TRUE,595.283333333333,0.0666666666670608,FALSE,TRUE,1235.92610312105,5.14969209630728,18.5388915467062,6.10427218324719,-21649.4266863264,23441.7979501215,TRUE,FALSE,TRUE
11,196712,"p","2020-01-31 12:12:00",595.366666666667,TRUE,595.35,0.0166666666669926,FALSE,TRUE,98.9819123143856,1.64969853854083,5.938914738747,6.09049239620551,-21580.1111068301,23512.9874113036,TRUE,FALSE,TRUE
11,196712,"p","2020-01-31 12:17:00",595.45,TRUE,595.366666666667,0.0833333333330302,FALSE,TRUE,519.63923957962,1.73213079860504,6.23567087497813,6.10165997149571,-21187.0700526127,23856.060539357,TRUE,FALSE,TRUE
11,196712,"p","2020-01-31 12:22:00",595.533333333333,TRUE,595.45,0.0833333333329165,FALSE,TRUE,519.639464025923,1.73213154676174,6.23567356834226,6.11123237127046,-20794.0289983135,24199.1336673957,TRUE,FALSE,TRUE
11,196712,"p","2020-01-31 12:27:00",595.616666666667,TRUE,595.533333333333,0.0833333333340533,FALSE,TRUE,519.639689331666,1.73213229775725,6.23567627192612,6.11952863131417,-20400.9879440149,24542.2067954325,TRUE,FALSE,TRUE
11,196712,"p","2020-01-31 12:32:00",595.7,TRUE,595.616666666667,0.0833333333330302,FALSE,TRUE,519.639915552243,1.73213305184711,6.2356789866496,6.12678802852264,-20007.9468897155,24885.2799234708,TRUE,FALSE,TRUE
11,196712,"p","2020-01-31 12:37:00",595.783333333333,TRUE,595.7,0.0833333333329165,FALSE,TRUE,519.640142674555,1.73213380892385,6.23568171212585,6.13319353932282,-19614.9058354162,25228.3530515091,TRUE,FALSE,TRUE
11,196712,"o","2020-01-31 12:42:00",595.866666666667,TRUE,595.783333333333,0.0833333333340533,FALSE,TRUE,518.799843663418,1.72933281219645,6.22559812390722,6.13832712735529,-19222.1457401421,25570.4659107218,TRUE,FALSE,TRUE
11,196712,"p","2020-01-31 12:47:00",595.95,TRUE,595.866666666667,0.0833333333330302,FALSE,TRUE,377.751334581623,1.25917111527666,4.53301601499596,6.05383706881006,-18880.9293834531,25736.4112846014,TRUE,FALSE,TRUE
11,196712,"p","2020-01-31 12:52:00",596.033333333333,TRUE,595.95,0.0833333333329165,FALSE,TRUE,377.081362622592,1.25693787541493,4.52497635149373,5.97739403294425,-18539.9939857888,25901.3963896581,TRUE,FALSE,TRUE
11,196712,"p","2020-01-31 12:57:00",596.116666666667,TRUE,596.033333333333,0.0833333333340533,FALSE,TRUE,377.081436094164,1.25693812030302,4.52497723309088,5.90823132818932,-18199.0585881252,26066.3814947144,TRUE,FALSE,TRUE
11,196712,"p","2020-01-31 13:02:00",596.2,TRUE,596.116666666667,0.0833333333330302,FALSE,TRUE,377.081509917345,1.25693836639572,4.5249781190246,5.8453561823182,-17858.1231904611,26231.3665997764,TRUE,FALSE,TRUE
11,196712,"p","2020-01-31 13:07:00",596.283333333333,TRUE,596.2,0.0833333333329165,FALSE,TRUE,377.081584089307,1.25693861363731,4.52497900909432,5.78794847913455,-17517.1877927972,26396.3517048315,TRUE,FALSE,TRUE
11,196712,"p","2020-01-31 13:12:00",596.366666666667,TRUE,596.283333333333,0.0833333333340533,FALSE,TRUE,377.081658610047,1.25693886202263,4.52497990328146,5.73532478847401,-17176.2523951332,26561.3368098895,TRUE,FALSE,TRUE
11,196712,"p","2020-01-31 13:17:00",596.45,TRUE,596.366666666667,0.0833333333330302,FALSE,TRUE,377.081733478877,1.25693911160083,4.52498080176299,5.68691102900557,-16835.3169974691,26726.3219149442,TRUE,FALSE,TRUE
11,196712,"p","2020-01-31 13:22:00",596.533333333333,TRUE,596.45,0.0833333333329165,FALSE,TRUE,377.081808696947,1.25693936232944,4.524981704386,5.64222143959712,-16494.3815998048,26891.3070199999,TRUE,FALSE,TRUE
11,196712,"p","2020-01-31 13:27:00",596.616666666667,TRUE,596.533333333333,0.0833333333340533,FALSE,TRUE,377.081884264114,1.25693961420285,4.52498261113027,5.60084222372798,-16153.4462021411,27056.292125058,TRUE,FALSE,TRUE
11,196712,"p","2020-01-31 13:32:00",596.7,TRUE,596.616666666667,0.0833333333330302,FALSE,TRUE,377.081960180443,1.25693986727272,4.52498352218178,5.56241869867276,-15812.510804477,27221.2772301164,TRUE,FALSE,TRUE
11,196712,"p","2020-01-31 13:37:00",596.783333333333,TRUE,596.7,0.0833333333329165,FALSE,TRUE,377.082036444399,1.25694012148762,4.52498443735542,5.52664510345492,-15471.5754068129,27386.2623351778,TRUE,FALSE,TRUE
11,196712,"p","2020-01-31 13:42:00",596.866666666667,TRUE,596.783333333333,0.0833333333340533,FALSE,TRUE,377.082113057846,1.25694037684863,4.52498535665506,5.49325644522826,-15130.6400091494,27551.2474402315,TRUE,FALSE,TRUE
11,196712,"p","2020-01-31 13:47:00",596.95,TRUE,596.866666666667,0.0833333333330302,FALSE,TRUE,377.082190021529,1.25694063340967,4.52498628027481,5.46202192377815,-14789.704611485,27716.2325452907,TRUE,FALSE,TRUE
11,196712,"p","2020-01-31 13:52:00",597.033333333333,TRUE,596.95,0.0833333333329165,FALSE,TRUE,377.082267331332,1.25694089111073,4.52498720799861,5.43273958891004,-14448.7692138209,27881.2176503471,TRUE,FALSE,TRUE
11,196712,"p","2020-01-31 13:57:00",597.116666666667,TRUE,597.033333333333,0.0833333333340533,FALSE,TRUE,377.082344990921,1.25694114995888,4.52498813985196,5.40523196924161,-14107.8338161571,28046.2027554033,TRUE,FALSE,TRUE
11,196712,"p","2020-01-31 14:02:00",597.2,TRUE,597.116666666667,0.0833333333330302,FALSE,TRUE,377.08242300169,1.25694141001021,4.52498907603674,5.37934247238264,-13766.8984184932,28211.1878604623,TRUE,FALSE,TRUE
11,196712,"p","2020-01-31 14:07:00",597.283333333333,TRUE,597.2,0.0833333333329165,FALSE,TRUE,377.082501358773,1.2569416712022,4.52499001632791,5.35493240220965,-13425.9630208289,28376.1729655198,TRUE,FALSE,TRUE
11,196712,"p","2020-01-31 14:12:00",597.366666666667,TRUE,597.283333333333,0.0833333333340533,FALSE,TRUE,377.082580065536,1.25694193354093,4.52499096074734,5.33187847328014,-13085.0276231651,28541.1580705804,TRUE,FALSE,TRUE
11,196712,"p","2020-01-31 14:17:00",597.45,TRUE,597.366666666667,0.0833333333330302,FALSE,TRUE,377.082659121161,1.25694219707511,4.52499190947039,5.36375861161914,-12744.0922255009,28706.1431756376,TRUE,FALSE,TRUE
11,196712,"p","2020-01-31 14:22:00",597.533333333333,TRUE,597.45,0.0833333333329165,FALSE,TRUE,377.082738524999,1.25694246175628,4.52499286232262,5.3956387809993,-12403.1568278366,28871.1282806882,TRUE,FALSE,TRUE
11,196712,"p","2020-01-31 14:27:00",597.616666666667,TRUE,597.533333333333,0.0833333333340533,FALSE,TRUE,377.082818278924,1.25694272758555,4.52499381930799,5.42751898148794,-12062.2214301732,29036.1133857566,TRUE,FALSE,TRUE
11,196712,"p","2020-01-31 14:32:00",597.7,TRUE,597.616666666667,0.0833333333330302,FALSE,TRUE,377.082898379733,1.25694299460368,4.52499478057326,5.45939921315702,-11721.2860325089,29201.098490803,TRUE,FALSE,TRUE
11,196712,"p","2020-01-31 14:37:00",597.783333333333,TRUE,597.7,0.0833333333329165,FALSE,TRUE,377.082978831719,1.25694326277868,4.52499574600326,5.49127947607096,-11380.3506348447,29366.0835958663,TRUE,FALSE,TRUE
11,196712,"p","2020-01-31 14:42:00",597.866666666667,TRUE,597.783333333333,0.0833333333340533,FALSE,TRUE,377.083059631035,1.25694353209259,4.52499671553332,5.52315977029614,-11039.415237181,29531.0687009224,TRUE,FALSE,TRUE
11,196712,"p","2020-01-31 14:47:00",597.95,TRUE,597.866666666667,0.0833333333330302,FALSE,TRUE,377.083140779585,1.25694380260319,4.52499768937149,5.5550400959055,-10698.4798395167,29696.0538059745,TRUE,FALSE,TRUE
11,196712,"p","2020-01-31 14:52:00",598.033333333333,TRUE,597.95,0.0833333333329165,FALSE,TRUE,377.083222276832,1.25694407426239,4.52499866734461,5.58692045296254,-10357.5444418526,29861.038911029,TRUE,FALSE,TRUE
11,196712,"p","2020-01-31 14:57:00",598.116666666667,TRUE,598.033333333333,0.0833333333340533,FALSE,TRUE,377.083304123387,1.2569443470671,4.52499964944154,5.62362788011299,-10016.6090441889,30026.0240160946,TRUE,FALSE,TRUE
11,196712,"p","2020-01-31 15:02:00",598.2,TRUE,598.116666666667,0.0833333333330302,FALSE,TRUE,377.083386318639,1.2569446210667,4.52500063584013,5.23859680678558,-9675.67364652472,30191.0091211553,TRUE,FALSE,TRUE
11,196712,"p","2020-01-31 15:07:00",598.283333333333,TRUE,598.2,0.0833333333329165,FALSE,TRUE,377.083468861673,1.25694489621186,4.52500162636271,4.84932208677604,-9334.73824886044,30355.9942262048,TRUE,FALSE,TRUE
11,196712,"p","2020-01-31 15:12:00",598.366666666667,TRUE,598.283333333333,0.0833333333340533,FALSE,TRUE,377.083551755151,1.25694517250631,4.52500262102272,4.81004675017259,-8993.80285119677,30520.9793312727,TRUE,FALSE,TRUE
11,196712,"p","2020-01-31 15:17:00",598.45,TRUE,598.366666666667,0.0833333333330302,FALSE,TRUE,377.083634996074,1.25694544999149,4.52500361996935,4.76252821531123,-8652.86745353281,30685.9644363305,TRUE,FALSE,TRUE
11,196712,"p","2020-01-31 15:22:00",598.533333333333,TRUE,598.45,0.0833333333329165,FALSE,TRUE,377.08371858755,1.25694572863145,4.52500462307323,4.7150096334982,-8311.9320558683,30850.9495413822,TRUE,FALSE,TRUE
11,196712,"p","2020-01-31 15:27:00",598.616666666667,TRUE,598.533333333333,0.0833333333340533,FALSE,TRUE,377.083802526928,1.25694600841223,4.52500563028404,4.6674910045637,-7970.99665820454,31015.9346464383,TRUE,FALSE,TRUE
11,196712,"p","2020-01-31 15:32:00",598.7,TRUE,598.616666666667,0.0833333333330302,FALSE,TRUE,377.083886813899,1.25694628938424,4.52500664178325,4.61997232831741,-7630.06126054033,31180.9197514898,TRUE,FALSE,TRUE
11,196712,"p","2020-01-31 15:37:00",598.783333333333,TRUE,598.7,0.0833333333329165,FALSE,TRUE,377.083971451167,1.25694657151018,4.52500765743665,4.57245360457605,-7289.12586287621,31345.9048565545,TRUE,FALSE,TRUE
11,196712,"p","2020-01-31 15:42:00",598.866666666667,TRUE,598.783333333333,0.0833333333340533,FALSE,TRUE,377.084056437,1.25694685477914,4.52500867720491,4.52521500883431,-6948.1904652125,31510.8899616143,TRUE,FALSE,TRUE
11,196712,"p","2020-01-31 15:47:00",598.95,TRUE,598.866666666667,0.0833333333330302,FALSE,TRUE,377.08414177191,1.25694713924427,4.52500970127939,4.52499261123108,-6607.25506754823,31675.8750666731,TRUE,FALSE,TRUE
11,196712,"p","2020-01-31 15:52:00",599.033333333333,TRUE,598.95,0.0833333333329165,FALSE,TRUE,377.084227455536,1.25694742485807,4.52501072948906,4.52499356617539,-6266.31966988412,31840.8601717245,TRUE,FALSE,TRUE
11,196712,"p","2020-01-31 15:57:00",599.116666666667,TRUE,599.033333333333,0.0833333333340533,FALSE,TRUE,377.084313486926,1.25694771161223,4.52501176180401,4.52499452530631,-5925.38427222055,32005.8452767817,TRUE,FALSE,TRUE
11,196712,"p","2020-01-31 16:02:00",599.2,TRUE,599.116666666667,0.0833333333330302,FALSE,TRUE,377.084399867994,1.25694799956455,4.52501279843238,4.52499548862319,-5584.44887455636,32170.8303818413,TRUE,FALSE,TRUE
11,196712,"p","2020-01-31 16:07:00",599.283333333333,TRUE,599.2,0.0833333333329165,FALSE,TRUE,377.084486598549,1.25694828866812,4.52501383920522,4.52499645612628,-5243.5134768919,32335.8154868911,TRUE,FALSE,TRUE
11,196712,"p","2020-01-31 16:12:00",599.366666666667,TRUE,599.283333333333,0.0833333333340533,FALSE,TRUE,377.084573677408,1.25694857891383,4.5250148840898,4.5249974278154,-4902.57807922814,32500.8005919523,TRUE,FALSE,TRUE
11,196712,"p","2020-01-31 16:17:00",599.45,TRUE,599.366666666667,0.0833333333330302,FALSE,TRUE,377.084661104982,1.25694887035451,4.52501593327624,4.52499840369076,-4561.64268156412,32665.7856970143,TRUE,FALSE,TRUE
11,196712,"p","2020-01-31 16:22:00",599.533333333333,TRUE,599.45,0.0833333333329165,FALSE,TRUE,377.084748880359,1.25694916294082,4.52501698658695,4.5249993837519,-4220.70728389981,32830.7708020674,TRUE,FALSE,TRUE
11,196712,"p","2020-01-31 16:27:00",599.616666666667,TRUE,599.533333333333,0.0833333333340533,FALSE,TRUE,377.084837006324,1.25694945667689,4.52501804403679,4.5250003679993,-3879.77188623618,32995.7559071217,TRUE,FALSE,TRUE
11,196712,"p","2020-01-31 16:32:00",599.7,TRUE,599.616666666667,0.0833333333330302,FALSE,TRUE,377.084925480381,1.25694975160584,4.52501910578104,4.52500135643262,-3538.83648857211,33160.7410121912,TRUE,FALSE,TRUE
11,196712,"p","2020-01-31 16:37:00",599.783333333333,TRUE,599.7,0.0833333333329165,FALSE,TRUE,377.085014304529,1.25695004768805,4.52502017167699,4.52500234905266,-3197.90109090755,33325.7261172413,TRUE,FALSE,TRUE
11,196712,"p","2020-01-31 16:42:00",599.866666666667,TRUE,599.783333333333,0.0833333333340533,FALSE,TRUE,377.085103474445,1.25695034490396,4.52502124165424,4.52500334585819,-2856.96569324386,33490.7112222979,TRUE,FALSE,TRUE
11,196712,"p","2020-01-31 16:47:00",599.95,TRUE,599.866666666667,0.0833333333330302,FALSE,TRUE,377.085192996758,1.2569506433271,4.52502231597756,4.52500434684994,-2516.03029557971,33655.6963273637,TRUE,FALSE,TRUE
11,196712,"p","2020-01-31 16:52:00",600.033333333333,TRUE,599.95,0.0833333333329165,FALSE,TRUE,377.085282863728,1.25695094288538,4.52502339438737,4.5250053520274,-2175.09489791546,33820.6814324157,TRUE,FALSE,TRUE
11,196712,"p","2020-01-31 16:57:00",600.116666666667,TRUE,600.033333333333,0.0833333333340533,FALSE,TRUE,377.085373083131,1.25695124359958,4.52502447695847,4.52500636139147,-1834.15950025169,33985.6665374718,TRUE,FALSE,TRUE
11,196712,"p","2020-01-31 17:02:00",600.2,TRUE,600.116666666667,0.0833333333330302,FALSE,TRUE,377.08546365073,1.25695154550701,4.52502556382522,4.52500737494115,-1493.22410258743,34150.6516425321,TRUE,FALSE,TRUE
11,196712,"p","2020-01-31 17:07:00",600.283333333333,TRUE,600.2,0.0833333333329165,FALSE,TRUE,377.085554565726,1.25695184855871,4.52502665481134,4.5250083926768,-1152.28870492324,34315.6367475819,TRUE,FALSE,TRUE
11,196712,"p","2020-01-31 17:12:00",600.366666666667,TRUE,600.283333333333,0.0833333333340533,FALSE,TRUE,377.085645830081,1.25695215275608,4.52502774992188,4.52500941459832,-811.3533072595,34480.6218526525,TRUE,FALSE,TRUE
11,196712,"p","2020-01-31 17:17:00",600.45,TRUE,600.366666666667,0.0833333333330302,FALSE,TRUE,377.085737444316,1.25695245815229,4.52502884934825,4.52501044070604,-470.41790959522,34645.6069577042,TRUE,FALSE,TRUE
11,196712,"o","2020-01-31 17:20:00",600.5,TRUE,600.45,0.0499999999999545,FALSE,TRUE,224.074125655962,1.24485625364537,4.48148251312332,4.52380181989494,-267.767010457591,34743.5252997939,TRUE,FALSE,TRUE
11,196712,"p","2020-01-31 17:22:00",600.533333333333,TRUE,600.5,0.033333333332962,FALSE,TRUE,12.933084491263,0.107775704095059,0.387992534742213,4.4088851175459,-271.19640330338,34731.0148660578,TRUE,FALSE,TRUE
11,196712,"p","2020-01-31 17:27:00",600.616666666667,TRUE,600.533333333333,0.0833333333340533,FALSE,TRUE,36.3737633267274,0.12124587775471,0.436485159916957,4.295315405861,-284.545734070444,34697.0569793585,TRUE,FALSE,TRUE
11,196712,"p","2020-01-31 17:32:00",600.7,TRUE,600.616666666667,0.0833333333330302,FALSE,TRUE,36.37376149537,0.121245871651675,0.436485137946028,4.1817456667483,-297.895064837462,34663.0990926499,TRUE,FALSE,TRUE
11,196712,"p","2020-01-31 17:37:00",600.783333333333,TRUE,600.7,0.0833333333329165,FALSE,TRUE,36.3737596665479,0.121245865555766,0.436485116000759,4.06817590009461,-311.244395604474,34629.1412059548,TRUE,FALSE,TRUE
11,196712,"p","2020-01-31 17:42:00",600.866666666667,TRUE,600.783333333333,0.0833333333340533,FALSE,TRUE,36.3737578309857,0.121245859435572,0.436485093968057,3.95460610577785,-324.593726371327,34595.1833192558,TRUE,FALSE,TRUE
11,196712,"p","2020-01-31 17:47:00",600.95,TRUE,600.866666666667,0.0833333333330302,FALSE,TRUE,36.3737560033574,0.121245853344966,0.436485072041877,3.84103628368611,-337.943057138439,34561.2254325565,TRUE,FALSE,TRUE
11,196712,"p","2020-01-31 17:52:00",601.033333333333,TRUE,600.95,0.0833333333329165,FALSE,TRUE,36.3737541702352,0.121245847234724,0.436485050045005,3.72746643370287,-351.292387905466,34527.2675458464,TRUE,FALSE,TRUE
11,196712,"p","2020-01-31 17:57:00",601.116666666667,TRUE,601.033333333333,0.0833333333340533,FALSE,TRUE,36.3737523410322,0.121245841135726,0.436485028088615,3.61389655570978,-364.641718672638,34493.3096591432,TRUE,FALSE,TRUE
11,196712,"p","2020-01-31 18:02:00",601.2,TRUE,601.116666666667,0.0833333333330302,FALSE,TRUE,36.373750511527,0.121245835038864,0.436485006139912,3.50032664959248,-377.991049439422,34459.3517724479,TRUE,FALSE,TRUE
11,196712,"p","2020-01-31 18:07:00",601.283333333333,TRUE,601.2,0.0833333333329165,FALSE,TRUE,36.3737486821334,0.121245828941051,0.436484984187784,3.38675671523595,-391.340380206422,34425.393885741,TRUE,FALSE,TRUE
11,196712,"p","2020-01-31 18:12:00",601.366666666667,TRUE,601.283333333333,0.0833333333340533,FALSE,TRUE,36.3737468473147,0.121245822823335,0.436484962164005,3.27318675251913,-404.689710973488,34391.435999041,TRUE,FALSE,TRUE
11,196712,"p","2020-01-31 18:17:00",601.45,TRUE,601.366666666667,0.0833333333330302,FALSE,TRUE,36.373745022853,0.121245816743285,0.436484940275824,3.15961676133032,-418.039041740465,34357.4781123407,TRUE,FALSE,TRUE
11,196712,"p","2020-01-31 18:22:00",601.533333333333,TRUE,601.45,0.0833333333329165,FALSE,TRUE,36.3737431930353,0.121245810644057,0.436484918318607,3.0460467415535,-431.38837250739,34323.5202256444,TRUE,FALSE,TRUE
11,196712,"p","2020-01-31 18:27:00",601.616666666667,TRUE,601.533333333333,0.0833333333340533,FALSE,TRUE,36.3737413645751,0.121245804547536,0.43648489637113,2.93247669306983,-444.737703274678,34289.5623389436,TRUE,FALSE,TRUE
11,196712,"p","2020-01-31 18:32:00",601.7,TRUE,601.616666666667,0.0833333333330302,FALSE,TRUE,36.3737395369898,0.121245798457074,0.436484874445466,2.81890661576452,-458.087034041417,34255.6044522379,TRUE,FALSE,TRUE
11,196712,"p","2020-01-31 18:37:00",601.783333333333,TRUE,601.7,0.0833333333329165,FALSE,TRUE,36.3737377083386,0.121245792361735,0.436484852502247,2.70533650952278,-471.43636480859,34221.6465655385,TRUE,FALSE,TRUE
11,196712,"p","2020-01-31 18:42:00",601.866666666667,TRUE,601.783333333333,0.0833333333340533,FALSE,TRUE,36.3737358806312,0.121245786267723,0.436484830563803,2.59176637422512,-484.785695575475,34187.6886788393,TRUE,FALSE,TRUE
11,196712,"p","2020-01-31 18:47:00",601.95,TRUE,601.866666666667,0.0833333333330302,FALSE,TRUE,36.3737340542812,0.121245780181379,0.436484808652963,2.47819620975745,-498.135026342485,34153.7307921338,TRUE,FALSE,TRUE
11,196712,"p","2020-01-31 18:52:00",602.033333333333,TRUE,601.95,0.0833333333329165,FALSE,TRUE,36.3737322252053,0.121245774084624,0.436484786704647,2.36462601600469,-511.484357109656,34119.7729054338,TRUE,FALSE,TRUE
11,196712,"p","2020-01-31 18:57:00",602.116666666667,TRUE,602.033333333333,0.0833333333340533,FALSE,TRUE,36.3737303984571,0.121245767993809,0.436484764777714,2.25105579284762,-524.833687876455,34085.8150187382,TRUE,FALSE,TRUE
11,196712,"p","2020-01-31 19:02:00",602.2,TRUE,602.116666666667,0.0833333333330302,FALSE,TRUE,36.3737285718201,0.121245761906508,0.43648474286343,2.13748554017146,-538.183018643483,34051.8571320362,TRUE,FALSE,TRUE
11,196712,"p","2020-01-31 19:07:00",602.283333333333,TRUE,602.2,0.0833333333329165,FALSE,TRUE,36.3737267476488,0.121245755826102,0.436484720973969,2.02391525786269,-551.532349410584,34017.8992453267,TRUE,FALSE,TRUE
11,196712,"p","2020-01-31 19:12:00",602.366666666667,TRUE,602.283333333333,0.0833333333340533,FALSE,TRUE,36.3737249206823,0.12124574973456,0.436484699044417,1.91034494580069,-564.881680177608,33983.9413586332,TRUE,FALSE,TRUE
11,196712,"p","2020-01-31 19:17:00",602.45,TRUE,602.366666666667,0.0833333333330302,FALSE,TRUE,36.3737230962504,0.121245743654609,0.436484677156593,1.79677460387207,-578.231010944583,33949.9834719308,TRUE,FALSE,TRUE
11,196712,"p","2020-01-31 19:22:00",602.533333333333,TRUE,602.45,0.0833333333329165,FALSE,TRUE,36.3737212704764,0.121245737568861,0.436484655247901,1.68320423196127,-591.580341711734,33916.0255852262,TRUE,FALSE,TRUE
11,196712,"p","2020-01-31 19:27:00",602.616666666667,TRUE,602.533333333333,0.0833333333340533,FALSE,TRUE,36.3737194430845,0.121245731475901,0.436484633313243,1.56963382994827,-604.929672478527,33882.0676985283,TRUE,FALSE,TRUE
11,196712,"p","2020-01-31 19:32:00",602.7,TRUE,602.616666666667,0.0833333333330302,FALSE,TRUE,36.3737176223794,0.121245725408372,0.436484611470141,1.4560633977203,-618.279003245562,33848.1098118198,TRUE,FALSE,TRUE
11,196712,"p","2020-01-31 19:37:00",602.783333333333,TRUE,602.7,0.0833333333329165,FALSE,TRUE,36.3737157962488,0.121245719321436,0.436484589557168,1.34249293516205,-631.628334012685,33814.1519251237,TRUE,FALSE,TRUE
11,196712,"p","2020-01-31 19:42:00",602.866666666667,TRUE,602.783333333333,0.0833333333340533,FALSE,TRUE,36.3737139725834,0.121245713240897,0.43648456766723,1.22892244215343,-644.977664779738,33780.1940384203,TRUE,FALSE,TRUE
11,196712,"p","2020-01-31 20:17:00",603.45,TRUE,603.366666666667,0.0833333333330302,FALSE,TRUE,427.779611172669,1.42593203724742,5.1333553340907,1.21676633718922,1911.47002705282,33963.4414523855,TRUE,FALSE,TRUE
11,196712,"p","2020-01-31 20:22:00",603.533333333333,TRUE,603.45,0.0833333333329165,FALSE,TRUE,427.779636362846,1.42593212121662,5.13335563637983,1.34858197890138,2339.76953081963,33999.6423358356,TRUE,FALSE,TRUE
11,196712,"p","2020-01-31 20:27:00",603.616666666667,TRUE,603.533333333333,0.0833333333340533,FALSE,TRUE,427.779662063351,1.42593220686552,5.13335594471586,1.47905061181246,2768.06903458598,34035.8432192725,TRUE,FALSE,TRUE
11,196712,"p","2020-01-31 20:32:00",603.7,TRUE,603.616666666667,0.0833333333330302,FALSE,TRUE,427.77968825896,1.42593229420172,5.1333562591262,1.60951925406746,3196.36853833488,34072.0441027177,TRUE,FALSE,TRUE
11,196712,"o","2020-01-31 20:33:00",603.716666666667,TRUE,603.7,0.0166666666669926,FALSE,TRUE,83.5580034448338,1.39263339072,5.013480206592,1.73665800658389,3279.99866053944,34079.4536904742,TRUE,FALSE,TRUE
11,196712,"p","2020-01-31 20:37:00",603.783333333333,TRUE,603.716666666667,0.0666666666659239,FALSE,TRUE,69.0465286004972,0.287693869171944,1.035697929019,1.75330280755752,3323.5196595478,34133.3796823314,TRUE,FALSE,TRUE
11,196712,"p","2020-01-31 20:42:00",603.866666666667,TRUE,603.783333333333,0.0833333333340533,FALSE,TRUE,84.9145433189069,0.283048477727244,1.01897451981808,1.76948306999575,3375.38368509909,34200.9989359835,TRUE,FALSE,TRUE
11,196712,"o","2020-01-31 20:46:00",603.933333333333,TRUE,603.866666666667,0.0666666666660376,FALSE,TRUE,68.0233867213008,0.283430778008094,1.02035080082914,1.78570156307309,3417.588759007,34254.6584140464,TRUE,FALSE,TRUE
11,196712,"p","2020-01-31 20:47:00",603.95,TRUE,603.933333333333,0.0166666666669926,FALSE,TRUE,36.0314982167434,0.600524970267313,2.16188989296233,1.83362947598625,3453.72545315986,34252.4491765924,TRUE,FALSE,TRUE
11,196712,"p","2020-01-31 20:52:00",604.033333333333,TRUE,603.95,0.0833333333329165,FALSE,TRUE,183.846298284951,0.612820994286236,2.20615557943045,1.88278699191099,3637.97819122126,34239.2233650427,TRUE,FALSE,TRUE
11,196712,"o","2020-01-31 20:56:00",604.1,TRUE,604.033333333333,0.0666666666670608,FALSE,TRUE,147.311386984743,0.613797445766133,2.20967080475808,1.93204215359349,3785.64151468151,34228.9969021224,TRUE,FALSE,TRUE
11,196712,"p","2020-01-31 20:57:00",604.116666666667,TRUE,604.1,0.0166666666669926,FALSE,TRUE,47.1505886747901,0.785843144564469,2.82903532043209,1.99850188576761,3831.91668807872,34239.1347793762,TRUE,FALSE,TRUE
11,196712,"p","2020-01-31 21:02:00",604.2,TRUE,604.116666666667,0.0833333333330302,FALSE,TRUE,237.405171972191,0.791350573243517,2.84886206367666,2.06551236141763,4064.59822008289,34291.5950972248,TRUE,FALSE,TRUE
11,196712,"p","2020-01-31 21:07:00",604.283333333333,TRUE,604.2,0.0833333333329165,FALSE,TRUE,237.405191888935,0.791350639633742,2.84886230268147,2.1325228443166,4297.2797520894,34344.0554150772,TRUE,FALSE,TRUE
11,196712,"p","2020-01-31 21:12:00",604.366666666667,TRUE,604.283333333333,0.0833333333340533,FALSE,TRUE,237.405211890496,0.791350706294817,2.84886254266134,2.19953333449133,4529.96128409552,34396.5157329339,TRUE,FALSE,TRUE
11,196712,"p","2020-01-31 21:17:00",604.45,TRUE,604.366666666667,0.0833333333330302,FALSE,TRUE,237.405231979085,0.791350773266497,2.84886278375939,2.26654383197227,4762.64281610206,34448.9760507933,TRUE,FALSE,TRUE
11,196712,"p","2020-01-31 21:22:00",604.533333333333,TRUE,604.45,0.0833333333329165,FALSE,TRUE,237.405252155438,0.791350840522086,2.84886302587951,2.3335543367883,4995.32434810863,34501.4363686469,TRUE,FALSE,TRUE
11,196712,"o","2020-01-31 21:26:00",604.6,TRUE,604.533333333333,0.0666666666670608,FALSE,TRUE,189.898854761922,0.791245228169999,2.848482821412,2.40055428097853,5181.40043713805,34543.594181659,TRUE,FALSE,TRUE
11,196712,"p","2020-01-31 21:27:00",604.616666666667,TRUE,604.6,0.0166666666669926,FALSE,TRUE,47.1155358349533,0.785258930567199,2.82693215004192,2.46695559601711,5225.44151566543,34560.927663479,TRUE,FALSE,TRUE
11,196712,"p","2020-01-31 21:32:00",604.7,TRUE,604.616666666667,0.0833333333330302,FALSE,TRUE,235.60649391582,0.785354979722259,2.82727792700013,2.53336651658088,5445.30122542809,34648.5428662374,TRUE,FALSE,TRUE
11,196712,"p","2020-01-31 21:37:00",604.783333333333,TRUE,604.7,0.0833333333329165,FALSE,TRUE,235.606526384737,0.78535508795305,2.82727831663098,2.5997774485768,5665.1609351904,34736.1580689916,TRUE,FALSE,TRUE
11,196712,"p","2020-01-31 21:42:00",604.866666666667,TRUE,604.783333333333,0.0833333333340533,FALSE,TRUE,235.606558937061,0.785355196450085,2.82727870722031,2.66618839203116,5885.02064495246,34823.7732717524,TRUE,FALSE,TRUE
11,196712,"p","2020-01-31 21:47:00",604.95,TRUE,604.866666666667,0.0833333333330302,FALSE,TRUE,235.606591577253,0.785355305260369,2.82727909893733,2.73259934697459,6104.88035471467,34911.3884745202,TRUE,FALSE,TRUE
11,196712,"p","2020-01-31 21:52:00",605.033333333333,TRUE,604.95,0.0833333333329165,FALSE,TRUE,235.606624299081,0.785355414334198,2.82727949160311,2.79901031343455,6324.74006447689,34999.0036772766,TRUE,FALSE,TRUE
11,196712,"p","2020-01-31 21:57:00",605.116666666667,TRUE,605.033333333333,0.0833333333340533,FALSE,TRUE,235.606657107004,0.785355523683226,2.82727988525961,2.86542129143741,6544.59977423872,35086.6188800364,TRUE,FALSE,TRUE
11,196712,"p","2020-01-31 22:02:00",605.2,TRUE,605.116666666667,0.0833333333330302,FALSE,TRUE,235.606690002502,0.78535563334453,2.82728028004031,2.93183228101498,6764.45948400078,35174.2340827903,TRUE,FALSE,TRUE
11,196712,"p","2020-01-31 22:07:00",605.283333333333,TRUE,605.2,0.0833333333329165,FALSE,TRUE,235.606722981446,0.785355743275414,2.82728067579149,2.99824328219493,6984.31919376319,35261.8492855553,TRUE,FALSE,TRUE
11,196712,"p","2020-01-31 22:12:00",605.366666666667,TRUE,605.283333333333,0.0833333333340533,FALSE,TRUE,235.606756045141,0.785355853477017,2.82728107251726,3.06465429500179,7204.17890352518,35349.4644883121,TRUE,FALSE,TRUE
11,196712,"p","2020-01-31 22:17:00",605.45,TRUE,605.366666666667,0.0833333333330302,FALSE,TRUE,235.606789194892,0.785355963985829,2.82728147034898,3.13106531946823,7424.03861328742,35437.0796910709,TRUE,FALSE,TRUE
11,196712,"p","2020-01-31 22:22:00",605.533333333333,TRUE,605.45,0.0833333333329165,FALSE,TRUE,235.606822429374,0.785356074768507,2.82728186916663,3.19747635562099,7643.89832304969,35524.6948938288,TRUE,FALSE,TRUE
11,196712,"o","2020-01-31 22:25:00",605.583333333333,TRUE,605.533333333333,0.0500000000000682,FALSE,TRUE,142.37093447202,0.790949635954589,2.84741868943652,3.26483208787944,7777.10577073791,35576.7496752102,TRUE,FALSE,TRUE
11,196712,"p","2020-01-31 22:27:00",605.616666666667,TRUE,605.583333333333,0.0333333333339851,FALSE,TRUE,181.615142255223,1.51345951876393,5.44845426755016,3.27438266960856,7959.57386008159,35574.1550126725,TRUE,FALSE,TRUE
11,196712,"p","2020-01-31 22:32:00",605.7,TRUE,605.616666666667,0.0833333333330302,FALSE,TRUE,457.271093899408,1.52423697967024,5.48725312681286,3.28421319573517,8418.97313801997,35566.3825056557,TRUE,FALSE,TRUE
11,196712,"p","2020-01-31 22:37:00",605.783333333333,TRUE,605.7,0.0833333333329165,FALSE,TRUE,457.271100044238,1.52423700015508,5.4872532005583,3.29404371619336,8878.37241595836,35558.6099986309,TRUE,FALSE,TRUE
11,196712,"p","2020-01-31 22:42:00",605.866666666667,TRUE,605.783333333333,0.0833333333340533,FALSE,TRUE,457.271106812686,1.52423702269578,5.48725328170482,3.30387423102001,9337.7716938958,35550.8374916115,TRUE,FALSE,TRUE
11,196712,"p","2020-01-31 22:47:00",605.95,TRUE,605.866666666667,0.0833333333330302,FALSE,TRUE,457.271114207817,1.52423704736494,5.48725337051377,3.31370474025996,9797.1709718344,35543.0649845934,TRUE,FALSE,TRUE
11,196712,"p","2020-01-31 22:52:00",606.033333333333,TRUE,605.95,0.0833333333329165,FALSE,TRUE,457.271122225917,1.52423707409401,5.48725346673845,3.32353524394462,10256.5702497725,35535.2924775708,TRUE,FALSE,TRUE
11,196712,"p","2020-01-31 22:57:00",606.116666666667,TRUE,606.033333333333,0.0833333333340533,FALSE,TRUE,457.271130868558,1.52423710288202,5.48725357037529,3.33336574211116,10715.9695277102,35527.5199705487,TRUE,FALSE,TRUE
11,196712,"p","2020-01-31 23:02:00",606.2,TRUE,606.116666666667,0.0833333333330302,FALSE,TRUE,457.271140137142,1.52423713379602,5.48725368166567,3.34319623480421,11175.3688056488,35519.7474635325,TRUE,FALSE,TRUE
11,196712,"p","2020-01-31 23:07:00",606.283333333333,TRUE,606.2,0.0833333333329165,FALSE,TRUE,455.747507394579,1.51915835798953,5.4689700887623,3.35251884118299,11633.2353440004,35511.8835478319,TRUE,FALSE,TRUE
11,196712,"p","2020-01-31 23:12:00",606.366666666667,TRUE,606.283333333333,0.0833333333340533,FALSE,TRUE,177.539024119118,0.591796747058615,2.13046828941101,3.27243517681685,11809.9109561164,35487.2501226293,TRUE,FALSE,TRUE
11,196712,"p","2020-01-31 23:17:00",606.45,TRUE,606.366666666667,0.0833333333330302,FALSE,TRUE,176.041136446291,0.586803788156439,2.11249363736318,3.3023461687153,11985.0538286463,35462.5252887533,TRUE,FALSE,TRUE
11,196712,"p","2020-01-31 23:22:00",606.533333333333,TRUE,606.45,0.0833333333329165,FALSE,TRUE,176.04113235207,0.586803774509834,2.1124935882354,3.33272169839356,12160.1967011761,35437.8004548661,TRUE,FALSE,TRUE
11,196712,"p","2020-01-31 23:27:00",606.616666666667,TRUE,606.533333333333,0.0833333333340533,FALSE,TRUE,176.04112829305,0.586803760971765,2.11249353949835,3.36305899668993,12335.3395737056,35413.0756209842,TRUE,FALSE,TRUE
11,196712,"p","2020-01-31 23:32:00",606.7,TRUE,606.616666666667,0.0833333333330302,FALSE,TRUE,176.04112426984,0.586803747568269,2.11249349124577,3.36168687442003,12510.4824462354,35388.3507871005,TRUE,FALSE,TRUE
11,196712,"p","2020-01-31 23:37:00",606.783333333333,TRUE,606.7,0.0833333333329165,FALSE,TRUE,176.041120282323,0.586803734277346,2.11249344339845,3.35908514841914,12685.6253187651,35363.6259532229,TRUE,FALSE,TRUE
11,196712,"p","2020-01-31 23:42:00",606.866666666667,TRUE,606.783333333333,0.0833333333340533,FALSE,TRUE,176.041116330531,0.586803721096699,2.11249339594812,3.35638577595219,12860.7681912947,35338.9011193392,TRUE,FALSE,TRUE
11,196712,"p","2020-01-31 23:47:00",606.95,TRUE,606.866666666667,0.0833333333330302,FALSE,TRUE,176.041112414115,0.586803708049183,2.11249334897706,3.33648183230066,13035.9110638245,35314.1762854554,TRUE,FALSE,TRUE
11,196712,"p","2020-01-31 23:52:00",607.033333333333,TRUE,606.95,0.0833333333329165,FALSE,TRUE,176.041108509408,0.586803695034296,2.11249330212347,3.31602714447974,13211.0539363293,35289.45145158,TRUE,FALSE,TRUE
11,196712,"o","2020-01-31 23:53:00",607.05,TRUE,607.033333333333,0.0166666666669926,FALSE,TRUE,32.4754600875471,0.541257668115201,1.94852760521472,3.29101784732789,13243.2555229945,35284.183034713,TRUE,FALSE,TRUE
11,196712,"p","2020-01-31 23:57:00",607.116666666667,TRUE,607.05,0.0666666666670608,FALSE,TRUE,283.265037803868,1.18027099084247,4.24897556703291,3.32990987578265,12966.7703566559,35216.7378997944,TRUE,FALSE,TRUE
11,196712,"p","2020-02-01 00:02:00",607.2,TRUE,607.116666666667,0.0833333333330302,FALSE,TRUE,357.593549457935,1.19197849819745,4.29112259351084,3.36997264827575,12617.6301639006,35132.0271685449,TRUE,FALSE,TRUE
11,196712,"o","2020-02-01 00:06:00",607.266666666667,TRUE,607.2,0.0666666666669471,FALSE,TRUE,276.945573647607,1.15393989019351,4.15418360469663,3.40623155324289,12347.7638808512,35064.2725330629,TRUE,FALSE,TRUE
11,196712,"p","2020-02-01 00:07:00",607.283333333333,TRUE,607.266666666667,0.0166666666659694,FALSE,TRUE,270.288351688255,4.50480586165939,16.2173011019738,3.77758761659183,12618.8494717906,35047.8338433872,TRUE,FALSE,TRUE
11,196712,"p","2020-02-01 00:12:00",607.366666666667,TRUE,607.283333333333,0.0833333333340533,FALSE,TRUE,1398.35789257076,4.6611929751956,16.7802947107041,4.16518102105467,14021.506781714,34965.7101426496,TRUE,FALSE,TRUE
11,196712,"o","2020-02-01 00:13:00",607.383333333333,TRUE,607.366666666667,0.0166666666659694,FALSE,TRUE,274.322846711923,4.57204744539,16.459370803404,4.54385026762144,14296.7186183706,34950.3944464501,TRUE,FALSE,TRUE
11,196712,"p","2020-02-01 00:17:00",607.45,TRUE,607.383333333333,0.0666666666670608,FALSE,TRUE,350.40989846176,1.46004124358204,5.25614847689533,4.61131888318434,14634.9171207602,35048.129903647,TRUE,FALSE,TRUE
11,196712,"p","2020-02-01 00:22:00",607.533333333333,TRUE,607.45,0.0833333333329165,FALSE,TRUE,432.051865597076,1.44017288533079,5.18462238719084,4.67680065207241,15051.0157169937,35171.6855300915,TRUE,FALSE,TRUE
11,196712,"p","2020-02-01 00:27:00",607.616666666667,TRUE,607.533333333333,0.0833333333340533,FALSE,TRUE,432.051962524348,1.44017320840205,5.18462355024738,4.74228244238658,15467.1143132268,35295.2411565317,TRUE,FALSE,TRUE
11,196712,"p","2020-02-01 00:32:00",607.7,TRUE,607.616666666667,0.0833333333330302,FALSE,TRUE,432.052059975428,1.44017353325667,5.184624719724,4.80776425427883,15883.2129094605,35418.7967829702,TRUE,FALSE,TRUE
11,196712,"p","2020-02-01 00:37:00",607.783333333333,TRUE,607.7,0.0833333333329165,FALSE,TRUE,432.052157954629,1.44017385985597,5.18462589548149,4.8732460878961,16299.3115056938,35542.3524094104,TRUE,FALSE,TRUE
11,196712,"p","2020-02-01 00:42:00",607.866666666667,TRUE,607.783333333333,0.0833333333340533,FALSE,TRUE,432.05225645882,1.44017418818362,5.18462707746105,4.93872794338001,16715.4101019269,35665.9080358626,TRUE,FALSE,TRUE
11,196712,"o","2020-02-01 00:44:00",607.9,TRUE,607.866666666667,0.033333333332962,FALSE,TRUE,171.942912316936,1.4328576026571,5.15828736956555,5.00347812931818,16881.0181929215,35715.0313704354,TRUE,FALSE,TRUE
11,196712,"p","2020-02-01 00:47:00",607.95,TRUE,607.9,0.0500000000000682,FALSE,TRUE,162.500836957415,0.902782427539965,3.25001673914387,5.01522078672448,17039.0014566942,35756.2021271777,TRUE,FALSE,TRUE
11,196712,"p","2020-02-01 00:52:00",608.033333333333,TRUE,607.95,0.0833333333329165,FALSE,TRUE,269.375047490094,0.897916824971473,3.2325005698973,5.02647687282304,17300.9213171506,35824.3218617438,TRUE,FALSE,TRUE
11,196712,"p","2020-02-01 00:57:00",608.116666666667,TRUE,608.033333333333,0.0833333333340533,FALSE,TRUE,269.375082762817,0.897916942534964,3.23250099312587,5.03773295959969,17562.8411776063,35892.4415963164,TRUE,FALSE,TRUE
11,196712,"p","2020-02-01 01:02:00",608.2,TRUE,608.116666666667,0.0833333333330302,FALSE,TRUE,269.375118165897,0.897917060556258,3.23250141800253,5.04842970205985,17824.7610380629,35960.561330889,TRUE,FALSE,TRUE
11,196712,"p","2020-02-01 01:07:00",608.283333333333,TRUE,608.2,0.0833333333329165,FALSE,TRUE,269.375153693846,0.897917178983977,3.23250184434232,4.98687546808186,18086.6808985192,36028.6810654526,TRUE,FALSE,TRUE
11,196712,"p","2020-02-01 01:12:00",608.366666666667,TRUE,608.283333333333,0.0833333333340533,FALSE,TRUE,269.375189351523,0.897917297830653,3.23250227219035,4.9242434998979,18348.6007589749,36096.8008000191,TRUE,FALSE,TRUE
11,196712,"p","2020-02-01 01:17:00",608.45,TRUE,608.366666666667,0.0833333333330302,FALSE,TRUE,269.375225136005,0.897917417123283,3.23250270164382,4.86161154159472,18610.5206194313,36164.9205345855,TRUE,FALSE,TRUE
11,196712,"p","2020-02-01 01:22:00",608.533333333333,TRUE,608.45,0.0833333333329165,FALSE,TRUE,269.375261048148,0.89791753683165,3.23250313259394,4.7989795930083,18872.4404798876,36233.0402691578,TRUE,FALSE,TRUE
11,196712,"p","2020-02-01 01:27:00",608.616666666667,TRUE,608.533333333333,0.0833333333340533,FALSE,TRUE,269.375297087191,0.897917656949546,3.23250356501837,4.73634765396677,19134.3603403436,36301.1600037252,TRUE,FALSE,TRUE
11,196712,"o","2020-02-01 01:31:00",608.683333333333,TRUE,608.616666666667,0.0666666666660376,FALSE,TRUE,215.553828576795,0.898140952411786,3.23330742868243,4.67373804179854,19343.99462474,36355.4916475901,TRUE,FALSE,TRUE
11,196712,"p","2020-02-01 01:32:00",608.7,TRUE,608.683333333333,0.0166666666669926,FALSE,TRUE,56.1952966925547,0.93658827819093,3.37171780148735,4.61497315932943,19399.9298360591,36363.1914340511,TRUE,FALSE,TRUE
11,196712,"p","2020-02-01 01:37:00",608.783333333333,TRUE,608.7,0.0833333333329165,FALSE,TRUE,281.351079774292,0.937836932585665,3.37621295730839,4.5563331392084,19680.0978728067,36400.8696473845,TRUE,FALSE,TRUE
11,196712,"p","2020-02-01 01:42:00",608.866666666667,TRUE,608.783333333333,0.0833333333340533,FALSE,TRUE,281.351105669026,0.937837018888651,3.37621326799914,4.49820100529831,19960.2659095566,36438.5478607194,TRUE,FALSE,TRUE
11,196712,"o","2020-02-01 01:43:00",608.883333333333,TRUE,608.866666666667,0.0166666666659694,FALSE,TRUE,56.4661055197303,0.941101758701545,3.38796633132556,4.5331315064626,20016.5413403121,36445.7549137285,TRUE,FALSE,TRUE
11,196712,"p","2020-02-01 01:47:00",608.95,TRUE,608.883333333333,0.0666666666670608,FALSE,TRUE,259.172028922442,1.07988345383712,3.88758043381365,4.58243947303067,20276.3121101661,36427.4748224995,TRUE,FALSE,TRUE
11,196712,"p","2020-02-01 01:52:00",609.033333333333,TRUE,608.95,0.0833333333329165,FALSE,TRUE,324.294156986506,1.08098052329376,3.89152988385754,4.63185714790906,20601.3278517437,36404.2139713769,TRUE,FALSE,TRUE
11,196712,"p","2020-02-01 01:57:00",609.116666666667,TRUE,609.033333333333,0.0833333333340533,FALSE,TRUE,324.294159749779,1.08098053248992,3.89152991696372,4.68127482506088,20926.3435933207,36380.9531202489,TRUE,FALSE,TRUE
11,196712,"o","2020-02-01 02:00:00",609.166666666667,TRUE,609.116666666667,0.0499999999999545,FALSE,TRUE,197.12653952667,1.09514744181583,3.94253079053698,4.73210919448564,21123.6880610872,36364.0188878834,TRUE,FALSE,TRUE
11,196712,"o","2020-02-01 02:02:00",609.2,TRUE,609.166666666667,0.0333333333330756,FALSE,TRUE,369.513567433795,3.07927972863877,11.0854070230996,4.98135679392178,21419.9239281473,36140.6162044663,TRUE,FALSE,TRUE
11,196712,"p","2020-02-01 02:07:00",609.283333333333,TRUE,609.2,0.0833333333329165,FALSE,TRUE,162.761909040125,0.54253969680313,1.95314290849127,4.97693039149242,21319.634889712,36269.5540757919,TRUE,FALSE,TRUE
11,196712,"p","2020-02-01 02:12:00",609.366666666667,TRUE,609.283333333333,0.0833333333340533,FALSE,TRUE,168.615025087524,0.562050083620224,2.02338030103281,4.97445502904953,21214.6924500052,36402.3109322593,TRUE,FALSE,TRUE
11,196712,"p","2020-02-01 02:17:00",609.45,TRUE,609.366666666667,0.0833333333330302,FALSE,TRUE,168.615056135365,0.562050187119926,2.02338067363174,4.97197967825809,21109.7500102979,36535.0677887237,TRUE,FALSE,TRUE
11,196712,"o","2020-02-01 02:19:00",609.483333333333,TRUE,609.45,0.033333333332962,FALSE,TRUE,68.7426333597731,0.572855278004491,2.06227900081617,4.97513943924702,21064.8658842076,36587.4696363669,TRUE,FALSE,TRUE
11,196712,"p","2020-02-01 02:22:00",609.533333333333,TRUE,609.483333333333,0.0499999999999545,FALSE,TRUE,381.724381521412,2.12069100845422,7.63448763043518,5.06918144100819,20681.3177585408,36589.833362789,TRUE,FALSE,TRUE
11,196712,"o","2020-02-01 02:26:00",609.6,TRUE,609.533333333333,0.0666666666670608,FALSE,TRUE,509.113774645959,2.12130739434562,7.63670661964424,5.16211433062301,20169.7666122065,36592.0342905156,TRUE,FALSE,TRUE
11,196712,"p","2020-02-01 02:27:00",609.616666666667,TRUE,609.6,0.0166666666669926,FALSE,TRUE,5.50702632235984,0.091783772037536,0.33042157933513,5.05589871880741,20175.2999749369,36592.0045774178,TRUE,FALSE,TRUE
11,196712,"p","2020-02-01 02:32:00",609.7,TRUE,609.616666666667,0.0833333333330302,FALSE,TRUE,46.0592191646202,0.153530730549292,0.552710629977453,4.6207712056964,20221.5795625574,36591.775107366,TRUE,FALSE,TRUE
11,196712,"p","2020-02-01 02:37:00",609.783333333333,TRUE,609.7,0.0833333333329165,FALSE,TRUE,46.0592194601863,0.153530731534722,0.552710633525,4.17000498133031,20267.8591502106,36591.5456373121,TRUE,FALSE,TRUE
11,196712,"p","2020-02-01 02:42:00",609.866666666667,TRUE,609.783333333333,0.0833333333340533,FALSE,TRUE,46.0592197240302,0.153530732412107,0.552710636683587,3.72815331003252,20314.1387378639,36591.3161672594,TRUE,FALSE,TRUE
11,196712,"p","2020-02-01 02:47:00",609.95,TRUE,609.866666666667,0.0833333333330302,FALSE,TRUE,46.0592199882638,0.153530733294771,0.552710639861177,3.5975022590038,20360.4183255171,36591.0866972009,TRUE,FALSE,TRUE
11,196712,"p","2020-02-01 02:52:00",610.033333333333,TRUE,609.95,0.0833333333329165,FALSE,TRUE,46.0592202532648,0.153530734178317,0.552710643041942,3.46883804388855,20406.6979131703,36590.8572271539,TRUE,FALSE,TRUE
11,196712,"p","2020-02-01 02:57:00",610.116666666667,TRUE,610.033333333333,0.0833333333340533,FALSE,TRUE,46.0592205188439,0.153530735061486,0.552710646221351,3.34017379655449,20452.9775008235,36590.627757099,TRUE,FALSE,TRUE
11,196712,"p","2020-02-01 03:02:00",610.2,TRUE,610.116666666667,0.0833333333330302,FALSE,TRUE,46.0592207851906,0.153530735951194,0.552710649424298,3.21150951682395,20499.2570884768,36590.3982870445,TRUE,FALSE,TRUE
11,196712,"p","2020-02-01 03:07:00",610.283333333333,TRUE,610.2,0.0833333333329165,FALSE,TRUE,46.0592210519265,0.153530736840523,0.552710652625882,3.0828452045224,20545.5366761299,36590.1688169952,TRUE,FALSE,TRUE
11,196712,"p","2020-02-01 03:12:00",610.366666666667,TRUE,610.283333333333,0.0833333333340533,FALSE,TRUE,46.0592213196188,0.153530737730736,0.55271065583065,2.95418085947711,20591.8162637832,36589.9393469424,TRUE,FALSE,TRUE
11,196712,"p","2020-02-01 03:17:00",610.45,TRUE,610.366666666667,0.0833333333330302,FALSE,TRUE,46.0592215856226,0.1535307386193,0.552710659029482,2.82624817307333,20638.0958514343,36589.7098768867,TRUE,FALSE,TRUE
11,196712,"o","2020-02-01 03:18:00",610.466666666667,TRUE,610.45,0.0166666666669926,FALSE,TRUE,8.98388159858504,0.149731359973489,0.539032895904562,2.75094306631669,20647.122362417,36589.6183730182,TRUE,FALSE,TRUE
11,196712,"p","2020-02-01 03:22:00",610.533333333333,TRUE,610.466666666667,0.0666666666659239,FALSE,TRUE,7.59310881316712,0.0316379533885488,0.113896632198776,2.66431517915839,20650.3395040459,36582.7134945062,TRUE,FALSE,TRUE
11,196712,"p","2020-02-01 03:27:00",610.616666666667,TRUE,610.533333333333,0.0833333333340533,FALSE,TRUE,9.42684107302475,0.0314228035764777,0.11312209287532,2.57766576526255,20654.0741728945,36574.0253840604,TRUE,FALSE,TRUE
11,196712,"p","2020-02-01 03:32:00",610.7,TRUE,610.616666666667,0.0833333333330302,FALSE,TRUE,9.42684095400485,0.0314228031801305,0.11312209144847,2.49101633952493,20657.8088417431,36565.3372736166,TRUE,FALSE,TRUE
11,196712,"p","2020-02-01 03:37:00",610.783333333333,TRUE,610.7,0.0833333333329165,FALSE,TRUE,9.42684082972113,0.0314228027658943,0.113122089957219,2.40436690190313,20661.5435105879,36556.6491631742,TRUE,FALSE,TRUE
11,196712,"o","2020-02-01 03:38:00",610.8,TRUE,610.783333333333,0.0166666666669926,FALSE,TRUE,1.07615044560545,0.01793584075974,0.0645690267350641,2.31636875619603,20661.8831410651,36555.6245338863,TRUE,FALSE,TRUE
11,196712,"p","2020-02-01 03:42:00",610.866666666667,TRUE,610.8,0.0666666666670608,FALSE,TRUE,113.111379830261,0.471297415956635,1.69667069744389,2.27370675607937,20604.8485686693,36653.7443320308,TRUE,FALSE,TRUE
11,196712,"p","2020-02-01 03:47:00",610.95,TRUE,610.866666666667,0.0833333333330302,FALSE,TRUE,142.412201653707,0.474707338847417,1.7089464198507,2.23138573628095,20533.0462240538,36777.2853207247,TRUE,FALSE,TRUE
11,196712,"p","2020-02-01 03:52:00",611.033333333333,TRUE,610.95,0.0833333333329165,FALSE,TRUE,142.412226644703,0.474707422151385,1.70894671974499,2.18906471280113,20461.2438794388,36900.8263094108,TRUE,FALSE,TRUE
11,196712,"o","2020-02-01 03:56:00",611.1,TRUE,611.033333333333,0.0666666666670608,FALSE,TRUE,111.058809028218,0.462745037614838,1.66588213541342,2.14552512132143,20405.3863543262,36997.2476427552,TRUE,FALSE,TRUE
11,196712,"p","2020-02-01 03:57:00",611.116666666667,TRUE,611.1,0.0166666666669926,FALSE,TRUE,75.3536602399971,1.25589433730873,4.52121961431142,2.17745572723321,20448.207133974,36934.9232361984,TRUE,FALSE,TRUE
11,196712,"p","2020-02-01 04:02:00",611.2,TRUE,611.116666666667,0.0833333333330302,FALSE,TRUE,391.14228831504,1.30380762772154,4.69370745979755,2.2140527967468,20670.2327850282,36611.243915473,TRUE,FALSE,TRUE
11,196712,"o","2020-02-01 04:04:00",611.233333333333,TRUE,611.2,0.033333333332962,FALSE,TRUE,154.296174247886,1.28580145208005,4.62888522748816,2.24884924006594,20756.7734058742,36482.8536176521,TRUE,FALSE,TRUE
11,196712,"p","2020-02-01 04:07:00",611.283333333333,TRUE,611.233333333333,0.0499999999999545,FALSE,TRUE,138.421205679963,0.769006698222716,2.76842411360178,2.23163973401806,20639.706889328,36407.8995327291,TRUE,FALSE,TRUE
11,196712,"p","2020-02-01 04:12:00",611.366666666667,TRUE,611.283333333333,0.0833333333340533,FALSE,TRUE,232.927252768146,0.776424175887112,2.7951270331936,2.20129380622306,20440.8132957825,36284.7784419705,TRUE,FALSE,TRUE
11,196712,"p","2020-02-01 04:17:00",611.45,TRUE,611.366666666667,0.0833333333330302,FALSE,TRUE,232.927203786777,0.776424012625414,2.79512644545149,2.17083815515622,20241.9197022366,36161.6573512159,TRUE,FALSE,TRUE
11,196712,"p","2020-02-01 04:22:00",611.533333333333,TRUE,611.45,0.0833333333329165,FALSE,TRUE,232.927154885599,0.776423849622549,2.79512585864117,2.14038248686949,20043.0261086902,36038.5362604622,TRUE,FALSE,TRUE
11,196712,"p","2020-02-01 04:27:00",611.616666666667,TRUE,611.533333333333,0.0833333333340533,FALSE,TRUE,232.927106067301,0.776423686884294,2.79512527278346,2.10851011137633,19844.1325151445,35915.4151697131,TRUE,FALSE,TRUE
11,196712,"p","2020-02-01 04:32:00",611.7,TRUE,611.616666666667,0.0833333333330302,FALSE,TRUE,232.927057331282,0.77642352444043,2.79512468798555,1.8782244909565,19645.2389215987,35792.2940789596,TRUE,FALSE,TRUE
11,196712,"p","2020-02-01 04:37:00",611.783333333333,TRUE,611.7,0.0833333333329165,FALSE,TRUE,232.927008676525,0.776423362258968,2.79512410413228,1.90161285750208,19446.3453280524,35669.172988207,TRUE,FALSE,TRUE
11,196712,"p","2020-02-01 04:42:00",611.866666666667,TRUE,611.783333333333,0.0833333333340533,FALSE,TRUE,232.926960104646,0.776423200342113,2.79512352123161,1.92305016917427,19247.4517345069,35546.0518974506,TRUE,FALSE,TRUE
11,196712,"p","2020-02-01 04:47:00",611.95,TRUE,611.866666666667,0.0833333333330302,FALSE,TRUE,232.926911614347,0.776423038717313,2.79512293938233,1.94448745433401,19048.5581409607,35422.9308066982,TRUE,FALSE,TRUE
11,196712,"p","2020-02-01 04:52:00",612.033333333333,TRUE,611.95,0.0833333333329165,FALSE,TRUE,232.92686320553,0.776422877355651,2.79512235848034,1.96484421426913,18849.664547415,35299.8097159438,TRUE,FALSE,TRUE
11,196712,"p","2020-02-01 04:57:00",612.116666666667,TRUE,612.033333333333,0.0833333333340533,FALSE,TRUE,232.926814877461,0.776422716251495,2.79512177850538,1.83041738504885,18650.7709538746,35176.6886251874,TRUE,FALSE,TRUE
11,196712,"o","2020-02-01 04:58:00",612.133333333333,TRUE,612.116666666667,0.0166666666659694,FALSE,TRUE,46.2969843016243,0.771616405059353,2.77781905821367,1.69544828612023,18611.5945470001,35151.6529156864,TRUE,FALSE,TRUE
11,196712,"p","2020-02-01 05:02:00",612.2,TRUE,612.133333333333,0.0666666666670608,FALSE,TRUE,173.443578613231,0.722681577550858,2.60165367918309,1.75853806667156,18541.2394412142,34992.516562008,TRUE,FALSE,TRUE
11,196712,"p","2020-02-01 05:07:00",612.283333333333,TRUE,612.2,0.0833333333329165,FALSE,TRUE,216.972985110083,0.723243283703893,2.60367582133402,1.81550932198702,18454.0484487824,34793.0817557317,TRUE,FALSE,TRUE
11,196712,"o","2020-02-01 05:12:00",612.366666666667,TRUE,612.283333333333,0.0833333333340533,FALSE,TRUE,212.972911088702,0.709909703622873,2.55567493304234,1.87114721919583,18371.0109528805,34596.2342555792,TRUE,FALSE,TRUE
11,196712,"o","2020-02-01 05:16:00",612.433333333333,TRUE,612.366666666667,0.0666666666660376,FALSE,TRUE,577.939545274876,2.40808143866804,8.66909317920495,2.09660228982143,18908.2922806292,34816.1547650077,TRUE,FALSE,TRUE
11,196712,"p","2020-02-01 05:17:00",612.45,TRUE,612.433333333333,0.0166666666669926,FALSE,TRUE,46.227821569307,0.770463692806718,2.77366929410418,2.15829558577262,18862.7787100485,34806.8954781864,TRUE,FALSE,TRUE
11,196712,"p","2020-02-01 05:22:00",612.533333333333,TRUE,612.45,0.0833333333329165,FALSE,TRUE,257.576386440838,0.858587954807087,3.09091663730551,2.2288013078355,18609.9784646826,34751.5471588611,TRUE,FALSE,TRUE
11,196712,"p","2020-02-01 05:27:00",612.616666666667,TRUE,612.533333333333,0.0833333333340533,FALSE,TRUE,257.576357474407,0.858587858240605,3.09091628966618,2.29930702015341,18357.1782192724,34696.1988395246,TRUE,FALSE,TRUE
11,196712,"p","2020-02-01 05:32:00",612.7,TRUE,612.616666666667,0.0833333333330302,FALSE,TRUE,257.576328574243,0.858587761917266,3.09091594290216,2.36981272275002,18104.377973862,34640.8505201814,TRUE,FALSE,TRUE
11,196712,"o","2020-02-01 05:36:00",612.766666666667,TRUE,612.7,0.0666666666669471,FALSE,TRUE,202.876610772397,0.845319211548098,3.04314916157315,2.43899157022078,17905.541114423,34596.0102584647,TRUE,FALSE,TRUE
11,196712,"p","2020-02-01 05:37:00",612.783333333333,TRUE,612.766666666667,0.0166666666659694,FALSE,TRUE,78.4201189690882,1.30700198287282,4.70520713834214,2.55433869473498,17977.8118675313,34564.6715031572,TRUE,FALSE,TRUE
11,196712,"p","2020-02-01 05:42:00",612.866666666667,TRUE,612.783333333333,0.0833333333340533,FALSE,TRUE,408.770393638829,1.36256797878432,4.90524472362357,2.67524241875149,18356.1823173156,34405.1696954304,TRUE,FALSE,TRUE
11,196712,"o","2020-02-01 05:43:00",612.883333333333,TRUE,612.866666666667,0.0166666666659694,FALSE,TRUE,79.3787289941835,1.32297881662507,4.76272373985027,2.79256716441664,18429.0841093516,34372.874137417,TRUE,FALSE,TRUE
11,196712,"p","2020-02-01 05:47:00",612.95,TRUE,612.883333333333,0.0666666666670608,FALSE,TRUE,213.156497510822,0.888152072956507,3.19734746264343,2.87821857637344,18323.240390967,34187.0345088874,TRUE,FALSE,TRUE
11,196712,"p","2020-02-01 05:52:00",613.033333333333,TRUE,612.95,0.0833333333329165,FALSE,TRUE,268.592300117218,0.895307667061873,3.22310760142274,2.96460706272198,18187.4703705402,33954.2409776557,TRUE,FALSE,TRUE
11,196712,"p","2020-02-01 05:57:00",613.116666666667,TRUE,613.033333333333,0.0833333333340533,FALSE,TRUE,268.592203352399,0.895307344500261,3.22310644020094,3.05099551685399,18051.7003501136,33721.4474464177,TRUE,FALSE,TRUE
11,196712,"p","2020-02-01 06:02:00",613.2,TRUE,613.116666666667,0.0833333333330302,FALSE,TRUE,268.592106710439,0.895307022371386,3.22310528053699,3.13738393881454,17915.9303296866,33488.6539151805,TRUE,FALSE,TRUE
11,196712,"p","2020-02-01 06:07:00",613.283333333333,TRUE,613.2,0.0833333333329165,FALSE,TRUE,268.592010195851,0.895306700657314,3.22310412236633,3.2251210248043,17780.1603092598,33255.8603839441,TRUE,FALSE,TRUE
11,196712,"p","2020-02-01 06:12:00",613.366666666667,TRUE,613.283333333333,0.0833333333340533,FALSE,TRUE,268.591913802885,0.895306379335215,3.22310296560677,3.26752192114216,17644.3902888333,33023.0668527079,TRUE,FALSE,TRUE
11,196712,"p","2020-02-01 06:17:00",613.45,TRUE,613.366666666667,0.0833333333330302,FALSE,TRUE,268.591817536998,0.895306058459917,3.2231018104557,3.30958179310341,17508.6202684064,32790.2733214698,TRUE,FALSE,TRUE
11,196712,"p","2020-02-01 06:22:00",613.533333333333,TRUE,613.45,0.0833333333329165,FALSE,TRUE,268.591721393004,0.895305737981157,3.22310065673217,3.35164162468638,17372.8502479795,32557.4797902347,TRUE,FALSE,TRUE
11,196712,"p","2020-02-01 06:27:00",613.616666666667,TRUE,613.533333333333,0.0833333333340533,FALSE,TRUE,268.591625374756,0.895305417908119,3.22309950446923,3.39489766271571,17237.080227553,32324.6862589995,TRUE,FALSE,TRUE
11,196712,"p","2020-02-01 06:32:00",613.7,TRUE,613.616666666667,0.0833333333330302,FALSE,TRUE,268.591529484322,0.895305098284332,3.22309835382359,3.35883873881327,17101.3102071258,32091.8927277555,TRUE,FALSE,TRUE
11,196712,"p","2020-02-01 06:37:00",613.783333333333,TRUE,613.7,0.0833333333329165,FALSE,TRUE,268.591433713503,0.895304779049488,3.22309720457816,3.31798845394607,16965.5401866993,31859.0991965216,TRUE,FALSE,TRUE
11,196712,"p","2020-02-01 06:42:00",613.866666666667,TRUE,613.783333333333,0.0833333333340533,FALSE,TRUE,268.591338068319,0.895304460219993,3.22309605679198,3.27893875476006,16829.7701662725,31626.3056652814,TRUE,FALSE,TRUE
11,196712,"o","2020-02-01 06:45:00",613.916666666667,TRUE,613.866666666667,0.0499999999999545,FALSE,TRUE,160.215531532269,0.890086286291192,3.20431063064829,3.29104671356691,16748.7585535079,31487.4577538164,TRUE,FALSE,TRUE
11,196712,"p","2020-02-01 06:47:00",613.95,TRUE,613.916666666667,0.0333333333330756,FALSE,TRUE,38.755835497398,0.322965295814147,1.16267506493093,3.24570082555961,16727.4119377891,31454.9506785788,TRUE,FALSE,TRUE
11,196712,"o","2020-02-01 06:48:00",613.966666666667,TRUE,613.95,0.0166666666669926,FALSE,TRUE,19.7184465964464,0.328640776601013,1.18310679576365,3.20092250195717,16716.1321606645,31438.6932385827,TRUE,FALSE,TRUE
11,196712,"p","2020-02-01 06:52:00",614.033333333333,TRUE,613.966666666667,0.0666666666659239,FALSE,TRUE,205.619852151444,0.856749383973894,3.08429778230602,3.20895505539231,16551.7807058577,31313.7359868539,TRUE,FALSE,TRUE
11,196712,"o","2020-02-01 06:57:00",614.116666666667,TRUE,614.033333333333,0.0833333333340533,FALSE,TRUE,258.013398340151,0.860044661126404,3.09616078005506,3.21731715281652,16345.4565085045,31157.0627182144,TRUE,FALSE,TRUE
11,196712,"p","2020-02-01 07:02:00",614.2,TRUE,614.116666666667,0.0833333333330302,FALSE,TRUE,230.695925920123,0.768986419736541,2.76835111105155,3.21657344234613,16167.5143838364,31008.7924047939,TRUE,FALSE,TRUE
11,196712,"p","2020-02-01 07:07:00",614.283333333333,TRUE,614.2,0.0833333333329165,FALSE,TRUE,230.548415782415,0.768494719278561,2.76658098940282,3.21578057804809,15989.726966601,30860.5678949163,TRUE,FALSE,TRUE
11,196712,"p","2020-02-01 07:12:00",614.366666666667,TRUE,614.283333333333,0.0833333333340533,FALSE,TRUE,230.548361661718,0.768494538865752,2.76658033991671,3.21498771190045,15811.9395493659,30712.3433850429,TRUE,FALSE,TRUE
11,196712,"o","2020-02-01 07:16:00",614.433333333333,TRUE,614.366666666667,0.0666666666660376,FALSE,TRUE,180.945202563854,0.753938344023171,2.71417803848341,3.21273924243104,15670.9166046821,30597.8099175519,TRUE,FALSE,TRUE
11,196712,"p","2020-02-01 07:17:00",614.45,TRUE,614.433333333333,0.0166666666669926,FALSE,TRUE,116.324713749458,1.93874522911972,6.97948282483098,3.32897147760745,15678.9209092067,30714.1954228903,TRUE,FALSE,TRUE
11,196712,"p","2020-02-01 07:22:00",614.533333333333,TRUE,614.45,0.0833333333329165,FALSE,TRUE,598.416281518969,1.99472093840654,7.18099537826355,3.45080129982295,15723.2295445291,31312.7013232856,TRUE,FALSE,TRUE
11,196712,"p","2020-02-01 07:27:00",614.616666666667,TRUE,614.533333333333,0.0833333333340533,FALSE,TRUE,284.123671314255,0.947078904372666,3.4094840557416,3.46834754975428,15446.8870288917,31241.1641503943,TRUE,FALSE,TRUE
11,196712,"p","2020-02-01 07:32:00",614.7,TRUE,614.616666666667,0.0833333333330302,FALSE,TRUE,286.738414004687,0.955794713352433,3.44086096806876,3.49165886333444,15168.7966804941,31165.9746493093,TRUE,FALSE,TRUE
11,196712,"p","2020-02-01 07:37:00",614.783333333333,TRUE,614.7,0.0833333333329165,FALSE,TRUE,286.738374654979,0.955794582188046,3.44086049587696,3.51491399318285,14890.7063320968,31090.7851482229,TRUE,FALSE,TRUE
11,196712,"p","2020-02-01 07:42:00",614.866666666667,TRUE,614.783333333333,0.0833333333340533,FALSE,TRUE,286.738335458748,0.955794451520903,3.44086002547525,3.53950246797266,14612.6159836997,31015.5956471472,TRUE,FALSE,TRUE
11,196712,"p","2020-02-01 07:47:00",614.95,TRUE,614.866666666667,0.0833333333330302,FALSE,TRUE,286.738296416887,0.9557943213931,3.44085955701516,3.39427375624516,14334.525635302,30940.4061460655,TRUE,FALSE,TRUE
11,196712,"p","2020-02-01 07:52:00",615.033333333333,TRUE,614.95,0.0833333333329165,FALSE,TRUE,286.738257528683,0.955794191767056,3.4408590903614,3.4128068061412,14056.4352869047,30865.216644985,TRUE,FALSE,TRUE
11,196712,"p","2020-02-01 07:57:00",615.116666666667,TRUE,615.033333333333,0.0833333333340533,FALSE,TRUE,286.738218794279,0.955794062639338,3.44085862550162,3.42252741692442,13778.3449385078,30790.0271439099,TRUE,FALSE,TRUE
11,196712,"p","2020-02-01 08:02:00",615.2,TRUE,615.116666666667,0.0833333333330302,FALSE,TRUE,286.738180214195,0.955793934050794,3.44085816258286,3.43224802450544,13500.2545901101,30714.8376428303,TRUE,FALSE,TRUE
11,196712,"p","2020-02-01 08:07:00",615.283333333333,TRUE,615.2,0.0833333333329165,FALSE,TRUE,286.738141786414,0.955793805959494,3.44085770145418,3.44196862890966,13222.1642417129,30639.6481417513,TRUE,FALSE,TRUE
11,196712,"p","2020-02-01 08:12:00",615.366666666667,TRUE,615.283333333333,0.0833333333340533,FALSE,TRUE,286.738103513313,0.955793678369453,3.44085724213003,3.4530160755918,12944.0738933158,30564.4586406717,TRUE,FALSE,TRUE
11,196712,"p","2020-02-01 08:17:00",615.45,TRUE,615.366666666667,0.0833333333330302,FALSE,TRUE,286.738065394685,0.955793551319093,3.44085678474874,3.41789523243643,12665.9835449183,30489.2691395906,TRUE,FALSE,TRUE
11,196712,"p","2020-02-01 08:22:00",615.533333333333,TRUE,615.45,0.0833333333329165,FALSE,TRUE,286.738027429228,0.955793424768875,3.44085632916795,3.37721777703488,12387.8931965208,30414.0796385062,TRUE,FALSE,TRUE
11,196712,"o","2020-02-01 08:24:00",615.566666666667,TRUE,615.533333333333,0.0333333333339851,FALSE,TRUE,113.963406609494,0.94969505506055,3.41890219821798,3.33988940087843,12277.7215667805,30382.9180289069,TRUE,FALSE,TRUE
11,196712,"p","2020-02-01 08:27:00",615.616666666667,TRUE,615.566666666667,0.0500000000000682,FALSE,TRUE,171.591381061494,0.953285450340332,3.4318276212252,3.34640273861681,12228.2549376094,30218.0679641545,TRUE,FALSE,TRUE
11,196712,"o","2020-02-01 08:28:00",615.633333333333,TRUE,615.616666666667,0.0166666666659694,FALSE,TRUE,55.5930403700564,0.926550672873037,3.33558242234293,3.34952703919793,12213.6384112628,30164.2575727467,TRUE,FALSE,TRUE
11,196712,"o","2020-02-01 08:31:00",615.683333333333,TRUE,615.633333333333,0.0500000000000682,FALSE,TRUE,118.588324557626,0.658824025319245,2.37176649114928,3.32587870727983,12332.7954534324,30163.8952115351,TRUE,FALSE,TRUE
11,196712,"p","2020-02-01 08:32:00",615.7,TRUE,615.683333333333,0.0166666666669926,FALSE,TRUE,47.7584695093318,0.795974491806632,2.86550817050388,3.31594545422335,12380.7831752898,30163.9165116973,TRUE,FALSE,TRUE
11,196712,"o","2020-02-01 08:36:00",615.766666666667,TRUE,615.7,0.0666666666669471,FALSE,TRUE,189.418533321203,0.789243888835026,2.84127799980609,3.30533917304112,12571.1094819979,30163.1599284299,TRUE,FALSE,TRUE
11,196712,"p","2020-02-01 08:37:00",615.783333333333,TRUE,615.766666666667,0.0166666666659694,FALSE,TRUE,50.5944974998534,0.843241625032834,3.0356698501182,3.30013269761089,12529.3401533137,30134.2372464444,TRUE,FALSE,TRUE
11,196712,"p","2020-02-01 08:42:00",615.866666666667,TRUE,615.783333333333,0.0833333333340533,FALSE,TRUE,265.470397564544,0.884901325207503,3.18564477074701,3.29909222428564,12308.0287079195,29985.6153954499,TRUE,FALSE,TRUE
11,196712,"p","2020-02-01 08:47:00",615.95,TRUE,615.866666666667,0.0833333333330302,FALSE,TRUE,265.470335532583,0.884901118445162,3.18564402640258,3.29805176233204,12086.7172625025,29836.99354444,TRUE,FALSE,TRUE
11,196712,"p","2020-02-01 08:52:00",616.033333333333,TRUE,615.95,0.0833333333329165,FALSE,TRUE,265.47027359816,0.884900911998293,3.18564328319385,3.29701131174106,11865.4058170861,29688.3716934377,TRUE,FALSE,TRUE
11,196712,"o","2020-02-01 08:55:00",616.083333333333,TRUE,616.033333333333,0.0500000000000682,FALSE,TRUE,151.779380282334,0.84321877934515,3.03558760564254,3.29180267984714,11735.3910173194,29608.8083688971,TRUE,FALSE,TRUE
11,196712,"o","2020-02-01 08:57:00",616.116666666667,TRUE,616.083333333333,0.0333333333339851,FALSE,TRUE,642.424861296548,5.35354051069988,19.2727458385196,3.73762625301218,11847.1285995609,30243.3555188492,TRUE,FALSE,TRUE
11,196712,"p","2020-02-01 09:02:00",616.2,TRUE,616.116666666667,0.0833333333330302,FALSE,TRUE,201.919996444006,0.673066654815802,2.42303995733689,3.71540247247176,11659.4311440122,30166.4743792874,TRUE,FALSE,TRUE
11,196712,"p","2020-02-01 09:07:00",616.283333333333,TRUE,616.2,0.0833333333329165,FALSE,TRUE,207.966640882097,0.693222136277123,2.49559969059764,3.69571605747036,11469.1288253603,30080.3202862118,TRUE,FALSE,TRUE
11,196712,"p","2020-02-01 09:12:00",616.366666666667,TRUE,616.283333333333,0.0833333333340533,FALSE,TRUE,207.966611875013,0.693222039577388,2.4955993424786,3.73274173184668,11278.8265067084,29994.1661931216,TRUE,FALSE,TRUE
11,196712,"p","2020-02-01 09:17:00",616.45,TRUE,616.366666666667,0.0833333333330302,FALSE,TRUE,207.966582924294,0.693221943083502,2.49559899510061,3.76919984849493,11088.5241880566,29908.0121000534,TRUE,FALSE,TRUE
11,196712,"p","2020-02-01 09:22:00",616.533333333333,TRUE,616.45,0.0833333333329165,FALSE,TRUE,207.966554035633,0.693221846788912,2.49559864844008,3.75284709477643,10898.2218694044,29821.8580069699,TRUE,FALSE,TRUE
11,196712,"p","2020-02-01 09:27:00",616.616666666667,TRUE,616.533333333333,0.0833333333340533,FALSE,TRUE,207.966525201121,0.693221750664413,2.49559830239189,3.73616480373023,10707.9195507528,29735.703913888,TRUE,FALSE,TRUE
11,196712,"p","2020-02-01 09:32:00",616.7,TRUE,616.616666666667,0.0833333333330302,FALSE,TRUE,207.966496427994,0.693221654762502,2.49559795714501,3.72858832723283,10517.617232101,29649.5498208083,TRUE,FALSE,TRUE
11,196712,"p","2020-02-01 09:37:00",616.783333333333,TRUE,616.7,0.0833333333329165,FALSE,TRUE,207.96646771397,0.693221559050034,2.49559761258012,3.72106101120998,10327.314913449,29563.3957277323,TRUE,FALSE,TRUE
11,196712,"p","2020-02-01 09:42:00",616.866666666667,TRUE,616.783333333333,0.0833333333340533,FALSE,TRUE,207.966439056767,0.693221463516567,2.49559726865964,3.71353370367506,10137.0125947972,29477.2416346479,TRUE,FALSE,TRUE
11,196712,"o","2020-02-01 09:47:00",616.95,TRUE,616.866666666667,0.0833333333330302,FALSE,TRUE,207.134308068227,0.690447693563268,2.48561169682776,3.70718463862907,9947.73092516273,29390.8641370271,TRUE,FALSE,TRUE
11,196712,"p","2020-02-01 09:52:00",617.033333333333,TRUE,616.95,0.0833333333329165,FALSE,TRUE,127.013003799069,0.423376679332347,1.52415604559645,3.55564778365033,9945.69387628099,29263.5016408295,TRUE,FALSE,TRUE
11,196712,"p","2020-02-01 09:57:00",617.116666666667,TRUE,617.033333333333,0.0833333333340533,FALSE,TRUE,127.223574220127,0.424078580730094,1.52668289062834,3.39858354788269,9944.67747641677,29135.9157400951,TRUE,FALSE,TRUE
11,196712,"p","2020-02-01 10:02:00",617.2,TRUE,617.116666666667,0.0833333333330302,FALSE,TRUE,127.223550696871,0.424078502324447,1.52668260836801,3.34628350767786,9943.66107655254,29008.3298393482,TRUE,FALSE,TRUE
11,196712,"p","2020-02-01 10:07:00",617.283333333333,TRUE,617.2,0.0833333333329165,FALSE,TRUE,127.223527191994,0.424078423975433,1.52668232631156,3.29311187874016,9942.64467668836,28880.74393861,TRUE,FALSE,TRUE
11,196712,"o","2020-02-01 10:09:00",617.316666666667,TRUE,617.283333333333,0.0333333333339851,FALSE,TRUE,52.5733425674487,0.438111188053505,1.57720027699262,3.24134353932671,9940.65067135883,28828.0567673941,TRUE,FALSE,TRUE
11,196712,"p","2020-02-01 10:12:00",617.366666666667,TRUE,617.316666666667,0.0500000000000682,FALSE,TRUE,311.712224213605,1.73173457896211,6.23424448426359,3.31893755207083,9764.98710863784,28569.2433933835,TRUE,FALSE,TRUE
11,196712,"o","2020-02-01 10:14:00",617.4,TRUE,617.366666666667,0.033333333332962,FALSE,TRUE,207.436868181948,1.72864056820216,6.22310604552777,3.39622217675174,9646.55826642416,28398.0531006645,TRUE,FALSE,TRUE
11,196712,"p","2020-02-01 10:17:00",617.45,TRUE,617.4,0.0500000000000682,FALSE,TRUE,205.351571698699,1.14084206499122,4.10703143396838,3.41472696407415,9440.47026175864,28408.1802739248,TRUE,FALSE,TRUE
11,196712,"p","2020-02-01 10:22:00",617.533333333333,TRUE,617.45,0.0833333333329165,FALSE,TRUE,342.910285553717,1.14303428518478,4.11492342666519,3.4334509863287,9096.55441485517,28429.1486136452,TRUE,FALSE,TRUE
11,196712,"p","2020-02-01 10:27:00",617.616666666667,TRUE,617.533333333333,0.0833333333340533,FALSE,TRUE,342.910289001436,1.14303429666158,4.11492346798168,3.45217502258977,8752.63856795228,28450.1169533785,TRUE,FALSE,TRUE
11,196712,"p","2020-02-01 10:32:00",617.7,TRUE,617.616666666667,0.0833333333330302,FALSE,TRUE,342.910292713834,1.14303430905027,4.11492351258098,3.47089907289885,8408.72272104874,28471.0852931042,TRUE,FALSE,TRUE
11,196712,"p","2020-02-01 10:37:00",617.783333333333,TRUE,617.7,0.0833333333329165,FALSE,TRUE,342.910296688928,1.14303432230214,4.11492356028772,3.48962313729212,8064.80687414538,28492.0536328316,TRUE,FALSE,TRUE
11,196712,"o","2020-02-01 10:40:00",617.833333333333,TRUE,617.783333333333,0.0500000000000682,FALSE,TRUE,202.654207253661,1.12585670696325,4.05308414506769,3.50662945285654,7861.55910342929,28504.456965552,TRUE,FALSE,TRUE
11,196712,"p","2020-02-01 10:42:00",617.866666666667,TRUE,617.833333333333,0.0333333333339851,FALSE,TRUE,89.1183133868432,0.742652611542505,2.67354940155302,3.4853153715339,7950.98588196,28499.8418727695,TRUE,FALSE,TRUE
11,196712,"p","2020-02-01 10:47:00",617.95,TRUE,617.866666666667,0.0833333333330302,FALSE,TRUE,230.525647765605,0.768418825888146,2.76630777319732,3.46718774861666,8182.30717185312,28487.8599630336,TRUE,FALSE,TRUE
11,196712,"p","2020-02-01 10:52:00",618.033333333333,TRUE,617.95,0.0833333333329165,FALSE,TRUE,230.525646596686,0.768418821992799,2.76630775917408,3.44870108578191,8413.62846174628,28475.8780532929,TRUE,FALSE,TRUE
11,196712,"p","2020-02-01 10:57:00",618.116666666667,TRUE,618.033333333333,0.0833333333340533,FALSE,TRUE,230.525645507086,0.768418818350314,2.76630774606113,3.43288790032963,8644.94975163911,28463.8961435636,TRUE,FALSE,TRUE
11,196712,"p","2020-02-01 11:02:00",618.2,TRUE,618.116666666667,0.0833333333330302,FALSE,TRUE,230.525644498616,0.768418814998181,2.76630773399345,3.44384737929753,8876.2710415323,28451.9142338207,TRUE,FALSE,TRUE
11,196712,"p","2020-02-01 11:07:00",618.283333333333,TRUE,618.2,0.0833333333329165,FALSE,TRUE,230.525643569656,0.768418811902699,2.76630772284972,3.44109181130713,9107.59233142541,28439.9323240784,TRUE,FALSE,TRUE
11,196712,"p","2020-02-01 11:12:00",618.366666666667,TRUE,618.283333333333,0.0833333333340533,FALSE,TRUE,230.525642720566,0.768418809061913,2.76630771262289,3.43900930332982,9338.91362131836,28427.9504143334,TRUE,FALSE,TRUE
11,196712,"p","2020-02-01 11:17:00",618.45,TRUE,618.366666666667,0.0833333333330302,FALSE,TRUE,230.525641951652,0.768418806508301,2.76630770342988,3.43152702147737,9570.23491121137,28415.9685046006,TRUE,FALSE,TRUE
11,196712,"p","2020-02-01 11:22:00",618.533333333333,TRUE,618.45,0.0833333333329165,FALSE,TRUE,225.855970616814,0.752853235393147,2.71027164741533,3.41832221249593,9796.91735577802,28405.1700754481,TRUE,FALSE,TRUE
11,196712,"p","2020-02-01 11:27:00",618.616666666667,TRUE,618.533333333333,0.0833333333340533,FALSE,TRUE,654.529843164843,2.18176614386396,7.85435811791025,3.54800871503781,9172.57381701226,28611.4887660552,TRUE,FALSE,TRUE
11,196712,"p","2020-02-01 11:32:00",618.7,TRUE,618.616666666667,0.0833333333330302,FALSE,TRUE,659.283706994034,2.19761235665478,7.9114044839572,3.67927985950346,8543.59143291888,28818.9909372493,TRUE,FALSE,TRUE
11,196712,"p","2020-02-01 11:37:00",618.783333333333,TRUE,618.7,0.0833333333329165,FALSE,TRUE,659.283882082996,2.19761294028764,7.91140658503552,3.81471927559771,7914.60904882558,29026.4931084431,TRUE,FALSE,TRUE
11,196712,"p","2020-02-01 11:42:00",618.866666666667,TRUE,618.783333333333,0.0833333333340533,FALSE,TRUE,659.284059038338,2.19761353010881,7.9114087083917,3.4991265775386,7285.62666473315,29233.9952796402,TRUE,FALSE,TRUE
11,196712,"p","2020-02-01 11:47:00",618.95,TRUE,618.866666666667,0.0833333333330302,FALSE,TRUE,659.284237863934,2.19761412622111,7.91141085439599,3.65158132467913,6656.64428063977,29441.4974508333,TRUE,FALSE,TRUE
11,196712,"p","2020-02-01 11:52:00",619.033333333333,TRUE,618.95,0.0833333333329165,FALSE,TRUE,659.284418556699,2.19761472853332,7.91141302271996,3.80202058390475,6027.66189654649,29648.9996220352,TRUE,FALSE,TRUE
11,196712,"o","2020-02-01 11:54:00",619.066666666667,TRUE,619.033333333333,0.0333333333339851,FALSE,TRUE,261.764025303289,2.18136687748476,7.85292075894512,3.95083506769549,5778.50596666812,29733.1086992,TRUE,FALSE,TRUE
11,196712,"o","2020-02-01 11:55:00",619.083333333333,TRUE,619.066666666667,0.0166666666660831,FALSE,TRUE,89.463429134989,1.49105715230203,5.3678057482873,4.03061858861734,5740.31276796201,29814.3290356111,TRUE,FALSE,TRUE
11,196712,"p","2020-02-01 11:57:00",619.116666666667,TRUE,619.083333333333,0.0333333333339851,FALSE,TRUE,173.576180027833,1.44646816687033,5.20728540073317,4.10594322062548,5643.74120183643,29959.2846661061,TRUE,FALSE,TRUE
11,196712,"p","2020-02-01 12:02:00",619.2,TRUE,619.116666666667,0.0833333333330302,FALSE,TRUE,433.852488540541,1.44617496180706,5.20622986250543,4.18123854173975,5401.43218291907,30320.9818082518,TRUE,FALSE,TRUE
11,196712,"p","2020-02-01 12:07:00",619.283333333333,TRUE,619.2,0.0833333333329165,FALSE,TRUE,433.8527134101,1.44617571137423,5.20623256094724,4.25653394740092,5159.1231640012,30682.6789504094,TRUE,FALSE,TRUE
11,196712,"p","2020-02-01 12:12:00",619.366666666667,TRUE,619.283333333333,0.0833333333340533,FALSE,TRUE,433.852938802301,1.44617646266184,5.20623526558263,4.3318294377621,4916.81414508393,31044.3760925579,TRUE,FALSE,TRUE
11,196712,"p","2020-02-01 12:17:00",619.45,TRUE,619.366666666667,0.0833333333330302,FALSE,TRUE,433.853164720412,1.44617721573997,5.20623797666388,4.40712501298444,4674.50512616638,31406.0732347072,TRUE,FALSE,TRUE
11,196712,"o","2020-02-01 12:20:00",619.5,TRUE,619.45,0.0499999999999545,FALSE,TRUE,258.837780644176,1.43798767024673,5.17675561288823,4.48187901065279,4528.92946482608,31621.18259571,TRUE,FALSE,TRUE
11,196712,"p","2020-02-01 12:22:00",619.533333333333,TRUE,619.5,0.033333333332962,FALSE,TRUE,110.428686110437,0.92023905093056,3.31286058335002,4.53156524781261,4418.08287402523,31626.161466964,TRUE,FALSE,TRUE
11,196712,"p","2020-02-01 12:27:00",619.616666666667,TRUE,619.533333333333,0.0833333333340533,FALSE,TRUE,276.371930952277,0.921239769832964,3.31646317139867,4.5812813667229,4140.49077204913,31633.8363343579,TRUE,FALSE,TRUE
11,196712,"p","2020-02-01 12:32:00",619.7,TRUE,619.616666666667,0.0833333333330302,FALSE,TRUE,276.371932005653,0.921239773355527,3.3164631840799,4.63099749382601,3862.89867007277,31641.5112017593,TRUE,FALSE,TRUE
11,196712,"p","2020-02-01 12:37:00",619.783333333333,TRUE,619.7,0.0833333333329165,FALSE,TRUE,276.371933196898,0.921239777327602,3.31646319837937,4.68071362916122,3585.30656809626,31649.1860691796,TRUE,FALSE,TRUE
11,196712,"p","2020-02-01 12:42:00",619.866666666667,TRUE,619.783333333333,0.0833333333340533,FALSE,TRUE,276.371934525316,0.921239781743093,3.31646321427513,4.72902648853018,3307.71446612012,31656.8609365703,TRUE,FALSE,TRUE
11,196712,"p","2020-02-01 12:47:00",619.95,TRUE,619.866666666667,0.0833333333330302,FALSE,TRUE,276.371935992396,0.92123978664467,3.31646323192081,4.64797700929844,3030.12236414367,31664.5358039755,TRUE,FALSE,TRUE
11,196712,"p","2020-02-01 12:52:00",620.033333333333,TRUE,619.95,0.0833333333329165,FALSE,TRUE,276.371937597216,0.921239791995327,3.31646325118318,4.56723693167775,2752.5302621672,31672.2106713875,TRUE,FALSE,TRUE
11,196712,"p","2020-02-01 12:57:00",620.116666666667,TRUE,620.033333333333,0.0833333333340533,FALSE,TRUE,276.371939339188,0.921239797789333,3.3164632720416,4.54527670495757,2474.93816019125,31679.8855387913,TRUE,FALSE,TRUE
11,196712,"p","2020-02-01 13:02:00",620.2,TRUE,620.116666666667,0.0833333333330302,FALSE,TRUE,276.371941220143,0.921239804070493,3.31646329465378,4.52309725684614,2197.34605821474,31687.5604061925,TRUE,FALSE,TRUE
11,196712,"p","2020-02-01 13:07:00",620.283333333333,TRUE,620.2,0.0833333333329165,FALSE,TRUE,276.371943238592,0.921239810799913,3.31646331887969,4.50091780825997,1919.75395623817,31695.2352735979,TRUE,FALSE,TRUE
11,196712,"p","2020-02-01 13:12:00",620.366666666667,TRUE,620.283333333333,0.0833333333340533,FALSE,TRUE,276.371945394552,0.921239817973879,3.31646334470597,4.47873835915233,1642.16185426191,31702.9101410071,TRUE,FALSE,TRUE
11,196712,"p","2020-02-01 13:17:00",620.45,TRUE,620.366666666667,0.0833333333330302,FALSE,TRUE,276.371947688682,0.92123982563229,3.31646337227624,4.45655890948535,1364.56975228561,31710.5850084045,TRUE,FALSE,TRUE
11,196712,"p","2020-02-01 13:22:00",620.533333333333,TRUE,620.45,0.0833333333329165,FALSE,TRUE,276.37195012089,0.921239833740908,3.31646340146727,4.43609722216311,1086.97765030923,31718.2598758106,TRUE,FALSE,TRUE
11,196712,"p","2020-02-01 13:27:00",620.616666666667,TRUE,620.533333333333,0.0833333333340533,FALSE,TRUE,276.371952687188,0.921239842282666,3.3164634322176,4.45395594523713,809.385548336338,31725.9347432143,TRUE,FALSE,TRUE
11,196712,"o","2020-02-01 13:28:00",620.633333333333,TRUE,620.616666666667,0.0166666666659694,FALSE,TRUE,54.9146739543206,0.915244565943635,3.29488043739708,4.46863851924268,754.225140180563,31727.3360660565,TRUE,FALSE,TRUE
11,196712,"p","2020-02-01 13:32:00",620.7,TRUE,620.633333333333,0.0666666666670608,FALSE,TRUE,169.047559683713,0.704364832011308,2.53571339524071,4.46223312024453,584.909983152207,31713.7805137481,TRUE,FALSE,TRUE
11,196712,"p","2020-02-01 13:37:00",620.783333333333,TRUE,620.7,0.0833333333329165,FALSE,TRUE,210.878909522785,0.702929698412799,2.53054691428608,4.45568420825078,373.713552170312,31696.6690100648,TRUE,FALSE,TRUE
11,196712,"p","2020-02-01 13:42:00",620.866666666667,TRUE,620.783333333333,0.0833333333340533,FALSE,TRUE,210.878904125369,0.702929680411822,2.53054684948256,4.44913529479214,162.517121188772,31679.5575063773,TRUE,FALSE,TRUE
11,196712,"p","2020-02-01 13:47:00",620.95,TRUE,620.866666666667,0.0833333333330302,FALSE,TRUE,210.878898790265,0.702929662636772,2.53054678549238,4.44258637986555,-48.6793097932022,31662.4460026824,TRUE,FALSE,TRUE
11,196712,"p","2020-02-01 13:52:00",621.033333333333,TRUE,620.95,0.0833333333329165,FALSE,TRUE,210.878893515453,0.702929645055026,2.53054672219809,4.43603746346486,-259.875740774948,31645.3344990008,TRUE,FALSE,TRUE
11,196712,"p","2020-02-01 13:57:00",621.116666666667,TRUE,621.033333333333,0.0833333333340533,FALSE,TRUE,210.878888302085,0.702929627667544,2.53054665960316,4.42948854558078,-471.072171756625,31628.2229953172,TRUE,FALSE,TRUE
11,196712,"p","2020-02-01 14:02:00",621.2,TRUE,621.116666666667,0.0833333333330302,FALSE,TRUE,210.878883150709,0.702929610504919,2.53054659781771,4.42449618309196,-682.268602738833,31611.1114916233,TRUE,FALSE,TRUE
11,196712,"p","2020-02-01 14:07:00",621.283333333333,TRUE,621.2,0.0833333333329165,FALSE,TRUE,210.878878059345,0.702929593534665,2.53054653672479,4.27661252805903,-893.465033720538,31593.9999879429,TRUE,FALSE,TRUE
11,196712,"p","2020-02-01 14:12:00",621.366666666667,TRUE,621.283333333333,0.0833333333340533,FALSE,TRUE,210.878873029822,0.702929576760001,2.53054647633601,4.12714425006955,-1104.66146470208,31576.8884842501,TRUE,FALSE,TRUE
11,196712,"p","2020-02-01 14:17:00",621.45,TRUE,621.366666666667,0.0833333333330302,FALSE,TRUE,210.87886806193,0.702929560208991,2.53054641675237,3.97767591206169,-1315.85789568408,31559.7769805695,TRUE,FALSE,TRUE
11,196712,"p","2020-02-01 14:22:00",621.533333333333,TRUE,621.45,0.0833333333329165,FALSE,TRUE,210.87886315475,0.702929543852684,2.53054635786966,3.82820751343608,-1527.05432666587,31542.6654768782,TRUE,FALSE,TRUE
11,196712,"p","2020-02-01 14:27:00",621.616666666667,TRUE,621.533333333333,0.0833333333340533,FALSE,TRUE,210.878858309051,0.702929527690765,2.53054629968675,3.67873905358304,-1738.25075764781,31525.5539731931,TRUE,FALSE,TRUE
11,196712,"p","2020-02-01 14:32:00",621.7,TRUE,621.616666666667,0.0833333333330302,FALSE,TRUE,210.878853524291,0.702929511750194,2.5305462423007,3.52927053190473,-1949.44718862935,31508.4424695004,TRUE,FALSE,TRUE
11,196712,"p","2020-02-01 14:37:00",621.783333333333,TRUE,621.7,0.0833333333329165,FALSE,TRUE,210.8788488015,0.702929496008517,2.53054618563066,3.38142679375711,-2160.64361961138,31491.3309658116,TRUE,FALSE,TRUE
11,196712,"p","2020-02-01 14:42:00",621.866666666667,TRUE,621.783333333333,0.0833333333340533,FALSE,TRUE,210.878844138856,0.702929480456779,2.5305461296444,3.30261402657258,-2371.84005059291,31474.2194621293,TRUE,FALSE,TRUE
11,196712,"p","2020-02-01 14:47:00",621.95,TRUE,621.866666666667,0.0833333333330302,FALSE,TRUE,210.878839538861,0.702929465132094,2.53054607447554,3.22826015639876,-2583.03648157493,31457.1079584409,TRUE,FALSE,TRUE
11,196712,"p","2020-02-01 14:52:00",622.033333333333,TRUE,621.95,0.0833333333329165,FALSE,TRUE,210.878834998973,0.702929450000092,2.53054602000033,3.15393560521806,-2794.23291255678,31439.9964547571,TRUE,FALSE,TRUE
11,196712,"p","2020-02-01 14:57:00",622.116666666667,TRUE,622.033333333333,0.0833333333340533,FALSE,TRUE,210.878830520605,0.70292943506261,2.53054596622539,3.0796109775869,-3005.42934353845,31422.8849510692,TRUE,FALSE,TRUE
11,196712,"p","2020-02-01 15:02:00",622.2,TRUE,622.116666666667,0.0833333333330302,FALSE,TRUE,210.878826103736,0.702929420348345,2.53054591325404,3.00528627335555,-3216.62577452036,31405.7734473891,TRUE,FALSE,TRUE
11,196712,"p","2020-02-01 15:07:00",622.283333333333,TRUE,622.2,0.0833333333329165,FALSE,TRUE,210.878821748237,0.702929405830974,2.53054586099151,2.93096149236465,-3427.82220550223,31388.6619436978,TRUE,FALSE,TRUE
11,196712,"p","2020-02-01 15:12:00",622.366666666667,TRUE,622.283333333333,0.0833333333340533,FALSE,TRUE,210.878817453145,0.70292939150441,2.53054580941588,2.85745566449042,-3639.01863648384,31371.5504400084,TRUE,FALSE,TRUE
11,196712,"p","2020-02-01 15:17:00",622.45,TRUE,622.366666666667,0.0833333333330302,FALSE,TRUE,210.878813220512,0.702929377404266,2.53054575865536,2.83572469713779,-3850.21506746582,31354.4389363254,TRUE,FALSE,TRUE
11,196712,"p","2020-02-01 15:22:00",622.533333333333,TRUE,622.45,0.0833333333329165,FALSE,TRUE,210.878809048362,0.702929363498058,2.53054570859301,2.8138936565043,-4061.4114984477,31337.3274326397,TRUE,FALSE,TRUE
11,196712,"p","2020-02-01 15:27:00",622.616666666667,TRUE,622.533333333333,0.0833333333340533,FALSE,TRUE,210.878804937278,0.702929349784854,2.53054565922547,2.79206261414723,-4272.60792942925,31320.2159289455,TRUE,FALSE,TRUE
11,196712,"p","2020-02-01 15:32:00",622.7,TRUE,622.616666666667,0.0833333333330302,FALSE,TRUE,210.878800888068,0.702929336296117,2.53054561066602,2.77023157004408,-4483.80436041112,31303.1044252586,TRUE,FALSE,TRUE
11,196712,"p","2020-02-01 15:37:00",622.783333333333,TRUE,622.7,0.0833333333329165,FALSE,TRUE,210.878796899847,0.702929323003008,2.53054556281083,2.74840052417007,-4695.00079139302,31285.9929215745,TRUE,FALSE,TRUE
11,196712,"p","2020-02-01 15:42:00",622.866666666667,TRUE,622.783333333333,0.0833333333340533,FALSE,TRUE,210.87879297256,0.702929309902459,2.53054551564885,2.72656947649585,-4906.19722237473,31268.881417893,TRUE,FALSE,TRUE
11,196712,"p","2020-02-01 15:47:00",622.95,TRUE,622.866666666667,0.0833333333330302,FALSE,TRUE,210.878789107087,0.702929297026182,2.53054546929425,2.70473842699894,-5117.39365335649,31251.7699141973,TRUE,FALSE,TRUE
11,196712,"p","2020-02-01 15:52:00",623.033333333333,TRUE,622.95,0.0833333333329165,FALSE,TRUE,210.878785302923,0.702929284346592,2.53054542364773,2.68290737565466,-5328.59008433861,31234.6584105172,TRUE,FALSE,TRUE
11,196712,"p","2020-02-01 15:57:00",623.116666666667,TRUE,623.033333333333,0.0833333333340533,FALSE,TRUE,210.878781558806,0.702929271856615,2.53054537868381,2.66107632243328,-5539.78651532009,31217.546906827,TRUE,FALSE,TRUE
11,196712,"p","2020-02-01 16:02:00",623.2,TRUE,623.116666666667,0.0833333333330302,FALSE,TRUE,210.878777877349,0.70292925959372,2.53054533453739,2.63924526731266,-5750.98294630196,31200.4354031435,TRUE,FALSE,TRUE
11,196712,"p","2020-02-01 16:07:00",623.283333333333,TRUE,623.2,0.0833333333329165,FALSE,TRUE,210.878774256727,0.702929247525939,2.53054529109338,2.61741421026786,-5962.17937728392,31183.3238994543,TRUE,FALSE,TRUE
11,196712,"p","2020-02-01 16:12:00",623.366666666667,TRUE,623.283333333333,0.0833333333340533,FALSE,TRUE,210.878770696697,0.702929235649583,2.5305452483385,2.59558315126959,-6173.3758082656,31166.212395775,TRUE,FALSE,TRUE
11,196712,"p","2020-02-01 16:17:00",623.45,TRUE,623.366666666667,0.0833333333330302,FALSE,TRUE,210.878767198852,0.702929223998729,2.53054520639543,2.57375209029537,-6384.57223924737,31149.1008920811,TRUE,FALSE,TRUE
11,196712,"p","2020-02-01 16:22:00",623.533333333333,TRUE,623.45,0.0833333333329165,FALSE,TRUE,210.878763762086,0.702929212543801,2.53054516515768,2.55192102732149,-6595.76867022939,31131.9893883945,TRUE,FALSE,TRUE
11,196712,"p","2020-02-01 16:27:00",623.616666666667,TRUE,623.533333333333,0.0833333333340533,FALSE,TRUE,210.878760385927,0.702929201280348,2.53054512460925,2.53068949085516,-6806.96510121104,31114.8778847027,TRUE,FALSE,TRUE
11,196712,"p","2020-02-01 16:32:00",623.7,TRUE,623.616666666667,0.0833333333330302,FALSE,TRUE,210.87875707137,0.702929190240459,2.53054508486565,2.53054592667807,-7018.16153219277,31097.7663810199,TRUE,FALSE,TRUE
11,196712,"p","2020-02-01 16:37:00",623.783333333333,TRUE,623.7,0.0833333333329165,FALSE,TRUE,210.87875381862,0.702929179398918,2.5305450458361,2.53054587477668,-7229.35796317486,31080.6548773379,TRUE,FALSE,TRUE
11,196712,"o","2020-02-01 16:39:00",623.816666666667,TRUE,623.783333333333,0.0333333333339851,FALSE,TRUE,83.1042799444605,0.692535666190296,2.49312839828506,2.52950647335453,-7312.58444132586,31073.874757469,TRUE,FALSE,TRUE
11,196712,"p","2020-02-01 16:42:00",623.866666666667,TRUE,623.816666666667,0.0500000000000682,FALSE,TRUE,11.7312199091545,0.0651734439396585,0.234624398182771,2.46573085148482,-7301.22904045046,31070.718490668,TRUE,FALSE,TRUE
11,196712,"p","2020-02-01 16:47:00",623.95,TRUE,623.866666666667,0.0833333333330302,FALSE,TRUE,21.5341331660043,0.0717804438869423,0.258409597992992,2.40261593136801,-7280.21654858838,31065.565515362,TRUE,FALSE,TRUE
11,196712,"p","2020-02-01 16:52:00",624.033333333333,TRUE,623.95,0.0833333333329165,FALSE,TRUE,21.5341329828874,0.0717804432766504,0.258409595795941,2.33950101292892,-7259.20405672616,31060.4125400374,TRUE,FALSE,TRUE
11,196712,"p","2020-02-01 16:57:00",624.116666666667,TRUE,624.033333333333,0.0833333333340533,FALSE,TRUE,21.5341328003651,0.0717804426672636,0.258409593602149,2.27638609614516,-7238.19156486377,31055.2595647231,TRUE,FALSE,TRUE
11,196712,"p","2020-02-01 17:02:00",624.2,TRUE,624.116666666667,0.0833333333330302,FALSE,TRUE,21.534132614832,0.0717804420497013,0.258409591378925,2.21327118099666,-7217.17907300169,31050.106589411,TRUE,FALSE,TRUE
11,196712,"p","2020-02-01 17:07:00",624.283333333333,TRUE,624.2,0.0833333333329165,FALSE,TRUE,21.53413243282,0.0717804414430925,0.258409589195133,2.15015626746497,-7196.16658113926,31044.9536141042,TRUE,FALSE,TRUE
11,196712,"p","2020-02-01 17:12:00",624.366666666667,TRUE,624.283333333333,0.0833333333340533,FALSE,TRUE,21.5341322496516,0.0717804408315517,0.258409586993586,2.08704135552723,-7175.15408927714,31039.8006387861,TRUE,FALSE,TRUE
11,196712,"p","2020-02-01 17:17:00",624.45,TRUE,624.366666666667,0.0833333333330302,FALSE,TRUE,21.5341320667649,0.0717804402228109,0.258409584802119,2.02392644516424,-7154.14159741487,31034.6476634668,TRUE,FALSE,TRUE
11,196712,"p","2020-02-01 17:22:00",624.533333333333,TRUE,624.45,0.0833333333329165,FALSE,TRUE,21.5341318832712,0.0717804396112632,0.258409582600547,1.96081153635629,-7133.12910555258,31029.4946881513,TRUE,FALSE,TRUE
11,196712,"p","2020-02-01 17:27:00",624.616666666667,TRUE,624.533333333333,0.0833333333340533,FALSE,TRUE,21.5341316998496,0.0717804389988786,0.258409580395963,1.89769662908116,-7112.11661369036,31024.3417128324,TRUE,FALSE,TRUE
11,196712,"p","2020-02-01 17:32:00",624.7,TRUE,624.616666666667,0.0833333333330302,FALSE,TRUE,21.5341315165002,0.071780438388595,0.258409578198942,1.83458172331917,-7091.10412182833,31019.1887375175,TRUE,FALSE,TRUE
11,196712,"p","2020-02-01 17:37:00",624.783333333333,TRUE,624.7,0.0833333333329165,FALSE,TRUE,21.5341313347907,0.0717804377829947,0.258409576018781,1.77146681905179,-7070.09162996602,31014.0357622045,TRUE,FALSE,TRUE
11,196712,"p","2020-02-01 17:42:00",624.866666666667,TRUE,624.783333333333,0.0833333333340533,FALSE,TRUE,21.5341311512726,0.0717804371702885,0.258409573813038,1.70835191625561,-7049.07913810372,31008.882786888,TRUE,FALSE,TRUE
11,196712,"p","2020-02-01 17:47:00",624.95,TRUE,624.866666666667,0.0833333333330302,FALSE,TRUE,21.5341309683226,0.0717804365613365,0.258409571620811,1.64523701491173,-7028.06664624174,31003.7298115754,TRUE,FALSE,TRUE
11,196712,"p","2020-02-01 17:52:00",625.033333333333,TRUE,624.95,0.0833333333329165,FALSE,TRUE,21.5341307861772,0.0717804359542829,0.258409569435418,1.5821221150009,-7007.05415437943,30998.5768362673,TRUE,FALSE,TRUE
11,196712,"p","2020-02-01 17:57:00",625.116666666667,TRUE,625.033333333333,0.0833333333340533,FALSE,TRUE,21.5341306032418,0.071780435343519,0.258409567236668,1.51900721650042,-6986.04166251705,30993.4238609454,TRUE,FALSE,TRUE
11,196712,"p","2020-02-01 18:02:00",625.2,TRUE,625.116666666667,0.0833333333330302,FALSE,TRUE,21.5341304201955,0.071780434734246,0.258409565043286,1.45589231939074,-6965.02917065494,30988.27088563,TRUE,FALSE,TRUE
11,196712,"p","2020-02-01 18:07:00",625.283333333333,TRUE,625.2,0.0833333333329165,FALSE,TRUE,21.534130238606,0.0717804341290458,0.258409562864565,1.39277742365321,-6944.0166787928,30983.1179103103,TRUE,FALSE,TRUE
11,196712,"p","2020-02-01 18:12:00",625.366666666667,TRUE,625.283333333333,0.0833333333340533,FALSE,TRUE,21.5341300548955,0.0717804335156981,0.258409560656513,1.32966252926435,-6923.00418693058,30977.9649350002,TRUE,FALSE,TRUE
11,196712,"p","2020-02-01 18:17:00",625.45,TRUE,625.366666666667,0.0833333333330302,FALSE,TRUE,21.5341298736336,0.071780432912373,0.258409558484543,1.26654763620578,-6901.99169506836,30972.8119596873,TRUE,FALSE,TRUE
11,196712,"p","2020-02-01 18:22:00",625.533333333333,TRUE,625.45,0.0833333333329165,FALSE,TRUE,21.5341296905901,0.0717804323023261,0.258409556288374,1.20343274445753,-6880.97920320605,30967.6589843689,TRUE,FALSE,TRUE
12,196712,"p","2020-02-02 19:07:00",650.283333333333,TRUE,650.2,0.0833333333329165,FALSE,TRUE,292.756424601697,0.975854748677204,3.51307709523793,1.26066759331551,-481.025314347578,29994.9976709454,TRUE,TRUE,TRUE
12,196712,"p","2020-02-02 19:12:00",650.366666666667,TRUE,650.283333333333,0.0833333333340533,FALSE,TRUE,292.756454725467,0.975854849076458,3.51307745667525,1.35107505022325,-195.678176058117,30066.33312667,TRUE,FALSE,TRUE
12,196712,"p","2020-02-02 19:17:00",650.45,TRUE,650.366666666667,0.0833333333330302,FALSE,TRUE,292.756485011988,0.975854950043512,3.51307782015664,1.44148251728271,89.6689622317043,30137.668582374,TRUE,FALSE,TRUE
12,196712,"p","2020-02-02 19:22:00",650.533333333333,TRUE,650.45,0.0833333333329165,FALSE,TRUE,292.756515463599,0.975855051550212,3.51307818558076,1.53188999454781,375.01610052158,30209.0040380961,TRUE,FALSE,TRUE
12,196712,"p","2020-02-02 19:27:00",650.616666666667,TRUE,650.533333333333,0.0833333333340533,FALSE,TRUE,292.756546054457,0.975855153506426,3.51307855262313,1.6222974820638,660.363238789363,30280.3394937984,TRUE,FALSE,TRUE
12,196712,"o","2020-02-02 19:28:00",650.633333333333,TRUE,650.616666666667,0.0166666666659694,FALSE,TRUE,56.0343606654514,0.933906011129929,3.36206164006774,1.7085100553969,714.965607842076,30294.0481896034,TRUE,FALSE,TRUE
12,196712,"p","2020-02-02 19:32:00",650.7,TRUE,650.633333333333,0.0666666666670608,FALSE,TRUE,136.962789994504,0.570678291640393,2.05444184990542,1.75839985683616,579.684876924814,30268.8285462655,TRUE,FALSE,TRUE
12,196712,"p","2020-02-02 19:37:00",650.783333333333,TRUE,650.7,0.0833333333329165,FALSE,TRUE,174.348224977889,0.581160749929204,2.09217869974513,1.80933790415914,407.500139994283,30236.6059979117,TRUE,FALSE,TRUE
12,196712,"p","2020-02-02 19:42:00",650.866666666667,TRUE,650.783333333333,0.0833333333340533,FALSE,TRUE,174.348216716647,0.581160722383804,2.09217860058169,1.86027594878248,235.315403064109,30204.3834495526,TRUE,FALSE,TRUE
12,196712,"p","2020-02-02 19:47:00",650.95,TRUE,650.866666666667,0.0833333333330302,FALSE,TRUE,174.348208489726,0.581160694967867,2.09217850188432,1.91121399071926,63.130666133421,30172.1609012054,TRUE,FALSE,TRUE
12,196712,"p","2020-02-02 19:52:00",651.033333333333,TRUE,650.95,0.0833333333329165,FALSE,TRUE,174.348200297595,0.581160667661558,2.09217840358161,1.96215202998005,-109.054070797011,30139.9383528566,TRUE,FALSE,TRUE
12,196712,"p","2020-02-02 19:57:00",651.116666666667,TRUE,651.033333333333,0.0833333333340533,FALSE,TRUE,174.348192139676,0.581160640460565,2.09217830565804,2.01309006657579,-281.238807727426,30107.715804495,TRUE,FALSE,TRUE
12,196712,"p","2020-02-02 20:02:00",651.2,TRUE,651.116666666667,0.0833333333330302,FALSE,TRUE,174.34818401714,0.581160613392582,2.0921782082133,2.06402810051951,-453.423544657938,30075.4932561496,TRUE,FALSE,TRUE
12,196712,"p","2020-02-02 20:07:00",651.283333333333,TRUE,651.2,0.0833333333329165,FALSE,TRUE,174.348175928818,0.5811605864323,2.09217811115628,2.11496613182198,-625.608281588535,30043.2707077973,TRUE,FALSE,TRUE
12,196712,"p","2020-02-02 20:12:00",651.366666666667,TRUE,651.283333333333,0.0833333333340533,FALSE,TRUE,174.348167874914,0.581160559578024,2.09217801448089,2.16590416049381,-797.793018518887,30011.0481594382,TRUE,FALSE,TRUE
12,196712,"p","2020-02-02 20:17:00",651.45,TRUE,651.366666666667,0.0833333333330302,FALSE,TRUE,174.348159856411,0.581160532856816,2.09217791828454,2.21684218654822,-969.977755449679,29978.8256110894,TRUE,FALSE,TRUE
12,196712,"o","2020-02-02 20:20:00",651.5,TRUE,651.45,0.0499999999999545,FALSE,TRUE,103.484333513767,0.574912963965897,2.06968667027723,2.26715545576825,-1072.21629939277,29959.9049690588,TRUE,FALSE,TRUE
12,196712,"p","2020-02-02 20:22:00",651.533333333333,TRUE,651.5,0.033333333332962,FALSE,TRUE,19.7429031723382,0.164524193104651,0.592287095176744,2.27642984795696,-1062.61665463333,29977.2320802957,TRUE,FALSE,TRUE
12,196712,"p","2020-02-02 20:27:00",651.616666666667,TRUE,651.533333333333,0.0833333333340533,FALSE,TRUE,51.5817276681258,0.1719390922256,0.618980732012162,2.28644573011249,-1035.93679719649,30021.5820758543,TRUE,FALSE,TRUE
12,196712,"o","2020-02-02 20:30:00",651.666666666667,TRUE,651.616666666667,0.0499999999999545,FALSE,TRUE,30.4527370202453,0.16918187233485,0.609054740405459,2.29618589033351,-1020.54674281019,30047.9784364333,TRUE,FALSE,TRUE
12,196712,"p","2020-02-02 20:32:00",651.7,TRUE,651.666666666667,0.0333333333330756,FALSE,TRUE,34.4436397114533,0.287030330930997,1.03330919135159,2.31800681247169,-1055.09138829736,30050.0839486949,TRUE,FALSE,TRUE
12,196712,"p","2020-02-02 20:37:00",651.783333333333,TRUE,651.7,0.0833333333329165,FALSE,TRUE,87.6132804323484,0.292044268109289,1.05135936519344,2.29868292470771,-1142.99765220547,30054.8136374859,TRUE,FALSE,TRUE
12,196712,"p","2020-02-02 20:42:00",651.866666666667,TRUE,651.783333333333,0.0833333333340533,FALSE,TRUE,87.6132810922513,0.292044270304981,1.05135937309793,2.27905790092181,-1230.90391611333,30059.543326276,TRUE,FALSE,TRUE
12,196712,"p","2020-02-02 20:47:00",651.95,TRUE,651.866666666667,0.0833333333330302,FALSE,TRUE,87.6132817563991,0.292044272522393,1.05135938108061,2.25943287699173,-1318.81018002107,30064.2730150604,TRUE,FALSE,TRUE
12,196712,"p","2020-02-02 20:52:00",652.033333333333,TRUE,651.95,0.0833333333329165,FALSE,TRUE,87.6132824255143,0.292044274753175,1.05135938911143,2.2398078529129,-1406.71644392903,30069.0027038537,TRUE,FALSE,TRUE
12,196712,"p","2020-02-02 20:57:00",652.116666666667,TRUE,652.033333333333,0.0833333333340533,FALSE,TRUE,87.6132830982303,0.292044276991578,1.05135939716968,2.22018282867773,-1494.62270783679,30073.7323926406,TRUE,FALSE,TRUE
12,196712,"p","2020-02-02 21:02:00",652.2,TRUE,652.116666666667,0.0833333333330302,FALSE,TRUE,87.6132837764828,0.292044279256005,1.05135940532162,2.20055780428254,-1582.52897174485,30078.4620814359,TRUE,FALSE,TRUE
12,196712,"p","2020-02-02 21:07:00",652.283333333333,TRUE,652.2,0.0833333333329165,FALSE,TRUE,87.6132844582922,0.292044281529102,1.05135941350477,2.18093277972218,-1670.43523565297,30083.1917702159,TRUE,FALSE,TRUE
12,196712,"o","2020-02-02 21:12:00",652.366666666667,TRUE,652.283333333333,0.0833333333340533,FALSE,TRUE,86.8067172973323,0.289355724321941,1.04168060755899,2.16103889904039,-1757.52115396839,30088.0787514145,TRUE,FALSE,TRUE
12,196712,"p","2020-02-02 21:17:00",652.45,TRUE,652.366666666667,0.0833333333330302,FALSE,TRUE,71.5177836808626,0.238392612270409,0.858213404173473,2.13701051846812,-1694.10940199709,30121.8220343639,TRUE,FALSE,TRUE
12,196712,"p","2020-02-02 21:22:00",652.533333333333,TRUE,652.45,0.0833333333329165,FALSE,TRUE,72.3124227792708,0.241041409265442,0.86774907335559,2.06742652013899,-1629.87730443358,30155.7226097174,TRUE,FALSE,TRUE
12,196712,"p","2020-02-02 21:27:00",652.616666666667,TRUE,652.533333333333,0.0833333333340533,FALSE,TRUE,72.3124263011595,0.241041421001782,0.867749115606416,1.99394523676691,-1565.64520686972,30189.6231850666,TRUE,FALSE,TRUE
12,196712,"p","2020-02-02 21:32:00",652.7,TRUE,652.616666666667,0.0833333333330302,FALSE,TRUE,72.3124298235844,0.241041432746158,0.86774915788617,1.92046394479266,-1501.41310930596,30223.5237604145,TRUE,FALSE,TRUE
12,196712,"p","2020-02-02 21:37:00",652.783333333333,TRUE,652.7,0.0833333333329165,FALSE,TRUE,72.3124333463833,0.24104144448915,0.86774920016094,1.84698264416971,-1437.1810117422,30257.4243357675,TRUE,FALSE,TRUE
12,196712,"p","2020-02-02 21:42:00",652.866666666667,TRUE,652.783333333333,0.0833333333340533,FALSE,TRUE,72.3124368738402,0.241041456244051,0.867749242478585,1.77350133484638,-1372.94891417873,30291.3249111194,TRUE,FALSE,TRUE
12,196712,"p","2020-02-02 21:47:00",652.95,TRUE,652.866666666667,0.0833333333330302,FALSE,TRUE,72.3124404041468,0.2410414680147,0.867749284852918,1.7000200167669,-1308.71681661485,30325.2254864658,TRUE,FALSE,TRUE
12,196712,"p","2020-02-02 21:52:00",653.033333333333,TRUE,652.95,0.0833333333329165,FALSE,TRUE,72.3124439363002,0.241041479788873,0.867749327239943,1.62653868987807,-1244.48471905105,30359.1260618227,TRUE,FALSE,TRUE
12,196712,"o","2020-02-02 21:57:00",653.116666666667,TRUE,653.033333333333,0.0833333333340533,FALSE,TRUE,73.3266391859683,0.244422130617783,0.879919670224018,1.5533954180322,-1179.04315779692,30392.9131975247,TRUE,FALSE,TRUE
12,196712,"o","2020-02-02 22:02:00",653.2,TRUE,653.116666666667,0.0833333333330302,FALSE,TRUE,284.220538370293,0.94740179457109,3.41064646045592,1.55055010248496,-893.731670280211,30405.3856165312,TRUE,FALSE,TRUE
12,196712,"p","2020-02-02 22:07:00",653.283333333333,TRUE,653.2,0.0833333333329165,FALSE,TRUE,114.805283322444,0.382684277743396,1.37766339987623,1.49123302510428,-976.68453024535,30325.3770549944,TRUE,FALSE,TRUE
12,196712,"o","2020-02-02 22:09:00",653.316666666667,TRUE,653.283333333333,0.0333333333339851,FALSE,TRUE,46.2510153562407,0.385425127961136,1.38753046066009,1.43219002254975,-1009.82490773442,30292.8593123121,TRUE,FALSE,TRUE
12,196712,"p","2020-02-02 22:12:00",653.366666666667,TRUE,653.316666666667,0.0500000000000682,FALSE,TRUE,92.7113753306167,0.515063196280501,1.8542275066098,1.3903057410648,-967.474689138136,30210.0447371445,TRUE,FALSE,TRUE
12,196712,"o","2020-02-02 22:13:00",653.383333333333,TRUE,653.366666666667,0.0166666666659694,FALSE,TRUE,31.2564561208504,0.520940935369301,1.87538736732948,1.3853320054377,-953.004423842235,30182.2237234638,TRUE,FALSE,TRUE
12,196712,"p","2020-02-02 22:17:00",653.45,TRUE,653.383333333333,0.0666666666670608,FALSE,TRUE,143.920679276009,0.599669496979826,2.15881018912737,1.38718288014276,-884.885801466862,30054.9046699917,TRUE,FALSE,TRUE
12,196712,"p","2020-02-02 22:22:00",653.533333333333,TRUE,653.45,0.0833333333329165,FALSE,TRUE,180.065630128599,0.600218767098331,2.16078756155399,1.38908868461421,-799.648262248749,29895.6160440791,TRUE,FALSE,TRUE
12,196712,"o","2020-02-02 22:27:00",653.616666666667,TRUE,653.533333333333,0.0833333333340533,FALSE,TRUE,178.950361458371,0.596501204856083,2.1474043374819,1.39062273560303,-714.937384801496,29737.3146318527,TRUE,FALSE,TRUE
12,196712,"p","2020-02-02 22:32:00",653.7,TRUE,653.616666666667,0.0833333333330302,FALSE,TRUE,25.6465270921674,0.0854884236408691,0.307758325107129,1.34105551120096,-726.845993470998,29760.1239147853,TRUE,FALSE,TRUE
12,196712,"p","2020-02-02 22:37:00",653.783333333333,TRUE,653.7,0.0833333333329165,FALSE,TRUE,26.7617135189495,0.0892057117302777,0.321140562229,1.29186001832793,-739.281263911157,29783.9204114103,TRUE,FALSE,TRUE
12,196712,"p","2020-02-02 22:42:00",653.866666666667,TRUE,653.783333333333,0.0833333333340533,FALSE,TRUE,26.7617144432421,0.0892057148100362,0.32114057331613,1.24266452846968,-751.716534351593,29807.7169080423,TRUE,FALSE,TRUE
12,196712,"p","2020-02-03 02:42:00",657.866666666667,TRUE,657.783333333333,0.0833333333340533,FALSE,TRUE,1195.11295201525,3.98370984001642,14.3413554240591,1.49233696480405,1503.56998774077,32715.0283975765,TRUE,FALSE,TRUE
12,196712,"p","2020-02-03 02:47:00",657.95,TRUE,657.866666666667,0.0833333333330302,FALSE,TRUE,1195.1141145191,3.98371371507814,14.3413693742813,1.88178776050091,2509.77025416916,33369.2104839989,TRUE,FALSE,TRUE
12,196712,"p","2020-02-03 02:52:00",658.033333333333,TRUE,657.95,0.0833333333329165,FALSE,TRUE,1195.11528809911,3.98371762701696,14.3413834572611,2.27123894708231,3515.97052059753,34023.3925704167,TRUE,FALSE,TRUE
12,196712,"o","2020-02-03 02:55:00",658.083333333333,TRUE,658.033333333333,0.0500000000000682,FALSE,TRUE,710.848168024725,3.94915648902086,14.2169633604751,2.65723401955384,4114.56163826858,34412.3291018464,TRUE,FALSE,TRUE
12,196712,"p","2020-02-03 02:57:00",658.116666666667,TRUE,658.083333333333,0.0333333333339851,FALSE,TRUE,26.9949018297985,0.224957515243922,0.809847054878118,2.67080919433858,4141.68525438431,34412.5410729884,TRUE,FALSE,TRUE
12,196712,"p","2020-02-03 03:02:00",658.2,TRUE,658.116666666667,0.0833333333330302,FALSE,TRUE,55.3613590546213,0.184537863516076,0.664336308657873,2.68034240364087,4196.67168920746,34404.139199811,TRUE,FALSE,TRUE
12,196712,"p","2020-02-03 03:07:00",658.283333333333,TRUE,658.2,0.0833333333329165,FALSE,TRUE,55.3613584469364,0.184537861490711,0.66433630136656,2.68987561243096,4251.65812403023,34395.7373266298,TRUE,FALSE,TRUE
12,196712,"o","2020-02-03 03:12:00",658.366666666667,TRUE,658.283333333333,0.0833333333340533,FALSE,TRUE,56.4513390466724,0.188171130153949,0.677416068554215,2.69977214777754,4307.86622580659,34388.1318167911,TRUE,FALSE,TRUE
12,196712,"p","2020-02-03 03:17:00",658.45,TRUE,658.366666666667,0.0833333333330302,FALSE,TRUE,311.299399998273,1.03766466666468,3.73559279999286,2.79461803646482,4588.19698026684,34526.6242809285,TRUE,FALSE,TRUE
12,196712,"p","2020-02-03 03:22:00",658.533333333333,TRUE,658.45,0.0833333333329165,FALSE,TRUE,312.741434382374,1.04247144794646,3.75289721260726,2.88994460297163,4869.74940168064,34665.9131084281,TRUE,FALSE,TRUE
12,196712,"o","2020-02-03 03:27:00",658.616666666667,TRUE,658.533333333333,0.0833333333340533,FALSE,TRUE,311.229593665547,1.03743197887619,3.7347551239543,2.98476722226083,5149.84406988046,34804.7229553316,TRUE,FALSE,TRUE
12,196712,"p","2020-02-03 03:32:00",658.7,TRUE,658.616666666667,0.0833333333330302,FALSE,TRUE,52.3315291685502,0.174438430562469,0.627978350024887,2.99329048640888,5162.5045437954,34855.6607356996,TRUE,FALSE,TRUE
12,196712,"p","2020-02-03 03:37:00",658.783333333333,TRUE,658.7,0.0833333333329165,FALSE,TRUE,51.5348815026251,0.171782938342943,0.618418578034594,3.00154820102514,5173.70726449621,34906.1195354587,TRUE,FALSE,TRUE
12,196712,"p","2020-02-03 03:42:00",658.866666666667,TRUE,658.783333333333,0.0833333333340533,FALSE,TRUE,51.5348853844104,0.171782951279884,0.618418624607581,3.00980591662511,5184.90998519749,34956.57833524,TRUE,FALSE,TRUE
12,196712,"p","2020-02-03 03:47:00",658.95,TRUE,658.866666666667,0.0833333333330302,FALSE,TRUE,51.5348892660278,0.171782964220718,0.618418671194583,3.01806363320868,5196.11270589875,35007.03713501,TRUE,FALSE,TRUE
12,196712,"p","2020-02-03 03:52:00",659.033333333333,TRUE,658.95,0.0833333333329165,FALSE,TRUE,51.5348931488978,0.171782977163852,0.618418717789867,3.02632135077643,5207.3154265998,35057.4959347856,TRUE,FALSE,TRUE
12,196712,"p","2020-02-03 03:57:00",659.116666666667,TRUE,659.033333333333,0.0833333333340533,FALSE,TRUE,51.5348970344815,0.171782990113454,0.618418764408435,3.03457906932973,5218.51814730078,35107.9547345627,TRUE,FALSE,TRUE
12,196712,"p","2020-02-03 04:02:00",659.2,TRUE,659.116666666667,0.0833333333330302,FALSE,TRUE,51.5349009186803,0.171783003062893,0.618418811026413,3.04283678886802,5229.72086800201,35158.4135343345,TRUE,FALSE,TRUE
12,196712,"p","2020-02-03 04:07:00",659.283333333333,TRUE,659.2,0.0833333333329165,FALSE,TRUE,51.5349048027114,0.171783016009897,0.618418857635631,3.05109450938978,5240.92358870308,35208.8723341085,TRUE,FALSE,TRUE
12,196712,"p","2020-02-03 04:12:00",659.366666666667,TRUE,659.283333333333,0.0833333333340533,FALSE,TRUE,51.5349086894565,0.171783028963371,0.618418904268134,3.05935223089759,5252.12630940413,35259.331133879,TRUE,FALSE,TRUE
12,196712,"p","2020-02-03 04:17:00",659.45,TRUE,659.366666666667,0.0833333333330302,FALSE,TRUE,51.5349125761559,0.171783041921145,0.618418950916121,3.0676099533901,5263.32903010533,35309.7899336541,TRUE,FALSE,TRUE
12,196712,"p","2020-02-03 04:22:00",659.533333333333,TRUE,659.45,0.0833333333329165,FALSE,TRUE,51.5349164654881,0.17178305488582,0.618418997588951,3.07586767686964,5274.53175080645,35360.2487334351,TRUE,FALSE,TRUE
12,196712,"p","2020-02-03 04:27:00",659.616666666667,TRUE,659.533333333333,0.0833333333340533,FALSE,TRUE,51.5349203533951,0.171783067843166,0.618419044235398,3.08412540133408,5285.73447150761,35410.707533202,TRUE,FALSE,TRUE
12,196712,"p","2020-02-03 04:32:00",659.7,TRUE,659.616666666667,0.0833333333330302,FALSE,TRUE,51.534924243935,0.171783080813742,0.61841909092947,3.0923831267847,5296.93719220861,35461.1663329722,TRUE,FALSE,TRUE
12,196712,"p","2020-02-03 04:37:00",659.783333333333,TRUE,659.7,0.0833333333329165,FALSE,TRUE,51.410280179156,0.171367600598044,0.616923362152959,3.10059930390443,5308.1269951126,35511.4999497111,TRUE,FALSE,TRUE
12,196712,"p","2020-02-03 04:42:00",659.866666666667,TRUE,659.783333333333,0.0833333333340533,FALSE,TRUE,28.6666789445346,0.0955555964809563,0.344000147331443,3.10123428030132,5316.94694516187,35538.8679347364,TRUE,FALSE,TRUE
12,196712,"p","2020-02-03 04:47:00",659.95,TRUE,659.866666666667,0.0833333333330302,FALSE,TRUE,28.5439263381873,0.095146421127637,0.342527116059493,3.10182833885207,5325.75397741409,35566.1107367147,TRUE,FALSE,TRUE
12,196712,"p","2020-02-03 04:52:00",660.033333333333,TRUE,659.95,0.0833333333329165,FALSE,TRUE,28.5439275082339,0.0951464250279224,0.342527130100521,3.10242239748329,5334.56100966626,35593.3535387011,TRUE,FALSE,TRUE
12,196712,"p","2020-02-03 04:57:00",660.116666666667,TRUE,660.033333333333,0.0833333333340533,FALSE,TRUE,28.5439286706318,0.0951464289012841,0.342527144044623,3.10301645618997,5343.36804191835,35620.5963406797,TRUE,FALSE,TRUE
12,196712,"p","2020-02-03 05:02:00",660.2,TRUE,660.116666666667,0.0833333333330302,FALSE,TRUE,28.543929844271,0.0951464328145827,0.342527158132498,3.10361051497909,5352.17507417057,35647.8391426754,TRUE,FALSE,TRUE
12,196712,"p","2020-02-03 05:07:00",660.283333333333,TRUE,660.2,0.0833333333329165,FALSE,TRUE,28.5439310048229,0.095146436683219,0.342527172059589,3.10420457384307,5360.98210642268,35675.0819446578,TRUE,FALSE,TRUE
12,196712,"p","2020-02-03 05:12:00",660.366666666667,TRUE,660.283333333333,0.0833333333340533,FALSE,TRUE,28.5439321752132,0.095146440583222,0.342527186099599,3.10479863278619,5369.78913867469,35702.3247466405,TRUE,FALSE,TRUE
12,196712,"p","2020-02-03 05:17:00",660.45,TRUE,660.366666666667,0.0833333333330302,FALSE,TRUE,28.5439333421057,0.095146444474032,0.342527200106515,3.1053926918065,5378.59617092695,35729.5675486237,TRUE,FALSE,TRUE
12,196712,"p","2020-02-03 05:22:00",660.533333333333,TRUE,660.45,0.0833333333329165,FALSE,TRUE,28.5439345106502,0.0951464483693098,0.342527214129515,3.10046153214284,5387.40320317909,35756.8103506108,TRUE,FALSE,TRUE
12,196712,"p","2020-02-03 05:27:00",660.616666666667,TRUE,660.533333333333,0.0833333333340533,FALSE,TRUE,28.5439356782717,0.0951464522600834,0.3425272281363,2.71428518095238,5396.21023543108,35784.0531525924,TRUE,FALSE,TRUE
12,196712,"p","2020-02-03 05:32:00",660.7,TRUE,660.616666666667,0.0833333333330302,FALSE,TRUE,28.5439368463731,0.0951464561549233,0.342527242157724,2.32542922636829,5405.01726768312,35811.2959545786,TRUE,FALSE,TRUE
12,196712,"p","2020-02-03 05:37:00",660.783333333333,TRUE,660.7,0.0833333333329165,FALSE,TRUE,28.5439380136672,0.0951464600460334,0.34252725616572,1.93657288837126,5413.82429993556,35838.5387565671,TRUE,FALSE,TRUE
12,196712,"p","2020-02-03 05:42:00",660.866666666667,TRUE,660.783333333333,0.0833333333340533,FALSE,TRUE,28.5439391838429,0.095146463945321,0.342527270203156,1.54771616325797,5422.63133218762,35865.7815585512,TRUE,FALSE,TRUE
12,196712,"p","2020-02-03 06:47:00",661.95,TRUE,661.883333333333,0.0666666666670608,FALSE,TRUE,640.392043611219,2.66830018169764,9.60588065411149,1.29601668023934,7860.7714029039,35925.3762356217,TRUE,FALSE,TRUE
12,196712,"p","2020-02-03 06:52:00",662.033333333333,TRUE,661.95,0.0833333333329165,FALSE,TRUE,804.160827358931,2.68053609120984,9.64992992835544,1.54689198905403,8622.62846787339,36194.0533082507,TRUE,FALSE,TRUE
12,196712,"p","2020-02-03 06:57:00",662.116666666667,TRUE,662.033333333333,0.0833333333340533,FALSE,TRUE,804.161184399365,2.68053728130806,9.64993421270901,1.79776741558385,9384.48553284142,36462.7303808745,TRUE,FALSE,TRUE
12,196712,"p","2020-02-03 07:02:00",662.2,TRUE,662.116666666667,0.0833333333330302,FALSE,TRUE,804.161544830913,2.68053848277946,9.64993853800606,2.04864296096546,10146.342597811,36731.4074534959,TRUE,FALSE,TRUE
12,196712,"p","2020-02-03 07:07:00",662.283333333333,TRUE,662.2,0.0833333333329165,FALSE,TRUE,804.161908650968,2.68053969551663,9.64994290385988,2.29951862632501,10908.1996627805,37000.0845261173,TRUE,FALSE,TRUE
12,196712,"p","2020-02-03 07:12:00",662.366666666667,TRUE,662.283333333333,0.0833333333340533,FALSE,TRUE,804.16227585812,2.68054091950391,9.64994731021406,2.55039441278682,11670.0567277489,37268.7615987362,TRUE,FALSE,TRUE
12,196712,"p","2020-02-03 07:17:00",662.45,TRUE,662.366666666667,0.0833333333330302,FALSE,TRUE,804.162646454814,2.68054215485913,9.64995175749287,2.80127032148841,12431.9137927182,37537.438671363,TRUE,FALSE,TRUE
12,196712,"p","2020-02-03 07:22:00",662.533333333333,TRUE,662.45,0.0833333333329165,FALSE,TRUE,804.163020441365,2.68054340148462,9.64995624534465,3.0521463535555,13193.7708576876,37806.1157439807,TRUE,FALSE,TRUE
12,196712,"p","2020-02-03 07:27:00",662.616666666667,TRUE,662.533333333333,0.0833333333340533,FALSE,TRUE,804.163397813522,2.68054465935525,9.64996077367889,3.30306405943122,13955.6279226558,38074.7928166035,TRUE,FALSE,TRUE
12,196712,"p","2020-02-03 07:32:00",662.7,TRUE,662.616666666667,0.0833333333330302,FALSE,TRUE,804.163778540174,2.680545928477,9.6499653425172,3.56156309263083,14717.4849875858,38343.4698892301,TRUE,FALSE,TRUE
12,196712,"o","2020-02-03 07:33:00",662.716666666667,TRUE,662.7,0.0166666666669926,FALSE,TRUE,156.552137302022,2.60920228831602,9.39312823793766,3.81296867934966,14865.3685530266,38396.9807471484,TRUE,FALSE,TRUE
12,196712,"p","2020-02-03 07:37:00",662.783333333333,TRUE,662.716666666667,0.0666666666659239,FALSE,TRUE,188.533338248382,0.785555576043679,2.82800007375724,3.88200959445124,14813.5019132564,38578.830589227,TRUE,FALSE,TRUE
12,196712,"p","2020-02-03 07:42:00",662.866666666667,TRUE,662.783333333333,0.0833333333340533,FALSE,TRUE,236.988641070531,0.789962136894945,2.8438636928218,3.95149116525061,14743.0588040514,38805.8621960735,TRUE,FALSE,TRUE
12,196712,"p","2020-02-03 07:47:00",662.95,TRUE,662.866666666667,0.0833333333330302,FALSE,TRUE,236.988720730118,0.789962402436602,2.84386464877177,4.02097276221281,14672.6156948464,39032.893802922,TRUE,FALSE,TRUE
12,196712,"o","2020-02-03 07:50:00",663,TRUE,662.95,0.0499999999999545,FALSE,TRUE,139.026134180822,0.772367412116383,2.78052268361898,4.08869485975612,14630.7212569184,39165.9012009465,TRUE,FALSE,TRUE
12,196712,"p","2020-02-03 07:52:00",663.033333333333,TRUE,663,0.033333333332962,FALSE,TRUE,143.809385278584,1.19841154400155,4.31428155840558,4.19902137009796,14629.7260393359,39021.6831828051,TRUE,FALSE,TRUE
12,196712,"p","2020-02-03 07:57:00",663.116666666667,TRUE,663.033333333333,0.0833333333340533,FALSE,TRUE,367.524030540927,1.2250801017925,4.41028836645302,4.3120147358298,14628.166564367,38653.109222253,TRUE,FALSE,TRUE
12,196712,"o","2020-02-03 08:02:00",663.2,TRUE,663.116666666667,0.0833333333330302,FALSE,TRUE,365.586557976964,1.21862185992765,4.38703869573953,4.42436227698564,14626.1661525492,38286.4802402466,TRUE,FALSE,TRUE
12,196712,"p","2020-02-03 08:07:00",663.283333333333,TRUE,663.2,0.0833333333329165,FALSE,TRUE,83.0754853177539,0.276918284393898,0.996905823818034,4.44253946019902,14543.273042414,38276.6700717988,TRUE,FALSE,TRUE
12,196712,"o","2020-02-03 08:09:00",663.316666666667,TRUE,663.283333333333,0.0333333333339851,FALSE,TRUE,33.0142479375906,0.275118732807875,0.990427438108351,4.46053668786431,14511.1607722585,38268.3664726928,TRUE,FALSE,TRUE
12,196712,"p","2020-02-03 08:12:00",663.366666666667,TRUE,663.316666666667,0.0500000000000682,FALSE,TRUE,577.995630069283,3.21108683371386,11.5599126013699,4.7721307252311,14595.8431672759,37694.9073966021,TRUE,FALSE,TRUE
12,196712,"o","2020-02-03 08:13:00",663.383333333333,TRUE,663.366666666667,0.0166666666659694,FALSE,TRUE,189.474993247555,3.15791655425804,11.3684995953289,5.07840773426237,14623.348787451,37506.8821894702,TRUE,FALSE,TRUE
12,196712,"p","2020-02-03 08:17:00",663.45,TRUE,663.383333333333,0.0666666666670608,FALSE,TRUE,76.9115474056099,0.320464780854813,1.15367321107733,5.10093956556476,14571.5176074233,37449.6711462776,TRUE,FALSE,TRUE
12,196712,"p","2020-02-03 08:22:00",663.533333333333,TRUE,663.45,0.0833333333329165,FALSE,TRUE,92.7402361966817,0.309134120657152,1.11288283436575,5.12233833045699,14505.3174310672,37384.2160831255,TRUE,FALSE,TRUE
12,196712,"p","2020-02-03 08:27:00",663.616666666667,TRUE,663.533333333333,0.0833333333340533,FALSE,TRUE,92.7402265085294,0.309134088359094,1.11288271809274,5.14373709173124,14439.1172547112,37318.7610199671,TRUE,FALSE,TRUE
12,196712,"p","2020-02-03 08:32:00",663.7,TRUE,663.616666666667,0.0833333333330302,FALSE,TRUE,92.7402168219153,0.309134056074176,1.11288260186703,5.16513584938579,14372.9170783551,37253.3059568095,TRUE,FALSE,TRUE
12,196712,"p","2020-02-03 08:37:00",663.783333333333,TRUE,663.7,0.0833333333329165,FALSE,TRUE,92.740207145421,0.309134023819616,1.11288248575062,5.1865346034254,14306.716901999,37187.8508936579,TRUE,FALSE,TRUE
12,196712,"p","2020-02-03 08:42:00",663.866666666667,TRUE,663.783333333333,0.0833333333340533,FALSE,TRUE,92.7401974731942,0.309133991574643,1.11288236966872,5.20793335385146,14240.5167256429,37122.3958304929,TRUE,FALSE,TRUE
12,196712,"p","2020-02-03 08:47:00",663.95,TRUE,663.866666666667,0.0833333333330302,FALSE,TRUE,92.7401878033749,0.309133959345708,1.11288225364455,5.2288746223518,14174.3165492869,37056.9407673415,TRUE,FALSE,TRUE
12,196712,"p","2020-02-03 08:52:00",664.033333333333,TRUE,663.95,0.0833333333329165,FALSE,TRUE,92.7401781419515,0.309133927141385,1.11288213770899,5.16073296704065,14108.1163729306,36991.4857041884,TRUE,FALSE,TRUE
12,196712,"p","2020-02-03 08:57:00",664.116666666667,TRUE,664.033333333333,0.0833333333340533,FALSE,TRUE,92.7401684824038,0.309133894938675,1.11288202177923,5.09192759482253,14041.9161965747,36926.0306410229,TRUE,FALSE,TRUE
12,196712,"p","2020-02-03 09:02:00",664.2,TRUE,664.116666666667,0.0833333333330302,FALSE,TRUE,92.7401588296609,0.309133862766661,1.11288190595998,5.02312222628815,13975.7160202185,36860.5755778658,TRUE,FALSE,TRUE
12,196712,"p","2020-02-03 09:07:00",664.283333333333,TRUE,664.2,0.0833333333329165,FALSE,TRUE,92.7401491829219,0.309133830611286,1.11288179020063,4.9543168613778,13909.5158438624,36795.1205147133,TRUE,FALSE,TRUE
12,196712,"o","2020-02-03 09:12:00",664.366666666667,TRUE,664.283333333333,0.0833333333340533,FALSE,TRUE,91.4834578400005,0.304944859464033,1.09780149407052,4.88509260613534,13844.7513897958,36730.014171818,TRUE,FALSE,TRUE
12,196712,"p","2020-02-03 09:17:00",664.45,TRUE,664.366666666667,0.0833333333330302,FALSE,TRUE,197.682881755645,0.65894293918788,2.37219458107637,4.85126816558495,14043.3794153793,36728.8828016519,TRUE,FALSE,TRUE
12,196712,"p","2020-02-03 09:22:00",664.533333333333,TRUE,664.45,0.0833333333329165,FALSE,TRUE,199.110068228041,0.663700227430124,2.38932081874845,4.81427650851198,14243.4431632529,36728.1001517514,TRUE,FALSE,TRUE
12,196712,"o","2020-02-03 09:27:00",664.616666666667,TRUE,664.533333333333,0.0833333333340533,FALSE,TRUE,197.116440828997,0.657054802757645,2.36539728992752,4.61315197061798,14441.5051671015,36727.926667189,TRUE,FALSE,TRUE
12,196712,"p","2020-02-03 09:32:00",664.7,TRUE,664.616666666667,0.0833333333330302,FALSE,TRUE,201.804163423118,0.672680544746172,2.42164996108622,4.41236641597161,14272.3343667991,36839.5084780172,TRUE,FALSE,TRUE
12,196712,"p","2020-02-03 09:37:00",664.783333333333,TRUE,664.7,0.0833333333329165,FALSE,TRUE,203.801984809307,0.679339949367754,2.44562381772391,4.21224668277758,14101.1618224716,36951.6994541812,TRUE,FALSE,TRUE
12,196712,"p","2020-02-03 09:42:00",664.866666666667,TRUE,664.783333333333,0.0833333333340533,FALSE,TRUE,203.802015906519,0.679340053015859,2.44562419085709,4.01212683980122,13929.9892781442,37063.8904303419,TRUE,FALSE,TRUE
12,196712,"o","2020-02-03 09:46:00",664.933333333333,TRUE,664.866666666667,0.0666666666660376,FALSE,TRUE,156.42472458753,0.651769685787524,2.34637086883509,3.80924983882831,13795.5391167607,37145.1436526212,TRUE,FALSE,TRUE
12,196712,"p","2020-02-03 09:47:00",664.95,TRUE,664.933333333333,0.0166666666669926,FALSE,TRUE,288.848934966831,4.81414891601971,17.3309360976709,4.02261063847989,13851.0951807202,36860.8218523442,TRUE,FALSE,TRUE
12,196712,"o","2020-02-03 09:49:00",664.983333333333,TRUE,664.95,0.033333333332962,FALSE,TRUE,585.655261401433,4.88046051173299,17.5696578422387,4.24260247416728,13962.5643343711,36284.1180327313,TRUE,FALSE,TRUE
12,196712,"p","2020-02-03 09:52:00",665.033333333333,TRUE,664.983333333333,0.0499999999999545,FALSE,TRUE,350.317207714911,1.94620670952905,7.00634415430459,4.16916880497172,13627.3718263963,36391.3807050706,TRUE,FALSE,TRUE
12,196712,"p","2020-02-03 09:57:00",665.116666666667,TRUE,665.033333333333,0.0833333333340533,FALSE,TRUE,595.809798510863,1.98603266168572,7.14971758206858,4.09971760520477,13061.019775851,36585.0499889922,TRUE,FALSE,TRUE
12,196712,"o","2020-02-03 09:58:00",665.133333333333,TRUE,665.116666666667,0.0166666666659694,FALSE,TRUE,117.043862648397,1.95073104422156,7.02263175919763,4.02673611677922,12949.2635660677,36621.6087907092,TRUE,FALSE,TRUE
12,196712,"p","2020-02-03 10:02:00",665.2,TRUE,665.133333333333,0.0666666666670608,FALSE,TRUE,282.195594543707,1.1758149772585,4.23293391813059,3.88339738567347,12719.3222720366,36456.0169182536,TRUE,FALSE,TRUE
12,196712,"p","2020-02-03 10:07:00",665.283333333333,TRUE,665.2,0.0833333333329165,FALSE,TRUE,352.818547404555,1.17606182468773,4.23382256887584,3.92244801053788,12433.7884049255,36246.3082588206,TRUE,FALSE,TRUE
12,196712,"p","2020-02-03 10:12:00",665.366666666667,TRUE,665.283333333333,0.0833333333340533,FALSE,TRUE,352.818428747994,1.17606142914982,4.23382114493935,3.96105793976336,12148.2545378147,36036.5995993794,TRUE,FALSE,TRUE
12,196712,"p","2020-02-03 10:17:00",665.45,TRUE,665.366666666667,0.0833333333330302,FALSE,TRUE,352.818310376907,1.17606103459397,4.23381972453828,3.9996678029791,11862.7206707037,35826.8909399489,TRUE,FALSE,TRUE
12,196712,"p","2020-02-03 10:22:00",665.533333333333,TRUE,665.45,0.0833333333329165,FALSE,TRUE,352.818192288738,1.17606064096834,4.23381830748603,4.0400371258643,11577.1868035924,35617.1822805167,TRUE,FALSE,TRUE
12,196712,"p","2020-02-03 10:27:00",665.616666666667,TRUE,665.533333333333,0.0833333333340533,FALSE,TRUE,352.81807448552,1.17606024827491,4.23381689378966,4.03780199629163,11291.6529364819,35407.4736210844,TRUE,FALSE,TRUE
12,196712,"p","2020-02-03 10:32:00",665.7,TRUE,665.616666666667,0.0833333333330302,FALSE,TRUE,352.817956966824,1.17605985656036,4.23381548361729,4.03289997176842,11006.1190693707,35197.7649616445,TRUE,FALSE,TRUE
12,196712,"p","2020-02-03 10:37:00",665.783333333333,TRUE,665.7,0.0833333333329165,FALSE,TRUE,352.817839733235,1.17605946578333,4.23381407682,4.02864373235399,10720.5852022596,34988.0563022141,TRUE,FALSE,TRUE
12,196712,"p","2020-02-03 10:42:00",665.866666666667,TRUE,665.783333333333,0.0833333333340533,FALSE,TRUE,352.817722785887,1.1760590759428,4.23381267339406,4.11855781150887,10435.0513351531,34778.3476427678,TRUE,FALSE,TRUE
12,196712,"o","2020-02-03 10:43:00",665.883333333333,TRUE,665.866666666667,0.0166666666659694,FALSE,TRUE,70.6038857007119,1.17673142839443,4.23623314221995,4.20871908106753,10378.4272659812,34735.691740102,TRUE,FALSE,TRUE
12,196712,"p","2020-02-03 10:47:00",665.95,TRUE,665.883333333333,0.0666666666670608,FALSE,TRUE,314.030267113877,1.30845944630008,4.7104540066803,4.01845634232615,10221.1339526937,34462.6809332097,TRUE,FALSE,TRUE
12,196712,"o","2020-02-03 10:50:00",666,TRUE,665.95,0.0499999999999545,FALSE,TRUE,233.903641334261,1.29946467408041,4.67807282668947,3.83261115430839,10104.3100267796,34259.1383433306,TRUE,FALSE,TRUE
12,196712,"p","2020-02-03 10:52:00",666.033333333333,TRUE,666,0.033333333332962,FALSE,TRUE,22.6579310236033,0.188816091865464,0.679737930715671,3.81944628540945,10083.2821158511,34250.4290279181,TRUE,FALSE,TRUE
12,196712,"p","2020-02-03 10:57:00",666.116666666667,TRUE,666.033333333333,0.0833333333340533,FALSE,TRUE,53.2712292897788,0.177570764297728,0.639254751471822,3.80628994977351,10032.6724156817,34233.0335978118,TRUE,FALSE,TRUE
12,196712,"p","2020-02-03 11:02:00",666.2,TRUE,666.116666666667,0.0833333333330302,FALSE,TRUE,53.2712277416232,0.17757075913939,0.639254732901804,3.79313361685154,9982.06271551212,34215.6381677178,TRUE,FALSE,TRUE
12,196712,"p","2020-02-03 11:07:00",666.283333333333,TRUE,666.2,0.0833333333329165,FALSE,TRUE,53.2712261942023,0.177570753981562,0.639254714333625,3.77997728664228,9931.45301534268,34198.2427376228,TRUE,FALSE,TRUE
12,196712,"o","2020-02-03 11:11:00",666.35,TRUE,666.283333333333,0.0666666666670608,FALSE,TRUE,42.6819490798158,0.177841454498181,0.640229236193452,3.76684802971014,9890.88252537381,34184.3662076739,TRUE,FALSE,TRUE
12,196712,"p","2020-02-03 11:12:00",666.366666666667,TRUE,666.35,0.0166666666669926,FALSE,TRUE,13.2031581647442,0.220052636074768,0.792189489869164,3.75793989416015,9877.77475933925,34182.3240647865,TRUE,FALSE,TRUE
12,196712,"p","2020-02-03 11:17:00",666.45,TRUE,666.366666666667,0.0833333333330302,FALSE,TRUE,66.3924294185371,0.221308098062595,0.796709153025343,3.74915730803184,9811.82228000475,34172.3124209861,TRUE,FALSE,TRUE
12,196712,"p","2020-02-03 11:22:00",666.533333333333,TRUE,666.45,0.0833333333329165,FALSE,TRUE,66.3924281564359,0.221308093855893,0.796709137881216,3.74037472470329,9745.8698006695,34162.3007771902,TRUE,FALSE,TRUE
12,196712,"p","2020-02-03 11:27:00",666.616666666667,TRUE,666.533333333333,0.0833333333340533,FALSE,TRUE,66.3924268952643,0.221308089648969,0.796709122736288,3.73159214417432,9679.91732133434,34152.2891334024,TRUE,FALSE,TRUE
12,196712,"p","2020-02-03 11:32:00",666.7,TRUE,666.616666666667,0.0833333333330302,FALSE,TRUE,66.3924256370351,0.221308085457589,0.796709107647319,3.72280956644341,9613.96484199909,34142.2774895917,TRUE,FALSE,TRUE
12,196712,"p","2020-02-03 11:37:00",666.783333333333,TRUE,666.7,0.0833333333329165,FALSE,TRUE,66.3924243796204,0.221308081266508,0.79670909255943,3.71402699150893,9548.0123626639,34132.2658457931,TRUE,FALSE,TRUE
12,196712,"p","2020-02-03 11:42:00",666.866666666667,TRUE,666.783333333333,0.0833333333340533,FALSE,TRUE,66.3924231391535,0.221308077128599,0.796709077662958,3.70566331327539,9482.0598833131,34122.2542020049,TRUE,FALSE,TRUE
12,196712,"o","2020-02-03 11:43:00",666.883333333333,TRUE,666.866666666667,0.0166666666659694,FALSE,TRUE,14.9775221267533,0.249625368789665,0.898651327642795,3.66473155623557,9467.08874727278,34120.7245075505,TRUE,FALSE,TRUE
12,196712,"p","2020-02-03 11:47:00",666.95,TRUE,666.883333333333,0.0666666666670608,FALSE,TRUE,319.62588820031,1.33177453416009,4.79438832297631,3.73153898690857,9151.92247197728,34182.3650147858,TRUE,FALSE,TRUE
12,196712,"p","2020-02-03 11:52:00",667.033333333333,TRUE,666.95,0.0833333333329165,FALSE,TRUE,401.819526971588,1.33939842324533,4.82183432368317,3.79977334895733,8755.73882762096,34260.0064416953,TRUE,FALSE,TRUE
12,196712,"p","2020-02-03 11:57:00",667.116666666667,TRUE,667.033333333333,0.0833333333340533,FALSE,TRUE,401.819564195786,1.33939854730771,4.82183477030777,3.86644514921349,8359.55518326555,34337.6478686214,TRUE,FALSE,TRUE
12,196712,"p","2020-02-03 12:02:00",667.2,TRUE,667.116666666667,0.0833333333330302,FALSE,TRUE,401.819601845216,1.33939867282226,4.82183522216013,3.93245102155894,7963.37153890932,34415.2892955412,TRUE,FALSE,TRUE
12,196712,"p","2020-02-03 12:07:00",667.283333333333,TRUE,667.2,0.0833333333329165,FALSE,TRUE,401.819639916441,1.33939879972817,4.82183567902141,3.99845689623017,7567.18789455322,34492.9307224659,TRUE,FALSE,TRUE
12,196712,"p","2020-02-03 12:12:00",667.366666666667,TRUE,667.283333333333,0.0833333333340533,FALSE,TRUE,401.81967841214,1.33939892802889,4.82183614090402,4.06721982045431,7171.00425019751,34570.5721493878,TRUE,FALSE,TRUE
12,196712,"p","2020-02-03 12:17:00",667.45,TRUE,667.366666666667,0.0833333333330302,FALSE,TRUE,401.81971733078,1.33939905777414,4.8218366079869,3.71974483462975,6774.82060584146,34648.2135763027,TRUE,FALSE,TRUE
12,196712,"p","2020-02-03 12:22:00",667.533333333333,TRUE,667.45,0.0833333333329165,FALSE,TRUE,401.819756673826,1.33939918891945,4.82183708011004,3.3656387023484,6378.63696148523,34725.8550032253,TRUE,FALSE,TRUE
12,196712,"p","2020-02-03 12:27:00",667.616666666667,TRUE,667.533333333333,0.0833333333340533,FALSE,TRUE,401.819796438075,1.33939932144868,4.82183755721523,3.30495796354036,5982.45331712966,34803.4964301533,TRUE,FALSE,TRUE
12,196712,"p","2020-02-03 12:32:00",667.7,TRUE,667.616666666667,0.0833333333330302,FALSE,TRUE,401.819836628497,1.3393994554332,4.82183803955951,3.24029464291511,5586.26967277342,34881.1378570738,TRUE,FALSE,TRUE
12,196712,"p","2020-02-03 12:37:00",667.783333333333,TRUE,667.7,0.0833333333329165,FALSE,TRUE,401.819877240402,1.33939959080804,4.82183852690895,3.17916149757375,5190.08602841742,34958.7792839914,TRUE,FALSE,TRUE
12,196712,"p","2020-02-03 12:42:00",667.866666666667,TRUE,667.783333333333,0.0833333333340533,FALSE,TRUE,401.819918276657,1.33939972757728,4.82183901927823,3.19551997260563,4793.90238406175,35036.4207109179,TRUE,FALSE,TRUE
12,196712,"p","2020-02-03 12:47:00",667.95,TRUE,667.866666666667,0.0833333333330302,FALSE,TRUE,401.819959736343,1.33939986579268,4.82183951685365,3.21185377671613,4397.71873970563,35114.0621378412,TRUE,FALSE,TRUE
12,196712,"p","2020-02-03 12:52:00",668.033333333333,TRUE,667.95,0.0833333333329165,FALSE,TRUE,401.820001619932,1.33940000540647,4.8218400194633,3.22818763434179,4001.53509534942,35191.7035647684,TRUE,FALSE,TRUE
12,196712,"p","2020-02-03 12:57:00",668.116666666667,TRUE,668.033333333333,0.0833333333340533,FALSE,TRUE,401.820043925206,1.33940014640578,4.82184052706081,3.24452154552297,3605.35145099393,35269.3449916874,TRUE,FALSE,TRUE
12,196712,"p","2020-02-03 13:02:00",668.2,TRUE,668.116666666667,0.0833333333330302,FALSE,TRUE,401.820086656244,1.33940028885902,4.82184103989247,3.26085551031204,3209.16780663767,35346.986418606,TRUE,FALSE,TRUE
12,196712,"p","2020-02-03 13:07:00",668.283333333333,TRUE,668.2,0.0833333333329165,FALSE,TRUE,401.8201298097,1.3394004327057,4.82184155774052,3.27718952875512,2812.98416228134,35424.6278455331,TRUE,FALSE,TRUE
12,196712,"p","2020-02-03 13:12:00",668.366666666667,TRUE,668.283333333333,0.0833333333340533,FALSE,TRUE,401.820173385162,1.33940057793897,4.82184208058028,3.29352360089298,2416.80051792597,35502.2692724478,TRUE,FALSE,TRUE
12,196712,"p","2020-02-03 13:17:00",668.45,TRUE,668.366666666667,0.0833333333330302,FALSE,TRUE,401.82021737931,1.33940072460257,4.82184260856926,3.30985772677491,2020.61687357727,35579.9106993721,TRUE,FALSE,TRUE
12,196712,"o","2020-02-03 13:18:00",668.466666666667,TRUE,668.45,0.0166666666669926,FALSE,TRUE,79.4540548609544,1.32423424765668,4.76724329156404,3.32467524394629,1942.23188935991,35595.0301098818,TRUE,FALSE,TRUE
12,196712,"p","2020-02-03 13:22:00",668.533333333333,TRUE,668.466666666667,0.0666666666659239,FALSE,TRUE,190.52427703452,0.793851154319343,2.85786415554964,3.28638721653879,1750.80244573065,35596.8893480571,TRUE,FALSE,TRUE
12,196712,"p","2020-02-03 13:27:00",668.616666666667,TRUE,668.533333333333,0.0833333333340533,FALSE,TRUE,237.091367835499,0.790304559444835,2.84509641400141,3.23457172785326,1512.58032202145,35598.7023021797,TRUE,FALSE,TRUE
12,196712,"p","2020-02-03 13:32:00",668.7,TRUE,668.616666666667,0.0833333333330302,FALSE,TRUE,237.091367923899,0.790304559749204,2.84509641509713,3.18365571642014,1274.35819831188,35600.5152563017,TRUE,FALSE,TRUE
12,196712,"p","2020-02-03 13:37:00",668.783333333333,TRUE,668.7,0.0833333333329165,FALSE,TRUE,237.091368099001,0.790304560333958,2.84509641720225,3.24380456326699,1036.13607460233,35602.3282104191,TRUE,FALSE,TRUE
12,196712,"p","2020-02-03 13:42:00",668.866666666667,TRUE,668.783333333333,0.0833333333340533,FALSE,TRUE,237.091368361126,0.790304561196923,2.84509642030892,3.30507794295691,797.913950892829,35604.1411645455,TRUE,FALSE,TRUE
12,196712,"p","2020-02-03 13:47:00",668.95,TRUE,668.866666666667,0.0833333333330302,FALSE,TRUE,237.091368710315,0.790304562370591,2.84509642453413,3.36635132328003,559.691827183389,35605.9541186653,TRUE,FALSE,TRUE
12,196712,"p","2020-02-03 13:52:00",669.033333333333,TRUE,668.95,0.0833333333329165,FALSE,TRUE,237.091369146865,0.790304563826835,2.84509642977661,3.42762470426456,321.469703473672,35607.7670727852,TRUE,FALSE,TRUE
12,196712,"p","2020-02-03 13:57:00",669.116666666667,TRUE,669.033333333333,0.0833333333340533,FALSE,TRUE,237.091369669697,0.790304565558829,2.84509643601178,3.48887101537062,83.247579764481,35609.5800269125,TRUE,FALSE,TRUE
12,196712,"p","2020-02-03 14:02:00",669.2,TRUE,669.116666666667,0.0833333333330302,FALSE,TRUE,237.091370280471,0.790304567604447,2.84509644337601,3.54589620852359,-154.974543945078,35611.3929810282,TRUE,FALSE,TRUE
12,196712,"p","2020-02-03 14:07:00",669.283333333333,TRUE,669.2,0.0833333333329165,FALSE,TRUE,237.091370978057,0.790304569930809,2.84509645175091,3.60279585571041,-393.196667654751,35613.2059351538,TRUE,FALSE,TRUE
12,196712,"p","2020-02-03 14:12:00",669.366666666667,TRUE,669.283333333333,0.0833333333340533,FALSE,TRUE,237.091371762223,0.790304572533914,2.84509646112209,3.65969550357821,-631.418791364084,35615.0188892721,TRUE,FALSE,TRUE
12,196712,"p","2020-02-03 14:17:00",669.45,TRUE,669.366666666667,0.0833333333330302,FALSE,TRUE,237.09137263417,0.79030457545011,2.8450964716204,3.71659515215833,-869.640915073751,35616.8318433989,TRUE,FALSE,TRUE
12,196712,"p","2020-02-03 14:22:00",669.533333333333,TRUE,669.45,0.0833333333329165,FALSE,TRUE,237.091373592603,0.790304578645964,2.84509648312547,3.77349480147716,-1107.86303878328,35618.6447975232,TRUE,FALSE,TRUE
12,196712,"p","2020-02-03 14:27:00",669.616666666667,TRUE,669.533333333333,0.0833333333340533,FALSE,TRUE,237.09137463829,0.790304582120804,2.8450964956349,3.83039445156259,-1346.08516249275,35620.457751645,TRUE,FALSE,TRUE
12,196712,"p","2020-02-03 14:32:00",669.7,TRUE,669.616666666667,0.0833333333330302,FALSE,TRUE,237.091375770877,0.790304585905798,2.84509650926087,3.88729410244031,-1584.30728620206,35622.2707057657,TRUE,FALSE,TRUE
12,196712,"p","2020-02-03 14:37:00",669.783333333333,TRUE,669.7,0.0833333333329165,FALSE,TRUE,237.091376990955,0.790304589973803,2.84509652390569,3.94136202455873,-1822.52940991164,35624.083659883,TRUE,FALSE,TRUE
12,196712,"p","2020-02-03 14:42:00",669.866666666667,TRUE,669.783333333333,0.0833333333340533,FALSE,TRUE,237.091378297593,0.790304594318483,2.84509653954654,3.88721503057457,-2060.75153362098,35625.8966140097,TRUE,FALSE,TRUE
12,196712,"p","2020-02-03 14:47:00",669.95,TRUE,669.866666666667,0.0833333333330302,FALSE,TRUE,237.091379691871,0.790304598975777,2.8450965563128,3.83230564814761,-2298.9736573307,35627.7095681298,TRUE,FALSE,TRUE
12,196712,"p","2020-02-03 14:52:00",670.033333333333,TRUE,669.95,0.0833333333329165,FALSE,TRUE,237.091381172713,0.790304603912997,2.84509657408679,3.77739625380814,-2537.19578104026,35629.5225222507,TRUE,FALSE,TRUE
12,196712,"p","2020-02-03 14:57:00",670.116666666667,TRUE,670.033333333333,0.0833333333340533,FALSE,TRUE,237.091382740597,0.790304609128496,2.84509659286259,3.72248684743876,-2775.41790474968,35631.335476379,TRUE,FALSE,TRUE
12,196712,"p","2020-02-03 15:02:00",670.2,TRUE,670.116666666667,0.0833333333330302,FALSE,TRUE,237.091384395596,0.79030461465486,2.8450966127575,3.66757742893143,-3013.64002845898,35633.1484304979,TRUE,FALSE,TRUE
12,196712,"p","2020-02-03 15:07:00",670.283333333333,TRUE,670.2,0.0833333333329165,FALSE,TRUE,237.09138613836,0.790304620465153,2.84509663367455,3.61266799817506,-3251.86215216891,35634.9613846173,TRUE,FALSE,TRUE
12,196712,"p","2020-02-03 15:12:00",670.366666666667,TRUE,670.283333333333,0.0833333333340533,FALSE,TRUE,237.091387966721,0.790304626548909,2.84509665557607,3.55775855505254,-3490.08427587796,35636.7743387392,TRUE,FALSE,TRUE
12,196712,"p","2020-02-03 15:17:00",670.45,TRUE,670.366666666667,0.0833333333330302,FALSE,TRUE,237.091389883384,0.790304632947487,2.84509667861095,3.50284909945534,-3728.30639958743,35638.5872928641,TRUE,FALSE,TRUE
12,196712,"p","2020-02-03 15:22:00",670.533333333333,TRUE,670.45,0.0833333333329165,FALSE,TRUE,237.091391886922,0.790304639627028,2.8450967026573,3.44793963127318,-3966.5285232971,35640.400246987,TRUE,FALSE,TRUE
12,196712,"p","2020-02-03 15:27:00",670.616666666667,TRUE,670.533333333333,0.0833333333340533,FALSE,TRUE,237.091393976866,0.790304646582724,2.84509672769781,3.39303015038813,-4204.75064700636,35642.2132011065,TRUE,FALSE,TRUE
12,196712,"p","2020-02-03 15:32:00",670.7,TRUE,670.616666666667,0.0833333333330302,FALSE,TRUE,237.09139615466,0.790304653851742,2.84509675386627,3.3381206566925,-4442.97277071592,35644.0261552308,TRUE,FALSE,TRUE
12,196712,"p","2020-02-03 15:37:00",670.783333333333,TRUE,670.7,0.0833333333329165,FALSE,TRUE,237.09139841918,0.79030466140122,2.84509678104439,3.28321115007489,-4681.19489442553,35645.8391093571,TRUE,FALSE,TRUE
12,196712,"p","2020-02-03 15:42:00",670.866666666667,TRUE,670.783333333333,0.0833333333340533,FALSE,TRUE,237.091400770501,0.790304669228175,2.84509680922143,3.22830163041844,-4919.41701813491,35647.6520634772,TRUE,FALSE,TRUE
12,196712,"o","2020-02-03 15:44:00",670.9,TRUE,670.866666666667,0.033333333332962,FALSE,TRUE,98.7649298820363,0.823041082359472,2.9629478964941,3.17666573811374,-5018.60078206703,35644.3520106651,TRUE,FALSE,TRUE
12,196712,"p","2020-02-03 15:47:00",670.95,TRUE,670.9,0.0500000000000682,FALSE,TRUE,720.767331544438,4.00426295301919,14.4153466308691,3.44315201877508,-5591.04128920472,35201.5616602021,TRUE,FALSE,TRUE
12,196712,"p","2020-02-03 15:52:00",671.033333333333,TRUE,670.95,0.0833333333329165,FALSE,TRUE,1210.4828618379,4.03494287281318,14.5257943421275,3.7127062771705,-6551.60032518263,34456.8690186694,TRUE,FALSE,TRUE
12,196712,"p","2020-02-03 15:57:00",671.116666666667,TRUE,671.033333333333,0.0833333333340533,FALSE,TRUE,1210.48157414659,4.03493858045376,14.5257788896335,3.9822600919453,-7512.15936115909,33712.1763771263,TRUE,FALSE,TRUE
12,196712,"p","2020-02-03 16:02:00",671.2,TRUE,671.116666666667,0.0833333333330302,FALSE,TRUE,1210.48029795267,4.0349343265236,14.5257635754849,4.25181346680377,-8472.71839713684,32967.483735591,TRUE,FALSE,TRUE
12,196712,"p","2020-02-03 16:07:00",671.283333333333,TRUE,671.2,0.0833333333329165,FALSE,TRUE,1210.47903324843,4.03493011084827,14.5257483990538,4.52136640542834,-9433.27743311463,32222.7910940546,TRUE,FALSE,TRUE
12,196712,"p","2020-02-03 16:12:00",671.366666666667,TRUE,671.283333333333,0.0833333333340533,FALSE,TRUE,1210.47778003507,4.03492593341537,14.5257333602953,4.79243557400421,-10393.8364690909,31478.0984525174,TRUE,FALSE,TRUE
12,196712,"p","2020-02-03 16:17:00",671.45,TRUE,671.366666666667,0.0833333333330302,FALSE,TRUE,1210.47653831936,4.03492179441254,14.5257184598852,5.11654263801353,-11354.3955050687,30733.4058109859,TRUE,FALSE,TRUE
12,196712,"p","2020-02-03 16:22:00",671.533333333333,TRUE,671.45,0.0833333333329165,FALSE,TRUE,1210.47530809476,4.03491769366937,14.5257036972097,5.44100395143598,-12314.9545410463,29988.713169449,TRUE,FALSE,TRUE
12,196712,"p","2020-02-03 16:27:00",671.616666666667,TRUE,671.533333333333,0.0833333333340533,FALSE,TRUE,1210.47408936142,4.03491363116988,14.5256890722116,5.76546485857805,-13275.5135770226,29244.0205279127,TRUE,FALSE,TRUE
12,196712,"p","2020-02-03 16:32:00",671.7,TRUE,671.616666666667,0.0833333333330302,FALSE,TRUE,1210.47288212456,4.03490960709656,14.5256745855476,6.08992536325431,-14236.0726130002,28499.3278863709,TRUE,FALSE,TRUE
12,196712,"p","2020-02-03 16:37:00",671.783333333333,TRUE,671.7,0.0833333333329165,FALSE,TRUE,1210.47168638191,4.03490562129322,14.5256602366556,6.41438546926394,-15196.6316489781,27754.6352448381,TRUE,FALSE,TRUE
12,196712,"p","2020-02-03 16:42:00",671.866666666667,TRUE,671.783333333333,0.0833333333340533,FALSE,TRUE,1210.47050212732,4.03490167372286,14.5256460254023,6.73884518039916,-16157.1906849542,27009.9426033044,TRUE,FALSE,TRUE
12,196712,"p","2020-02-03 16:47:00",671.95,TRUE,671.866666666667,0.0833333333330302,FALSE,TRUE,1210.46932937228,4.03489776458895,14.5256319525202,7.06330450047538,-17117.7497209319,26265.2499617713,TRUE,FALSE,TRUE
12,196712,"p","2020-02-03 16:52:00",672.033333333333,TRUE,671.95,0.0833333333329165,FALSE,TRUE,1210.4681681104,4.03489389372153,14.5256180173975,7.38776343329165,-18078.3087569097,25520.5573202318,TRUE,FALSE,TRUE
12,196712,"p","2020-02-03 16:57:00",672.116666666667,TRUE,672.033333333333,0.0833333333340533,FALSE,TRUE,1210.46701833835,4.03489006109297,14.5256042199347,7.7122219826405,-19038.8677928858,24775.8646786985,TRUE,FALSE,TRUE
12,196712,"p","2020-02-03 17:02:00",672.2,TRUE,672.116666666667,0.0833333333330302,FALSE,TRUE,1210.46588006408,4.03488626689494,14.5255905608218,8.03668015233691,-19999.4268288633,24031.1720371601,TRUE,FALSE,TRUE
12,196712,"p","2020-02-03 17:07:00",672.283333333333,TRUE,672.2,0.0833333333329165,FALSE,TRUE,1210.46475328543,4.03488251097161,14.5255770394978,8.36113794618068,-20959.9858648407,23286.47939562,TRUE,FALSE,TRUE
12,196712,"p","2020-02-03 17:12:00",672.366666666667,TRUE,672.283333333333,0.0833333333340533,FALSE,TRUE,1210.46363799643,4.03487879328658,14.5255636558317,8.68559536796433,-21920.5449008171,22541.786754089,TRUE,FALSE,TRUE
13,196712,"p","2020-02-04 12:52:00",692.033333333333,TRUE,691.95,0.0833333333329165,FALSE,TRUE,716.804734786003,2.3893491159653,8.60165681747507,1.41338602922964,-16452.2641240154,25424.8502124802,TRUE,TRUE,TRUE
13,196712,"p","2020-02-04 12:57:00",692.116666666667,TRUE,692.033333333333,0.0833333333340533,FALSE,TRUE,716.804722354182,2.3893490744933,8.60165666817587,1.64527820078285,-15733.2202668855,25466.3944716603,TRUE,FALSE,TRUE
13,196712,"o","2020-02-04 12:58:00",692.133333333333,TRUE,692.116666666667,0.0166666666659694,FALSE,TRUE,140.958276784374,2.34930461317119,8.45749660741629,1.87316592606024,-15591.8432424347,25474.9280254756,TRUE,FALSE,TRUE
13,196712,"p","2020-02-04 13:02:00",692.2,TRUE,692.133333333333,0.0666666666670608,FALSE,TRUE,225.754249726978,0.94064270719018,3.38631374588465,1.96018746059757,-15374.9628955966,25541.2766716843,TRUE,FALSE,TRUE
13,196712,"p","2020-02-04 13:07:00",692.283333333333,TRUE,692.2,0.0833333333329165,FALSE,TRUE,279.384949635939,0.931283165457789,3.35261939564804,2.04627304081964,-15106.9021458012,25624.4933569341,TRUE,FALSE,TRUE
13,196712,"p","2020-02-04 13:12:00",692.366666666667,TRUE,692.283333333333,0.0833333333340533,FALSE,TRUE,279.384975495489,0.931283251643585,3.3526197059169,2.13235862951679,-14838.8413960063,25707.7100421779,TRUE,FALSE,TRUE
13,196712,"p","2020-02-04 13:17:00",692.45,TRUE,692.366666666667,0.0833333333330302,FALSE,TRUE,279.385001495348,0.931283338321216,3.35262001795638,2.21844422673857,-14570.7806462108,25790.9267274213,TRUE,FALSE,TRUE
13,196712,"p","2020-02-04 13:22:00",692.533333333333,TRUE,692.45,0.0833333333329165,FALSE,TRUE,279.38502763802,0.931283425464724,3.35262033167301,2.30452983253284,-14302.7198964155,25874.1434126671,TRUE,FALSE,TRUE
13,196712,"p","2020-02-04 13:27:00",692.616666666667,TRUE,692.533333333333,0.0833333333340533,FALSE,TRUE,279.385053922888,0.931283513068247,3.35262064704569,2.39061544694351,-14034.6591466205,25957.3600979059,TRUE,FALSE,TRUE
13,196712,"p","2020-02-04 13:32:00",692.7,TRUE,692.616666666667,0.0833333333330302,FALSE,TRUE,279.385080350652,0.931283601172228,3.35262096422002,2.47670107002286,-13766.5983968251,26040.5767831548,TRUE,FALSE,TRUE
13,196712,"p","2020-02-04 13:37:00",692.783333333333,TRUE,692.7,0.0833333333329165,FALSE,TRUE,279.38510692068,0.931283689740259,3.35262128306493,2.56278670181532,-13498.5376470296,26123.7934684037,TRUE,FALSE,TRUE
13,196712,"p","2020-02-04 13:42:00",692.866666666667,TRUE,692.783333333333,0.0833333333340533,FALSE,TRUE,279.385133630569,0.931283778760518,3.35262160353787,2.64887234236736,-13230.4768972346,26207.0101536379,TRUE,FALSE,TRUE
13,196712,"p","2020-02-04 13:47:00",692.95,TRUE,692.866666666667,0.0833333333330302,FALSE,TRUE,279.385160485945,0.931283868289872,3.35262192584354,2.73495799172946,-12962.4161474394,26290.2268388891,TRUE,FALSE,TRUE
13,196712,"p","2020-02-04 13:52:00",693.033333333333,TRUE,692.95,0.0833333333329165,FALSE,TRUE,279.385187480723,0.931283958273734,3.35262224978544,2.82104364994608,-12694.3553976439,26373.4435241368,TRUE,FALSE,TRUE
13,196712,"p","2020-02-04 13:57:00",693.116666666667,TRUE,693.033333333333,0.0833333333340533,FALSE,TRUE,279.385214619198,0.931284048722614,3.35262257540141,2.90712931706565,-12426.2946478489,26456.6602093704,TRUE,FALSE,TRUE
13,196712,"p","2020-02-04 14:02:00",693.2,TRUE,693.116666666667,0.0833333333330302,FALSE,TRUE,279.385241900354,0.931284139671233,3.35262290281644,2.99321499313667,-12158.2338980534,26539.8768946186,TRUE,FALSE,TRUE
13,196712,"p","2020-02-04 14:07:00",693.283333333333,TRUE,693.2,0.0833333333329165,FALSE,TRUE,279.385269322131,0.931284231078427,3.35262323188234,3.07930067820608,-11890.1731482581,26623.093579866,TRUE,FALSE,TRUE
13,196712,"p","2020-02-04 14:12:00",693.366666666667,TRUE,693.283333333333,0.0833333333340533,FALSE,TRUE,279.385296886349,0.931284322946449,3.35262356260722,3.16538637231848,-11622.1123984629,26706.3102651061,TRUE,FALSE,TRUE
13,196712,"p","2020-02-04 14:17:00",693.45,TRUE,693.366666666667,0.0833333333330302,FALSE,TRUE,279.385324594469,0.931284415318284,3.35262389514582,3.25147207552512,-11354.0516486675,26789.5269503559,TRUE,FALSE,TRUE
13,196712,"p","2020-02-04 14:22:00",693.533333333333,TRUE,693.45,0.0833333333329165,FALSE,TRUE,279.385352443254,0.931284508148839,3.35262422933582,3.33755778787229,-11085.9908988721,26872.7436356012,TRUE,FALSE,TRUE
13,196712,"p","2020-02-04 14:27:00",693.616666666667,TRUE,693.533333333333,0.0833333333340533,FALSE,TRUE,279.38538043422,0.931284601439355,3.35262456518168,3.4236435094052,-10817.9301490771,26955.9603208439,TRUE,FALSE,TRUE
13,196712,"p","2020-02-04 14:32:00",693.7,TRUE,693.616666666667,0.0833333333330302,FALSE,TRUE,279.385408567469,0.931284695228286,3.35262490282183,3.50972924017358,-10549.8693992818,27039.1770060898,TRUE,FALSE,TRUE
13,196712,"p","2020-02-04 14:37:00",693.783333333333,TRUE,693.7,0.0833333333329165,FALSE,TRUE,279.385436844394,0.931284789485973,3.3526252421495,3.59581498022506,-10281.8086494864,27122.393691333,TRUE,FALSE,TRUE
13,196712,"p","2020-02-04 14:42:00",693.866666666667,TRUE,693.783333333333,0.0833333333340533,FALSE,TRUE,279.385465260687,0.931284884194244,3.35262558309928,3.68190072960452,-10013.7478996912,27205.6103765766,TRUE,FALSE,TRUE
13,196712,"p","2020-02-04 14:47:00",693.95,TRUE,693.866666666667,0.0833333333330302,FALSE,TRUE,279.385493821499,0.931284979408384,3.35262592587018,3.76798648836151,-9745.687149896,27288.8270618171,TRUE,FALSE,TRUE
13,196712,"p","2020-02-04 14:52:00",694.033333333333,TRUE,693.95,0.0833333333329165,FALSE,TRUE,279.385522524546,0.93128507508648,3.35262627031133,3.85407225654338,-9477.62640010043,27372.0437470601,TRUE,FALSE,TRUE
13,196712,"p","2020-02-04 14:57:00",694.116666666667,TRUE,694.033333333333,0.0833333333340533,FALSE,TRUE,279.385551368185,0.931285171219236,3.35262661638925,3.94015803419518,-9209.5656503054,27455.2604323116,TRUE,FALSE,TRUE
13,196712,"p","2020-02-04 15:02:00",694.2,TRUE,694.116666666667,0.0833333333330302,FALSE,TRUE,279.385580355734,0.931285267855836,3.35262696428101,4.0262438213683,-8941.50490051008,27538.4771175532,TRUE,FALSE,TRUE
13,196712,"p","2020-02-04 15:07:00",694.283333333333,TRUE,694.2,0.0833333333329165,FALSE,TRUE,279.385609483232,0.931285364948764,3.35262731381555,4.11232961810625,-8673.44415071484,27621.6938027913,TRUE,FALSE,TRUE
13,196712,"p","2020-02-04 15:12:00",694.366666666667,TRUE,694.283333333333,0.0833333333340533,FALSE,TRUE,279.385638755236,0.931285462509407,3.35262766503386,4.19841542445743,-8405.38340091969,27704.9104880424,TRUE,FALSE,TRUE
13,196712,"p","2020-02-04 15:17:00",694.45,TRUE,694.366666666667,0.0833333333330302,FALSE,TRUE,279.385668168808,0.931285560566081,3.35262801803789,4.28450124047141,-8137.3226511242,27788.1271732917,TRUE,FALSE,TRUE
13,196712,"p","2020-02-04 15:22:00",694.533333333333,TRUE,694.45,0.0833333333329165,FALSE,TRUE,279.385697724093,0.931285659084968,3.35262837270589,4.36809879178284,-7869.26190132873,27871.3438585357,TRUE,FALSE,TRUE
13,196712,"p","2020-02-04 15:27:00",694.616666666667,TRUE,694.533333333333,0.0833333333340533,FALSE,TRUE,279.385727420944,0.931285758061768,3.35262872902237,4.22439417122188,-7601.20115153381,27954.5605437718,TRUE,FALSE,TRUE
13,196712,"p","2020-02-04 15:32:00",694.7,TRUE,694.616666666667,0.0833333333330302,FALSE,TRUE,279.385757261433,0.931285857541498,3.35262908714939,4.07858782815871,-7333.14040173835,28037.7772290216,TRUE,FALSE,TRUE
13,196712,"p","2020-02-04 15:37:00",694.783333333333,TRUE,694.7,0.0833333333329165,FALSE,TRUE,279.385787243137,0.931285957481782,3.35262944693441,3.93278150163538,-7065.07965194285,28120.9939142664,TRUE,FALSE,TRUE
13,196712,"p","2020-02-04 15:42:00",694.866666666667,TRUE,694.783333333333,0.0833333333340533,FALSE,TRUE,279.385817367996,0.931286057885273,3.35262980838698,3.78697519088953,-6797.01890214807,28204.2105995167,TRUE,FALSE,TRUE
13,196712,"p","2020-02-04 15:47:00",694.95,TRUE,694.866666666667,0.0833333333330302,FALSE,TRUE,279.385847633851,0.93128615878289,3.3526301716184,3.64116889517129,-6528.95815235266,28287.427284751,TRUE,FALSE,TRUE
13,196712,"p","2020-02-04 15:52:00",695.033333333333,TRUE,694.95,0.0833333333329165,FALSE,TRUE,279.385878043107,0.931286260148347,3.35263053653405,3.4953626137368,-6260.89740255721,28370.6439700003,TRUE,FALSE,TRUE
13,196712,"p","2020-02-04 15:57:00",695.116666666667,TRUE,695.033333333333,0.0833333333340533,FALSE,TRUE,279.385908593055,0.931286361968805,3.3526309030877,3.35356078861656,-5992.83665276207,28453.8606552442,TRUE,FALSE,TRUE
13,196712,"p","2020-02-04 16:02:00",695.2,TRUE,695.116666666667,0.0833333333330302,FALSE,TRUE,279.385939286718,0.931286464292448,3.35263127145281,3.35262516432678,-5724.77590296667,28537.0773404914,TRUE,FALSE,TRUE
13,196712,"p","2020-02-04 16:07:00",695.283333333333,TRUE,695.2,0.0833333333329165,FALSE,TRUE,279.385970120901,0.931286567074329,3.35263164146758,3.35262550448844,-5456.71515317118,28620.2940257253,TRUE,FALSE,TRUE
13,196712,"p","2020-02-04 16:12:00",695.366666666667,TRUE,695.283333333333,0.0833333333340533,FALSE,TRUE,279.386001099038,0.931286670322079,3.35263201315948,3.35262584635629,-5188.65440337621,28703.5107109767,TRUE,FALSE,TRUE
13,196712,"p","2020-02-04 16:17:00",695.45,TRUE,695.366666666667,0.0833333333330302,FALSE,TRUE,279.386032219259,0.931286774067585,3.35263238664331,3.35262618993092,-4920.59365358077,28786.7273962226,TRUE,FALSE,TRUE
13,196712,"p","2020-02-04 16:22:00",695.533333333333,TRUE,695.45,0.0833333333329165,FALSE,TRUE,279.386063480157,0.93128687827185,3.35263276177866,3.35262653521164,-4652.53290378544,28869.9440814689,TRUE,FALSE,TRUE
13,196712,"p","2020-02-04 16:27:00",695.616666666667,TRUE,695.533333333333,0.0833333333340533,FALSE,TRUE,279.386094884396,0.93128698293994,3.35263313858378,3.35262688219881,-4384.47215399023,28953.1607667105,TRUE,FALSE,TRUE
13,196712,"p","2020-02-04 16:32:00",695.7,TRUE,695.616666666667,0.0833333333330302,FALSE,TRUE,279.386126430097,0.931287088103712,3.35263351717336,3.35262723089195,-4116.41140419495,29036.3774519548,TRUE,FALSE,TRUE
13,196712,"p","2020-02-04 16:37:00",695.783333333333,TRUE,695.7,0.0833333333329165,FALSE,TRUE,279.386158118967,0.931287193734548,3.35263389744437,3.35262758129138,-3848.35065439941,29119.5941371986,TRUE,FALSE,TRUE
13,196712,"p","2020-02-04 16:42:00",695.866666666667,TRUE,695.783333333333,0.0833333333340533,FALSE,TRUE,279.386189948883,0.931287299821565,3.35263427935763,3.35262793339749,-3580.28990460439,29202.8108224463,TRUE,FALSE,TRUE
13,196712,"p","2020-02-04 16:47:00",695.95,TRUE,695.866666666667,0.0833333333330302,FALSE,TRUE,279.386221923592,0.931287406415363,3.35263466309531,3.35262828721004,-3312.22915480894,29286.0275076874,TRUE,FALSE,TRUE
13,196712,"p","2020-02-04 16:52:00",696.033333333333,TRUE,695.95,0.0833333333329165,FALSE,TRUE,279.386254035648,0.931287513456817,3.35263504844454,3.35262864272835,-3044.16840501385,29369.244192939,TRUE,FALSE,TRUE
13,196712,"p","2020-02-04 16:57:00",696.116666666667,TRUE,696.033333333333,0.0833333333340533,FALSE,TRUE,279.386286294294,0.931287620972933,3.35263543550256,3.35262899995338,-2776.10765521853,29452.4608781843,TRUE,FALSE,TRUE
13,196712,"p","2020-02-04 17:02:00",696.2,TRUE,696.116666666667,0.0833333333330302,FALSE,TRUE,279.386318693822,0.931287728982796,3.35263582433807,3.35262935888453,-2508.04690542321,29535.6775634278,TRUE,FALSE,TRUE
13,196712,"p","2020-02-04 17:07:00",696.283333333333,TRUE,696.2,0.0833333333329165,FALSE,TRUE,279.386351234445,0.931287837452808,3.35263621483011,3.35262971952197,-2239.98615562789,29618.894248671,TRUE,FALSE,TRUE
13,196712,"p","2020-02-04 17:12:00",696.366666666667,TRUE,696.283333333333,0.0833333333340533,FALSE,TRUE,279.386383918288,0.931287946386248,3.35263660699049,3.35263008186595,-1971.9254058326,29702.1109339172,TRUE,FALSE,TRUE
13,196712,"p","2020-02-04 17:17:00",696.45,TRUE,696.366666666667,0.0833333333330302,FALSE,TRUE,279.386416743891,0.931288055816357,3.35263700093888,3.35263044591576,-1703.86465603715,29785.3276191532,TRUE,FALSE,TRUE
13,196712,"p","2020-02-04 17:22:00",696.533333333333,TRUE,696.45,0.0833333333329165,FALSE,TRUE,279.386449712601,0.931288165713327,3.35263739656798,3.35263081167221,-1435.80390624178,29868.5443044025,TRUE,FALSE,TRUE
13,196712,"p","2020-02-04 17:27:00",696.616666666667,TRUE,696.533333333333,0.0833333333340533,FALSE,TRUE,279.386482822176,0.931288276065874,3.35263779383715,3.35263117913486,-1167.74315644687,29951.760989643,TRUE,FALSE,TRUE
13,196712,"p","2020-02-04 17:32:00",696.7,TRUE,696.616666666667,0.0833333333330302,FALSE,TRUE,279.386516075168,0.931288386920615,3.35263819291422,3.35263154830409,-899.682406651504,30034.9776748878,TRUE,FALSE,TRUE
13,196712,"p","2020-02-04 17:37:00",696.783333333333,TRUE,696.7,0.0833333333329165,FALSE,TRUE,279.386549470529,0.931288498239756,3.35263859366312,3.35263191917947,-631.621656855893,30118.1943601327,TRUE,FALSE,TRUE
13,196712,"p","2020-02-04 17:42:00",696.866666666667,TRUE,696.783333333333,0.0833333333340533,FALSE,TRUE,279.386583006494,0.9312886100136,3.35263899604896,3.35263229176141,-363.560907060822,30201.4110453826,TRUE,FALSE,TRUE
13,196712,"p","2020-02-04 17:47:00",696.95,TRUE,696.866666666667,0.0833333333330302,FALSE,TRUE,279.386616684955,0.931288722286571,3.35263940023166,3.35263266604923,-95.5001572655617,30284.6277306211,TRUE,FALSE,TRUE
13,196712,"p","2020-02-04 17:52:00",697.033333333333,TRUE,696.95,0.0833333333329165,FALSE,TRUE,279.386650505884,0.931288835024271,3.35263980608738,3.352633042043,172.560592529668,30367.844415864,TRUE,FALSE,TRUE
13,196712,"p","2020-02-04 17:57:00",697.116666666667,TRUE,697.033333333333,0.0833333333340533,FALSE,TRUE,279.386684470094,0.9312889482256,3.35264021361216,3.35263341974364,440.621342325027,30451.061101115,TRUE,FALSE,TRUE
13,196712,"p","2020-02-04 18:02:00",697.2,TRUE,697.116666666667,0.0833333333330302,FALSE,TRUE,279.38671857516,0.931289061920586,3.35264062291411,3.35263379915012,708.682092120292,30534.2777863596,TRUE,FALSE,TRUE
13,196712,"p","2020-02-04 18:07:00",697.283333333333,TRUE,697.2,0.0833333333329165,FALSE,TRUE,279.386752823153,0.931289176081834,3.3526410338946,3.35263418026342,976.742841915617,30617.4944716031,TRUE,FALSE,TRUE
13,196712,"p","2020-02-04 18:12:00",697.366666666667,TRUE,697.283333333333,0.0833333333340533,FALSE,TRUE,279.386787213507,0.931289290703644,3.35264144653312,3.35263456308285,1244.80359171097,30700.711156847,TRUE,FALSE,TRUE
13,196712,"p","2020-02-04 18:17:00",697.45,TRUE,697.366666666667,0.0833333333330302,FALSE,TRUE,279.386821745835,0.931289405822839,3.35264186096222,3.35263494760852,1512.86434150631,30783.92784209,TRUE,FALSE,TRUE
13,196712,"o","2020-02-04 18:21:00",697.516666666667,TRUE,697.45,0.0666666666669471,FALSE,TRUE,223.219582213217,0.930081592551159,3.34829373318417,3.35251454095514,1727.02054829933,30850.4605364583,TRUE,FALSE,TRUE
13,196712,"p","2020-02-04 18:22:00",697.533333333333,TRUE,697.516666666667,0.0166666666659694,FALSE,TRUE,45.4469640579318,0.75744940099722,2.72681784358999,3.33513090524869,1770.07985755177,30865.6366243689,TRUE,FALSE,TRUE
13,196712,"p","2020-02-04 18:27:00",697.616666666667,TRUE,697.533333333333,0.0833333333340533,FALSE,TRUE,225.795582395056,0.75265194131035,2.70954698871726,3.31726751362557,1983.91443861231,30941.3137947891,TRUE,FALSE,TRUE
13,196712,"p","2020-02-04 18:32:00",697.7,TRUE,697.616666666667,0.0833333333330302,FALSE,TRUE,225.79560797404,0.752652026582872,2.70954729569834,3.29940412053568,2197.74901967049,31016.9909652106,TRUE,FALSE,TRUE
13,196712,"p","2020-02-04 18:37:00",697.783333333333,TRUE,697.7,0.0833333333329165,FALSE,TRUE,225.795633630946,0.75265211210692,2.70954760358491,3.28154072595785,2411.58360072883,31092.6681356215,TRUE,FALSE,TRUE
13,196712,"p","2020-02-04 18:42:00",697.866666666667,TRUE,697.783333333333,0.0833333333340533,FALSE,TRUE,225.79565936241,0.752652197868198,2.70954791232551,3.26367732986638,2625.41818178681,31168.3453060389,TRUE,FALSE,TRUE
13,196712,"p","2020-02-04 18:47:00",697.95,TRUE,697.866666666667,0.0833333333330302,FALSE,TRUE,225.795685169154,0.752652283899918,2.7095482220397,3.24581393224153,2839.25276284514,31244.0224764562,TRUE,FALSE,TRUE
13,196712,"p","2020-02-04 18:52:00",698.033333333333,TRUE,697.95,0.0833333333329165,FALSE,TRUE,225.795711051482,0.75265237017537,2.70954853263133,3.22795053306219,3053.08734390334,31319.6996468711,TRUE,FALSE,TRUE
13,196712,"p","2020-02-04 18:57:00",698.116666666667,TRUE,698.033333333333,0.0833333333340533,FALSE,TRUE,225.795737008932,0.752652456689938,2.70954884408378,3.21008713230194,3266.92192496143,31395.3768172894,TRUE,FALSE,TRUE
13,196712,"p","2020-02-04 19:02:00",698.2,TRUE,698.116666666667,0.0833333333330302,FALSE,TRUE,225.795763040215,0.752652543470122,2.70954915649244,3.19222372994152,3480.75650601955,31471.0539877031,TRUE,FALSE,TRUE
13,196712,"p","2020-02-04 19:07:00",698.283333333333,TRUE,698.2,0.0833333333329165,FALSE,TRUE,225.795789146879,0.752652630493361,2.7095494697761,3.17436032595865,3694.59108707799,31546.731158117,TRUE,FALSE,TRUE
13,196712,"p","2020-02-04 19:12:00",698.366666666667,TRUE,698.283333333333,0.0833333333340533,FALSE,TRUE,225.795815329702,0.752652717759172,2.70954978393302,3.15649692032781,3908.42566813582,31622.4083285413,TRUE,FALSE,TRUE
13,196712,"p","2020-02-04 19:17:00",698.45,TRUE,698.366666666667,0.0833333333330302,FALSE,TRUE,225.79584158568,0.75265280528834,2.70955009903802,3.13863351302945,4122.26024919394,31698.0854989548,TRUE,FALSE,TRUE
13,196712,"p","2020-02-04 19:22:00",698.533333333333,TRUE,698.45,0.0833333333329165,FALSE,TRUE,225.795867918788,0.752652893066392,2.70955041503901,3.1207701040421,4336.09483025245,31773.762669378,TRUE,FALSE,TRUE
13,196712,"p","2020-02-04 19:27:00",698.616666666667,TRUE,698.533333333333,0.0833333333340533,FALSE,TRUE,225.795894324773,0.752652981076075,2.70955073187387,3.10290669333934,4549.9294113104,31849.4398397931,TRUE,FALSE,TRUE
13,196712,"p","2020-02-04 19:32:00",698.7,TRUE,698.616666666667,0.0833333333330302,FALSE,TRUE,225.79592080726,0.752653069360271,2.70955104969698,3.08504328090191,4763.76399236871,31925.117010203,TRUE,FALSE,TRUE
13,196712,"p","2020-02-04 19:37:00",698.783333333333,TRUE,698.7,0.0833333333329165,FALSE,TRUE,225.795947364007,0.752653157883789,2.70955136838164,3.06717986670813,4977.59857342691,32000.7941806235,TRUE,FALSE,TRUE
13,196712,"p","2020-02-04 19:42:00",698.866666666667,TRUE,698.783333333333,0.0833333333340533,FALSE,TRUE,225.795973996922,0.752653246649904,2.70955168793965,3.04931645073158,5191.433154485,32076.4713510433,TRUE,FALSE,TRUE
13,196712,"p","2020-02-04 19:47:00",698.95,TRUE,698.866666666667,0.0833333333330302,FALSE,TRUE,225.796000702994,0.752653335679385,2.70955200844579,3.03145303295384,5405.26773554332,32152.1485214563,TRUE,FALSE,TRUE
13,196712,"p","2020-02-04 19:52:00",699.033333333333,TRUE,698.95,0.0833333333329165,FALSE,TRUE,225.796027486381,0.752653424958368,2.70955232985012,3.01358961335238,5619.10231660158,32227.8256918714,TRUE,FALSE,TRUE
13,196712,"p","2020-02-04 19:57:00",699.116666666667,TRUE,699.033333333333,0.0833333333340533,FALSE,TRUE,225.796054342116,0.752653514467219,2.70955265208199,2.99572619190083,5832.93689765926,32303.5028622933,TRUE,FALSE,TRUE
13,196712,"p","2020-02-04 20:02:00",699.2,TRUE,699.116666666667,0.0833333333330302,FALSE,TRUE,225.796081274774,0.752653604251985,2.70955297530714,2.97786276858074,6046.7714787176,32379.1800327085,TRUE,FALSE,TRUE
13,196712,"p","2020-02-04 20:07:00",699.283333333333,TRUE,699.2,0.0833333333329165,FALSE,TRUE,225.796108282528,0.752653694278857,2.70955329940389,2.95999934337001,6260.60605977595,32454.8572031255,TRUE,FALSE,TRUE
13,196712,"p","2020-02-04 20:12:00",699.366666666667,TRUE,699.283333333333,0.0833333333340533,FALSE,TRUE,225.796135363966,0.752653784540049,2.70955362434418,2.94213591624237,6474.44064083415,32530.5343735449,TRUE,FALSE,TRUE
13,196712,"p","2020-02-04 20:17:00",699.45,TRUE,699.366666666667,0.0833333333330302,FALSE,TRUE,225.796162521114,0.752653875073119,2.70955395026323,2.92427248717835,6688.27522189215,32606.2115439639,TRUE,FALSE,TRUE
13,196712,"p","2020-02-04 20:22:00",699.533333333333,TRUE,699.45,0.0833333333329165,FALSE,TRUE,225.796189753984,0.752653965850378,2.70955427706136,2.9064090561568,6902.10980295041,32681.8887143817,TRUE,FALSE,TRUE
13,196712,"p","2020-02-04 20:27:00",699.616666666667,TRUE,699.533333333333,0.0833333333340533,FALSE,TRUE,225.796217060867,0.752654056863053,2.70955460470699,2.88854562315105,7115.94438400857,32757.5658847965,TRUE,FALSE,TRUE
13,196712,"p","2020-02-04 20:32:00",699.7,TRUE,699.616666666667,0.0833333333330302,FALSE,TRUE,225.796244442425,0.752654148144155,2.70955493331896,2.87068218814149,7329.77896506699,32833.2430552146,TRUE,FALSE,TRUE
13,196712,"p","2020-02-04 20:37:00",699.783333333333,TRUE,699.7,0.0833333333329165,FALSE,TRUE,225.796271900747,0.75265423967292,2.70955526282251,2.85281875110742,7543.61354612517,32908.9202256312,TRUE,FALSE,TRUE
13,196712,"p","2020-02-04 20:42:00",699.866666666667,TRUE,699.783333333333,0.0833333333340533,FALSE,TRUE,225.796299432817,0.75265433143622,2.70955559317039,2.83495531202239,7757.44812718295,32984.5973960485,TRUE,FALSE,TRUE
13,196712,"p","2020-02-04 20:47:00",699.95,TRUE,699.866666666667,0.0833333333330302,FALSE,TRUE,225.796327039831,0.752654423468842,2.70955592448783,2.81709187086684,7971.28270824143,33060.274566466,TRUE,FALSE,TRUE
13,196712,"p","2020-02-04 20:52:00",700.033333333333,TRUE,699.95,0.0833333333329165,FALSE,TRUE,225.796354721863,0.752654515743308,2.70955625667591,2.79922842761861,8185.11728929972,33135.9517368752,TRUE,FALSE,TRUE
13,196712,"p","2020-02-04 20:57:00",700.116666666667,TRUE,700.033333333333,0.0833333333340533,FALSE,TRUE,225.796382479574,0.752654608258745,2.70955658973148,2.78136498225243,8398.95187035771,33211.6289072934,TRUE,FALSE,TRUE
13,196712,"p","2020-02-04 21:02:00",700.2,TRUE,700.116666666667,0.0833333333330302,FALSE,TRUE,225.796410311432,0.752654701040845,2.70955692374704,2.76350153474833,8612.78645141608,33287.3060777111,TRUE,FALSE,TRUE
13,196712,"p","2020-02-04 21:07:00",700.283333333333,TRUE,700.2,0.0833333333329165,FALSE,TRUE,225.796438219646,0.75265479406925,2.7095572586493,2.74563808508489,8826.62103247435,33362.9832481246,TRUE,FALSE,TRUE
13,196712,"p","2020-02-04 21:12:00",700.366666666667,TRUE,700.283333333333,0.0833333333340533,FALSE,TRUE,225.796466202148,0.752654887333989,2.70955759440236,2.72777463323601,9040.4556135324,33438.6604185517,TRUE,FALSE,TRUE
13,196712,"p","2020-02-04 21:17:00",700.45,TRUE,700.366666666667,0.0833333333330302,FALSE,TRUE,225.79649425865,0.752654980864905,2.70955793111366,2.71003197206738,9254.29019459068,33514.3375889639,TRUE,FALSE,TRUE
13,196712,"p","2020-02-04 21:22:00",700.533333333333,TRUE,700.45,0.0833333333329165,FALSE,TRUE,225.796522392195,0.752655074644414,2.70955826871989,2.7095525394321,9468.12477564897,33590.0147593839,TRUE,FALSE,TRUE
13,196712,"p","2020-02-04 21:27:00",700.616666666667,TRUE,700.533333333333,0.0833333333340533,FALSE,TRUE,225.796550597981,0.752655168653434,2.70955860715236,2.70955286216641,9681.95935670687,33665.6919297975,TRUE,FALSE,TRUE
13,196712,"p","2020-02-04 21:32:00",700.7,TRUE,700.616666666667,0.0833333333330302,FALSE,TRUE,225.79657888083,0.752655262938838,2.70955894657982,2.709553185802,9895.79393776513,33741.3691002153,TRUE,FALSE,TRUE
13,196712,"p","2020-02-04 21:37:00",700.783333333333,TRUE,700.7,0.0833333333329165,FALSE,TRUE,225.796607238854,0.752655357466611,2.7095592868798,2.70955351033797,10109.6285188235,33817.0462706333,TRUE,FALSE,TRUE
13,196712,"o","2020-02-04 21:39:00",700.816666666667,TRUE,700.783333333333,0.0333333333339851,FALSE,TRUE,91.5935039158045,0.763279199283445,2.7478051174204,2.7106162104795,10197.2413468242,33845.1706610647,TRUE,FALSE,TRUE
13,196712,"p","2020-02-04 21:42:00",700.866666666667,TRUE,700.816666666667,0.0500000000000682,FALSE,TRUE,403.748870347464,2.24304927970507,8.07497740693826,2.85965591006001,10554.8009532691,33653.8765883401,TRUE,FALSE,TRUE
13,196712,"o","2020-02-04 21:46:00",700.933333333333,TRUE,700.866666666667,0.0666666666660376,FALSE,TRUE,538.379099409425,2.24324624756044,8.07568649121758,3.00871529779852,11030.8849648475,33397.4885373032,TRUE,FALSE,TRUE
13,196712,"p","2020-02-04 21:47:00",700.95,TRUE,700.933333333333,0.0166666666669926,FALSE,TRUE,9.9919741241176,0.16653290206537,0.599518447435333,2.95010334233606,11026.8225339311,33388.3248500914,TRUE,FALSE,TRUE
13,196712,"p","2020-02-04 21:52:00",701.033333333333,TRUE,700.95,0.0833333333329165,FALSE,TRUE,53.2829927405886,0.17760997580285,0.639395912890261,2.89259908556934,10989.3397572665,33350.1698285144,TRUE,FALSE,TRUE
13,196712,"p","2020-02-04 21:57:00",701.116666666667,TRUE,701.033333333333,0.0833333333340533,FALSE,TRUE,53.2829896088358,0.177609965361251,0.639395875300505,2.83509481905613,10951.8569805717,33312.01480696,TRUE,FALSE,TRUE
13,196712,"p","2020-02-04 22:02:00",701.2,TRUE,701.116666666667,0.0833333333330302,FALSE,TRUE,53.282986465427,0.177609954885403,0.63939583758745,2.77759054276875,10914.3742038769,33273.8597854069,TRUE,FALSE,TRUE
13,196712,"p","2020-02-04 22:07:00",701.283333333333,TRUE,701.2,0.0833333333329165,FALSE,TRUE,53.2829833292905,0.177609944431857,0.639395799954684,2.7200862566831,10876.8914271821,33235.7047638454,TRUE,FALSE,TRUE
13,196712,"p","2020-02-04 22:12:00",701.366666666667,TRUE,701.283333333333,0.0833333333340533,FALSE,TRUE,53.2829801895634,0.177609933963677,0.639395762269237,2.66258196077283,10839.4086504873,33197.5497422886,TRUE,FALSE,TRUE
13,196712,"p","2020-02-04 22:17:00",701.45,TRUE,701.366666666667,0.0833333333330302,FALSE,TRUE,53.28297705104,0.177609923504113,0.639395724614807,2.60507765501563,10801.9258737925,33159.3947207396,TRUE,FALSE,TRUE
13,196712,"p","2020-02-04 22:22:00",701.533333333333,TRUE,701.45,0.0833333333329165,FALSE,TRUE,53.2829739149954,0.177609913050873,0.639395686983143,2.54757333938469,10764.4430970974,33121.2396991756,TRUE,FALSE,TRUE
13,196712,"p","2020-02-04 22:27:00",701.616666666667,TRUE,701.533333333333,0.0833333333340533,FALSE,TRUE,53.2829707307655,0.17760990243435,0.639395648763661,2.49006901383975,10726.9603204502,33083.0846776402,TRUE,FALSE,TRUE
13,196712,"o","2020-02-04 22:28:00",701.633333333333,TRUE,701.616666666667,0.0166666666659694,FALSE,TRUE,5.84174639731615,0.0973624399593424,0.350504783853633,2.42453993317069,10724.8774242979,33077.6074207833,TRUE,FALSE,TRUE
13,196712,"p","2020-02-04 22:32:00",701.7,TRUE,701.633333333333,0.0666666666670608,FALSE,TRUE,815.917449832536,3.3996560409488,12.2387617474157,2.68924020369763,11492.6758573025,33364.4707028411,TRUE,FALSE,TRUE
13,196712,"p","2020-02-04 22:37:00",701.783333333333,TRUE,701.7,0.0833333333329165,FALSE,TRUE,1027.1458488928,3.42381949632645,12.3257501867752,2.95635681083444,12459.1909726022,33725.7419897556,TRUE,FALSE,TRUE
13,196712,"p","2020-02-04 22:42:00",701.866666666667,TRUE,701.783333333333,0.0833333333340533,FALSE,TRUE,1027.14647754092,3.42382159177348,12.3257577303845,3.22347361856507,13425.7060879012,34087.0132766628,TRUE,FALSE,TRUE
13,196712,"p","2020-02-04 22:47:00",701.95,TRUE,701.866666666667,0.0833333333330302,FALSE,TRUE,1027.14711325114,3.42382371084959,12.3257653590585,3.49059062922483,14392.2212032009,34448.2845635827,TRUE,FALSE,TRUE
13,196712,"p","2020-02-04 22:52:00",702.033333333333,TRUE,701.95,0.0833333333329165,FALSE,TRUE,1027.14775601968,3.42382585341606,12.3257730722978,3.75770784513855,15358.736318501,34809.5558504943,TRUE,FALSE,TRUE
13,196712,"p","2020-02-04 22:57:00",702.116666666667,TRUE,702.033333333333,0.0833333333340533,FALSE,TRUE,1027.14840584779,3.42382801946306,12.325780870067,4.02482526863085,16325.2514337996,35170.8271374011,TRUE,FALSE,TRUE
13,196712,"p","2020-02-04 23:02:00",702.2,TRUE,702.116666666667,0.0833333333330302,FALSE,TRUE,1027.14906268243,3.42383020895389,12.325788752234,4.29194290201893,17291.7665490492,35532.0984242976,TRUE,FALSE,TRUE
13,196712,"o","2020-02-04 23:03:00",702.216666666667,TRUE,702.2,0.0166666666669926,FALSE,TRUE,199.246387095499,3.32077311819338,11.9547832254962,4.54875481725323,17479.3676619503,35601.866358849,TRUE,FALSE,TRUE
13,196712,"p","2020-02-04 23:07:00",702.283333333333,TRUE,702.216666666667,0.0666666666659239,FALSE,TRUE,102.012923423844,0.425053847604085,1.53019385137471,4.51599479632733,17412.3169541856,35524.4860715842,TRUE,FALSE,TRUE
13,196712,"p","2020-02-04 23:12:00",702.366666666667,TRUE,702.283333333333,0.0833333333340533,FALSE,TRUE,134.54169746792,0.448472324889192,1.61450036960109,4.48557661400184,17321.3761817172,35424.6528089444,TRUE,FALSE,TRUE
13,196712,"p","2020-02-04 23:17:00",702.45,TRUE,702.366666666667,0.0833333333330302,FALSE,TRUE,134.541676102371,0.4484722536762,1.61450011323432,4.45515841540216,17230.4354092486,35324.8195463034,TRUE,FALSE,TRUE
13,196712,"o","2020-02-04 23:20:00",702.5,TRUE,702.45,0.0499999999999545,FALSE,TRUE,74.4036625787515,0.41335368099344,1.48807325157638,4.42122835035789,17180.4165159378,35269.3638553564,TRUE,FALSE,TRUE
13,196712,"p","2020-02-04 23:22:00",702.533333333333,TRUE,702.5,0.033333333332962,FALSE,TRUE,409.737619405179,3.41448016174787,12.2921285822923,4.68741092418579,17476.6967155847,35554.6734064586,TRUE,FALSE,TRUE
13,196712,"p","2020-02-04 23:27:00",702.616666666667,TRUE,702.533333333333,0.0833333333340533,FALSE,TRUE,1040.17650875959,3.46725502916868,12.4821181050072,4.95887097552832,18228.7611401283,36279.057950812,TRUE,FALSE,TRUE
13,196712,"o","2020-02-04 23:30:00",702.666666666667,TRUE,702.616666666667,0.0499999999999545,FALSE,TRUE,620.837384429205,3.44909658016539,12.4167476885954,5.22851517271899,18678.4463381588,36710.5725985797,TRUE,FALSE,TRUE
13,196712,"p","2020-02-04 23:32:00",702.7,TRUE,702.666666666667,0.0333333333330756,FALSE,TRUE,196.149692243713,1.63458076871025,5.88449076735689,5.31670777948593,18865.5861540432,36772.2837571372,TRUE,FALSE,TRUE
13,196712,"p","2020-02-04 23:37:00",702.783333333333,TRUE,702.7,0.0833333333329165,FALSE,TRUE,484.306518934394,1.61435506312272,5.8116782272418,5.40287780639128,19329.5520520132,36918.7714564116,TRUE,FALSE,TRUE
13,196712,"p","2020-02-04 23:42:00",702.866666666667,TRUE,702.783333333333,0.0833333333340533,FALSE,TRUE,484.306653370754,1.6143555112219,5.81167984039883,5.48904786878007,19793.5179499827,37065.2591556862,TRUE,FALSE,TRUE
13,196712,"p","2020-02-04 23:47:00",702.95,TRUE,702.866666666667,0.0833333333330302,FALSE,TRUE,484.306788547872,1.61435596183211,5.81168146259561,5.57521796687679,20257.4838479526,37211.746854967,TRUE,FALSE,TRUE
13,196712,"p","2020-02-04 23:52:00",703.033333333333,TRUE,702.95,0.0833333333329165,FALSE,TRUE,484.306924466037,1.61435641489486,5.81168309362151,5.66138810090183,20721.4497459227,37358.2345542403,TRUE,FALSE,TRUE
13,196712,"p","2020-02-04 23:57:00",703.116666666667,TRUE,703.033333333333,0.0833333333340533,FALSE,TRUE,484.307061124194,1.61435687040003,5.81168473344012,5.74755827107649,21185.4156438923,37504.7222535173,TRUE,FALSE,TRUE
13,196712,"p","2020-02-05 00:02:00",703.2,TRUE,703.116666666667,0.0833333333330302,FALSE,TRUE,484.307198522298,1.61435732841353,5.81168638228872,5.83372847762396,21649.3815418624,37651.2099527846,TRUE,FALSE,TRUE
13,196712,"p","2020-02-05 00:07:00",703.283333333333,TRUE,703.2,0.0833333333329165,FALSE,TRUE,484.307336662261,1.61435778888228,5.8116880399762,5.91989872076553,22113.3474398323,37797.6976520647,TRUE,FALSE,TRUE
13,196712,"p","2020-02-05 00:12:00",703.366666666667,TRUE,703.283333333333,0.0833333333340533,FALSE,TRUE,484.30747554133,1.61435825179048,5.81168970644574,6.00500662601623,22577.3133378019,37944.1853513447,TRUE,FALSE,TRUE
13,196712,"p","2020-02-05 00:17:00",703.45,TRUE,703.366666666667,0.0833333333330302,FALSE,TRUE,484.307615161696,1.61435871721153,5.81169138196149,5.94213756976688,23041.2792357721,38090.6730506195,TRUE,FALSE,TRUE
13,196712,"p","2020-02-05 00:22:00",703.533333333333,TRUE,703.45,0.0833333333329165,FALSE,TRUE,484.307755523109,1.61435918508511,5.81169306630638,5.87924886351935,23505.245133742,38237.1607498887,TRUE,FALSE,TRUE
13,196712,"p","2020-02-05 00:27:00",703.616666666667,TRUE,703.533333333333,0.0833333333340533,FALSE,TRUE,484.307896623754,1.61435965539857,5.81169475943483,6.02403153885267,23969.2110317115,38383.6484491647,TRUE,FALSE,TRUE
13,196712,"p","2020-02-05 00:32:00",703.7,TRUE,703.616666666667,0.0833333333330302,FALSE,TRUE,484.308038466362,1.61436012822708,5.81169646161749,6.16770655409509,24433.1769296816,38530.1361484444,TRUE,FALSE,TRUE
13,196712,"p","2020-02-05 00:37:00",703.783333333333,TRUE,703.7,0.0833333333329165,FALSE,TRUE,483.77992634578,1.612599754494,5.8053591161784,6.31120553300836,24897.2137742519,38674.6310483592,TRUE,FALSE,TRUE
13,196712,"o","2020-02-05 00:42:00",703.866666666667,TRUE,703.783333333333,0.0833333333340533,FALSE,TRUE,521.110535309517,1.73703511768338,6.25332642366017,6.46714804928816,25373.029798169,38456.4830223515,TRUE,FALSE,TRUE
13,196712,"p","2020-02-05 00:47:00",703.95,TRUE,703.866666666667,0.0833333333330302,FALSE,TRUE,404.728032049211,1.34909344016894,4.8567363846082,6.58429639886187,25622.08568318,38777.3411669795,TRUE,FALSE,TRUE
13,196712,"p","2020-02-05 00:52:00",704.033333333333,TRUE,703.95,0.0833333333329165,FALSE,TRUE,406.308606749555,1.35436202250529,4.87570328101905,6.70197160771603,25869.9051378805,39101.1482351336,TRUE,FALSE,TRUE
13,196712,"p","2020-02-05 00:57:00",704.116666666667,TRUE,704.033333333333,0.0833333333340533,FALSE,TRUE,406.308822483258,1.35436274159916,4.87570586975697,6.81964688952554,26117.7245925807,39424.9553032831,TRUE,FALSE,TRUE
13,196712,"o","2020-02-05 00:59:00",704.15,TRUE,704.116666666667,0.033333333332962,FALSE,TRUE,159.645599789152,1.33037999825775,4.7893679937279,6.93492389804622,26217.0973821402,39550.6343128579,TRUE,FALSE,TRUE
13,196712,"p","2020-02-05 01:02:00",704.2,TRUE,704.15,0.0500000000000682,FALSE,TRUE,288.075509948578,1.60041949971214,5.76151019896369,7.077204857774,26392.8069963492,39321.0459572253,TRUE,FALSE,TRUE
13,196712,"o","2020-02-05 01:06:00",704.266666666667,TRUE,704.2,0.0666666666669471,FALSE,TRUE,386.128946922337,1.60887061216963,5.79193420381068,7.22835567499503,26626.1956669695,39011.7007445498,TRUE,FALSE,TRUE
13,196712,"p","2020-02-05 01:07:00",704.283333333333,TRUE,704.266666666667,0.0166666666659694,FALSE,TRUE,17.3412190832829,0.289020318066806,1.0404731450405,6.91729210270683,26640.9063603345,39002.3799135869,TRUE,FALSE,TRUE
13,196712,"p","2020-02-05 01:12:00",704.366666666667,TRUE,704.283333333333,0.0833333333340533,FALSE,TRUE,76.6673966662466,0.255557988885281,0.920008759987011,6.60046595196271,26708.372367736,38965.2641841028,TRUE,FALSE,TRUE
13,196712,"p","2020-02-05 01:17:00",704.45,TRUE,704.366666666667,0.0833333333330302,FALSE,TRUE,76.6673932402982,0.25555797746859,0.920008718886925,6.28363959053223,26775.8383751271,38928.1484546162,TRUE,FALSE,TRUE
13,196712,"p","2020-02-05 01:22:00",704.533333333333,TRUE,704.45,0.0833333333329165,FALSE,TRUE,76.6673898320131,0.255557966107989,0.920008677988759,5.96681301605807,26843.304382518,38891.0327251422,TRUE,FALSE,TRUE
13,196712,"p","2020-02-05 01:27:00",704.616666666667,TRUE,704.533333333333,0.0833333333340533,FALSE,TRUE,76.6673864278726,0.255557954757367,0.920008637126523,5.6499862261922,26910.7703899088,38853.916995657,TRUE,FALSE,TRUE
13,196712,"p","2020-02-05 01:32:00",704.7,TRUE,704.616666666667,0.0833333333330302,FALSE,TRUE,76.6673830263659,0.255557943422149,0.920008596319737,5.33315921858811,26978.2363972995,38816.8012661767,TRUE,FALSE,TRUE
13,196712,"p","2020-02-05 01:37:00",704.783333333333,TRUE,704.7,0.0833333333329165,FALSE,TRUE,76.6673796279941,0.255557932094592,0.920008555540531,5.01633199090218,27045.7024046907,38779.6855367007,TRUE,FALSE,TRUE
13,196712,"p","2020-02-05 01:42:00",704.866666666667,TRUE,704.783333333333,0.0833333333340533,FALSE,TRUE,76.6673762327785,0.25555792077372,0.920008514785393,4.70981047116021,27113.1684120813,38742.5698072242,TRUE,FALSE,TRUE
13,196712,"p","2020-02-05 01:47:00",704.95,TRUE,704.866666666667,0.0833333333330302,FALSE,TRUE,76.6673728617644,0.255557909540144,0.92000847434452,4.69286087735382,27180.6344194992,38705.4540777506,TRUE,FALSE,TRUE
13,196712,"o","2020-02-05 01:48:00",704.966666666667,TRUE,704.95,0.0166666666669926,FALSE,TRUE,17.9244230750129,0.298740384577706,1.07546538447974,4.67788768332267,27197.1563956338,38698.2981156046,TRUE,FALSE,TRUE
13,196712,"p","2020-02-05 01:52:00",705.033333333333,TRUE,704.966666666667,0.0666666666659239,FALSE,TRUE,498.01505616849,2.07506273405849,7.47022584261058,4.8405467313609,27697.4650086347,38707.9791035398,TRUE,FALSE,TRUE
13,196712,"p","2020-02-05 01:57:00",705.116666666667,TRUE,705.033333333333,0.0833333333340533,FALSE,TRUE,626.292607746623,2.08764202580404,7.51551129289454,5.00797556584196,28326.63674324,38720.4143181671,TRUE,FALSE,TRUE
13,196712,"p","2020-02-05 02:02:00",705.2,TRUE,705.116666666667,0.0833333333330302,FALSE,TRUE,626.292691730353,2.08764230577544,7.51551230079158,4.87529178024471,28955.808477846,38732.8495327983,TRUE,FALSE,TRUE
13,196712,"p","2020-02-05 02:07:00",705.283333333333,TRUE,705.2,0.0833333333329165,FALSE,TRUE,626.292777317875,2.08764259107002,7.51551332785209,4.73733053643485,29584.980212452,38745.2847474111,TRUE,FALSE,TRUE
13,196712,"o","2020-02-05 02:12:00",705.366666666667,TRUE,705.283333333333,0.0833333333340533,FALSE,TRUE,623.150195835449,2.07716731943355,7.47780234996078,4.60013761036166,30211.0102533349,38756.8556901546,TRUE,FALSE,TRUE
13,196712,"p","2020-02-05 02:17:00",705.45,TRUE,705.366666666667,0.0833333333330302,FALSE,TRUE,154.673951246868,0.515579837491435,1.85608741496917,4.48823751723978,30260.6763929047,38609.8704044656,TRUE,FALSE,TRUE
13,196712,"o","2020-02-05 02:19:00",705.483333333333,TRUE,705.45,0.033333333332962,FALSE,TRUE,60.0558411886569,0.500465343244384,1.80167523567978,4.37684854525195,30277.1725519696,38551.9358995794,TRUE,FALSE,TRUE
13,196712,"p","2020-02-05 02:22:00",705.533333333333,TRUE,705.483333333333,0.0499999999999545,FALSE,TRUE,208.885596201576,1.16047553445425,4.17771192403531,4.33146054757518,30072.0102731803,38596.1412443812,TRUE,FALSE,TRUE
13,196712,"p","2020-02-05 02:27:00",705.616666666667,TRUE,705.533333333333,0.0833333333340533,FALSE,TRUE,351.994357158653,1.17331452385204,4.22393228586734,4.28735640377718,29726.5504430755,38671.8256826363,TRUE,FALSE,TRUE
13,196712,"p","2020-02-05 02:32:00",705.7,TRUE,705.616666666667,0.0833333333330302,FALSE,TRUE,351.994373986501,1.17331457995927,4.22393248785338,4.24325222028362,29381.090613004,38747.5101208948,TRUE,FALSE,TRUE
13,196712,"o","2020-02-05 02:33:00",705.716666666667,TRUE,705.7,0.0166666666669926,FALSE,TRUE,66.8702806103106,1.11450467681672,4.01221683654018,4.19326700092529,29315.8519951129,38763.5605202721,TRUE,FALSE,TRUE
13,196712,"p","2020-02-05 02:37:00",705.783333333333,TRUE,705.716666666667,0.0666666666659239,FALSE,TRUE,349.326476977968,1.45552698742442,5.23989715472791,4.17738396682637,29607.333325165,38958.7278575055,TRUE,FALSE,TRUE
13,196712,"o","2020-02-05 02:42:00",705.866666666667,TRUE,705.783333333333,0.0833333333340533,FALSE,TRUE,440.960966263951,1.4698698875338,5.2915315951217,4.16293517669153,29975.8162839386,39204.2840232934,TRUE,FALSE,TRUE
13,196712,"p","2020-02-05 02:47:00",705.95,TRUE,705.866666666667,0.0833333333330302,FALSE,TRUE,407.459749257059,1.35819916419514,4.8895169911025,4.13731926793199,30218.5602270349,39533.3320461558,TRUE,FALSE,TRUE
13,196712,"p","2020-02-05 02:52:00",706.033333333333,TRUE,705.95,0.0833333333329165,FALSE,TRUE,406.008955985056,1.35336318662362,4.87210747184504,4.1112197148732,30461.3858019691,39860.510914287,TRUE,FALSE,TRUE
13,196712,"p","2020-02-05 02:57:00",706.116666666667,TRUE,706.033333333333,0.0833333333340533,FALSE,TRUE,394.321082088802,1.31440360695132,4.73185298502474,4.08122415705982,30844.9262777466,39761.2894789938,TRUE,FALSE,TRUE
13,196712,"p","2020-02-05 03:02:00",706.2,TRUE,706.116666666667,0.0833333333330302,FALSE,TRUE,395.646743436531,1.31882247812657,4.74776092125565,4.05167043933262,31229.2337743594,39659.7437843951,TRUE,FALSE,TRUE
13,196712,"p","2020-02-05 03:07:00",706.283333333333,TRUE,706.2,0.0833333333329165,FALSE,TRUE,395.646713209767,1.31882237737249,4.74776055854096,4.02211666424716,31613.5412709723,39558.1980898073,TRUE,FALSE,TRUE
13,196712,"p","2020-02-05 03:12:00",706.366666666667,TRUE,706.283333333333,0.0833333333340533,FALSE,TRUE,395.646683386301,1.31882227794294,4.7477602005946,3.99273891659206,31997.8487675844,39456.6523952176,TRUE,FALSE,TRUE
13,196712,"p","2020-02-05 03:17:00",706.45,TRUE,706.366666666667,0.0833333333330302,FALSE,TRUE,395.646653967785,1.31882217989742,4.7477598476307,3.95091762281346,32382.1562641969,39355.1067006299,TRUE,FALSE,TRUE
13,196712,"p","2020-02-05 03:22:00",706.533333333333,TRUE,706.45,0.0833333333329165,FALSE,TRUE,395.646624953125,1.31882208318368,4.74775949946125,3.94789048711494,32766.4637608097,39253.5610060381,TRUE,FALSE,TRUE
13,196712,"p","2020-02-05 03:27:00",706.616666666667,TRUE,706.533333333333,0.0833333333340533,FALSE,TRUE,395.646596341576,1.31882198779386,4.74775915605789,3.94433648364379,33150.771257422,39152.0153114455,TRUE,FALSE,TRUE
13,196712,"p","2020-02-05 03:32:00",706.7,TRUE,706.616666666667,0.0833333333330302,FALSE,TRUE,395.646568136192,1.3188218937921,4.74775881765157,3.94078239886309,33535.0787540347,39050.4696168512,TRUE,FALSE,TRUE
13,196712,"p","2020-02-05 03:37:00",706.783333333333,TRUE,706.7,0.0833333333329165,FALSE,TRUE,395.646540332708,1.31882180111562,4.74775848401624,3.93962657914887,33919.3862506475,38948.9239222621,TRUE,FALSE,TRUE
13,196712,"p","2020-02-05 03:42:00",706.866666666667,TRUE,706.783333333333,0.0833333333340533,FALSE,TRUE,395.646512933564,1.31882170976715,4.74775815516175,3.91146680015438,34303.6937472599,38847.3782276705,TRUE,FALSE,TRUE
13,196712,"p","2020-02-05 03:47:00",706.95,TRUE,706.866666666667,0.0833333333330302,FALSE,TRUE,395.64648593951,1.31882161980317,4.7477578312914,3.88246190091773,34688.0012438725,38745.8325330844,TRUE,FALSE,TRUE
13,196712,"p","2020-02-05 03:52:00",707.033333333333,TRUE,706.95,0.0833333333329165,FALSE,TRUE,395.646459348235,1.31882153116738,4.74775751220257,3.98544202222779,35072.3087404853,38644.2868384908,TRUE,FALSE,TRUE
13,196712,"o","2020-02-05 03:54:00",707.066666666667,TRUE,707.033333333333,0.0333333333339851,FALSE,TRUE,157.563560563482,1.31302967133667,4.72690681681202,4.09118919047293,35225.6678913276,38605.039318148,TRUE,FALSE,TRUE
13,196712,"p","2020-02-05 03:57:00",707.116666666667,TRUE,707.066666666667,0.0500000000000682,FALSE,TRUE,209.825782963655,1.16569879424094,4.19651565926738,4.18220327215016,35416.1294892446,38695.2706148487,TRUE,FALSE,TRUE
13,196712,"p","2020-02-05 04:02:00",707.2,TRUE,707.116666666667,0.0833333333330302,FALSE,TRUE,350.149078608084,1.16716359536453,4.2017889433123,4.27336383507581,35732.9590727692,38847.9407051918,TRUE,FALSE,TRUE
13,196712,"p","2020-02-05 04:07:00",707.283333333333,TRUE,707.2,0.0833333333329165,FALSE,TRUE,350.149185007693,1.16716395003148,4.20179022011333,4.36452443460323,36049.7886562934,39000.6107955211,TRUE,FALSE,TRUE
13,196712,"o","2020-02-05 04:12:00",707.366666666667,TRUE,707.283333333333,0.0833333333340533,FALSE,TRUE,348.094948547757,1.16031649514917,4.177139382537,4.45500028977593,36365.0225440789,39151.8399593855,TRUE,FALSE,TRUE
13,196712,"p","2020-02-05 04:17:00",707.45,TRUE,707.366666666667,0.0833333333330302,FALSE,TRUE,114.993567792352,0.383311892642569,1.37992281351325,4.46777568583073,36387.5157949001,39038.7219041562,TRUE,FALSE,TRUE
13,196712,"o","2020-02-05 04:21:00",707.516666666667,TRUE,707.45,0.0666666666669471,FALSE,TRUE,91.6774598018463,0.38198941583942,1.37516189702191,4.48041883533729,36404.0717761138,38948.2778895398,TRUE,FALSE,TRUE
13,196712,"p","2020-02-05 04:22:00",707.533333333333,TRUE,707.516666666667,0.0166666666659694,FALSE,TRUE,20.5208151561518,0.342013585950172,1.23124890942062,4.4890644029783,36402.4022305423,38968.7900716779,TRUE,FALSE,TRUE
13,196712,"o","2020-02-05 04:27:00",707.616666666667,TRUE,707.533333333333,0.0833333333340533,FALSE,TRUE,107.94160802793,0.359805360089992,1.29529929632397,4.49517090052953,36393.5056365579,39076.6769093802,TRUE,FALSE,TRUE
13,196712,"p","2020-02-05 04:32:00",707.7,TRUE,707.616666666667,0.0833333333330302,FALSE,TRUE,43.114093700097,0.143713645667513,0.517369124403046,4.30203599169043,36432.5733807504,39057.9922744274,TRUE,FALSE,TRUE
13,196712,"p","2020-02-05 04:37:00",707.783333333333,TRUE,707.7,0.0833333333329165,FALSE,TRUE,43.6489647324261,0.145496549108815,0.523787576791734,4.10782144402091,36471.9025730657,39038.6177128429,TRUE,FALSE,TRUE
13,196712,"p","2020-02-05 04:42:00",707.866666666667,TRUE,707.783333333333,0.0833333333340533,FALSE,TRUE,43.6489638573609,0.145496546189946,0.523787566283805,3.91360686806236,36511.2317653813,39019.2431512527,TRUE,FALSE,TRUE
13,196712,"p","2020-02-05 04:47:00",707.95,TRUE,707.866666666667,0.0833333333330302,FALSE,TRUE,43.6489629836602,0.145496543279397,0.523787555805828,3.71939226328329,36550.5609576968,38999.8685896788,TRUE,FALSE,TRUE
13,196712,"p","2020-02-05 04:52:00",708.033333333333,TRUE,707.95,0.0833333333329165,FALSE,TRUE,43.6489621097202,0.145496540366462,0.523787545319263,3.52622518537658,36589.8901500124,38980.4940280996,TRUE,FALSE,TRUE
13,196712,"p","2020-02-05 04:57:00",708.116666666667,TRUE,708.033333333333,0.0833333333340533,FALSE,TRUE,43.6489612374858,0.145496537457029,0.523787534845304,3.48921685537314,36629.2193423279,38961.1194665098,TRUE,FALSE,TRUE
13,196712,"p","2020-02-05 05:02:00",708.2,TRUE,708.116666666667,0.0833333333330302,FALSE,TRUE,43.648960365286,0.145496534551482,0.523787524385337,3.45371997450385,36668.5485346433,38941.7449049205,TRUE,FALSE,TRUE
13,196712,"p","2020-02-05 05:07:00",708.283333333333,TRUE,708.2,0.0833333333329165,FALSE,TRUE,43.6489594918935,0.145496531640373,0.523787513905343,3.35222207422247,36707.8777269588,38922.3703433405,TRUE,FALSE,TRUE
13,196712,"p","2020-02-05 05:12:00",708.366666666667,TRUE,708.283333333333,0.0833333333340533,FALSE,TRUE,43.6489586216054,0.145496528737428,0.523787503454739,3.249440274711,36747.2069192742,38902.9957817563,TRUE,FALSE,TRUE
13,196712,"p","2020-02-05 05:17:00",708.45,TRUE,708.366666666667,0.0833333333330302,FALSE,TRUE,43.6489577502956,0.145496525834848,0.523787493005452,3.14665846929856,36786.5361115898,38883.6212201701,TRUE,FALSE,TRUE
13,196712,"p","2020-02-05 05:22:00",708.533333333333,TRUE,708.45,0.0833333333329165,FALSE,TRUE,43.6489568806927,0.14549652293637,0.523787482570933,3.04975765391053,36825.8653039054,38864.2466585981,TRUE,FALSE,TRUE
13,196712,"p","2020-02-05 05:27:00",708.616666666667,TRUE,708.533333333333,0.0833333333340533,FALSE,TRUE,43.6489560111262,0.14549652003583,0.523787472128988,2.91875460717167,36865.1944962208,38844.8720970116,TRUE,FALSE,TRUE
13,196712,"p","2020-02-05 05:32:00",708.7,TRUE,708.616666666667,0.0833333333330302,FALSE,TRUE,43.6489551417664,0.145496517139751,0.523787461703103,2.78631727013226,36904.5236885363,38825.4975354163,TRUE,FALSE,TRUE
13,196712,"o","2020-02-05 05:35:00",708.75,TRUE,708.7,0.0499999999999545,FALSE,TRUE,25.927335305021,0.144040751694692,0.518546706100892,2.66490142888222,36927.8343900167,38813.8871232273,TRUE,FALSE,TRUE
13,196712,"p","2020-02-05 05:37:00",708.783333333333,TRUE,708.75,0.033333333332962,FALSE,TRUE,8.48769131483613,0.0707307609577558,0.254630739447921,2.53663818631563,36922.5762878812,38807.1856212871,TRUE,FALSE,TRUE
13,196712,"p","2020-02-05 05:42:00",708.866666666667,TRUE,708.783333333333,0.0833333333340533,FALSE,TRUE,21.6389875682902,0.0721299585603441,0.259667850817239,2.41241082147654,36908.7139977701,38790.4676783341,TRUE,FALSE,TRUE
13,196712,"p","2020-02-05 05:47:00",708.95,TRUE,708.866666666667,0.0833333333330302,FALSE,TRUE,21.6389869508525,0.0721299565031041,0.259667843411175,2.28774156931419,36894.8517076591,38773.7497353788,TRUE,FALSE,TRUE
13,196712,"p","2020-02-05 05:52:00",709.033333333333,TRUE,708.95,0.0833333333329165,FALSE,TRUE,21.6389863328444,0.0721299544431754,0.259667835995431,2.16307232702126,36880.989417548,38757.0317924244,TRUE,FALSE,TRUE
13,196712,"p","2020-02-05 05:57:00",709.116666666667,TRUE,709.033333333333,0.0833333333340533,FALSE,TRUE,21.6389857165781,0.0721299523879706,0.259667828596694,2.03840309446576,36867.1271274366,38740.3138494649,TRUE,FALSE,TRUE
13,196712,"p","2020-02-05 06:02:00",709.2,TRUE,709.116666666667,0.0833333333330302,FALSE,TRUE,21.6389850984065,0.0721299503282841,0.259667821181823,1.91373387150885,36853.2648373256,38723.5959065143,TRUE,FALSE,TRUE
13,196712,"p","2020-02-05 06:07:00",709.283333333333,TRUE,709.2,0.0833333333329165,FALSE,TRUE,21.638984480761,0.0721299482695643,0.259667813770431,1.78906465801744,36839.4025472147,38706.8779635616,TRUE,FALSE,TRUE
13,196712,"p","2020-02-05 06:12:00",709.366666666667,TRUE,709.283333333333,0.0833333333340533,FALSE,TRUE,21.63898386388,0.0721299462123103,0.259667806364317,1.66439545385928,36825.5402571035,38690.1600206014,TRUE,FALSE,TRUE
13,196712,"p","2020-02-05 06:17:00",709.45,TRUE,709.366666666667,0.0833333333330302,FALSE,TRUE,21.6389832452128,0.0721299441509719,0.259667798943499,1.53972625889517,36811.6779669925,38673.4420776539,TRUE,FALSE,TRUE
13,196712,"p","2020-02-05 06:22:00",709.533333333333,TRUE,709.45,0.0833333333329165,FALSE,TRUE,21.6389826292649,0.0721299420979106,0.259667791552478,1.4150570729934,36797.8156768814,38656.7241346963,TRUE,FALSE,TRUE
13,196712,"p","2020-02-05 06:27:00",709.616666666667,TRUE,709.533333333333,0.0833333333340533,FALSE,TRUE,21.6389820105534,0.0721299400345549,0.259667784124398,1.29038789602014,36783.9533867704,38640.0061917407,TRUE,FALSE,TRUE
13,196712,"o","2020-02-05 07:17:00",710.45,TRUE,710.366666666667,0.0833333333330302,FALSE,TRUE,1253.69620144819,4.17898733817583,15.044354417433,1.21318749680544,34459.9804126678,39724.9241776703,TRUE,FALSE,TRUE
13,196712,"p","2020-02-05 07:22:00",710.533333333333,TRUE,710.45,0.0833333333329165,FALSE,TRUE,236.114250460477,0.787047501538862,2.8333710055399,1.25591171095033,34691.9766795841,39675.3779984633,TRUE,FALSE,TRUE
13,196712,"p","2020-02-05 07:27:00",710.616666666667,TRUE,710.533333333333,0.0833333333340533,FALSE,TRUE,243.95076750634,0.813169225014108,2.92740921005079,1.32285726888499,34931.2493087575,39622.2501180938,TRUE,FALSE,TRUE
13,196712,"p","2020-02-05 07:32:00",710.7,TRUE,710.616666666667,0.0833333333330302,FALSE,TRUE,243.950761039751,0.813169203468795,2.92740913248766,1.38962453432099,35170.5219379312,39569.1222377295,TRUE,FALSE,TRUE
13,196712,"o","2020-02-05 07:34:00",710.733333333333,TRUE,710.7,0.033333333332962,FALSE,TRUE,96.0663060301163,0.800552550259888,2.8819891809356,1.45513013472798,35264.3040075121,39546.3076871515,TRUE,FALSE,TRUE
13,196712,"p","2020-02-05 07:37:00",710.783333333333,TRUE,710.733333333333,0.0499999999999545,FALSE,TRUE,214.939480328131,1.19410822404626,4.29878960656654,1.55999130280467,35195.3718406697,39342.0289867279,TRUE,FALSE,TRUE
13,196712,"o","2020-02-05 07:38:00",710.8,TRUE,710.783333333333,0.0166666666669926,FALSE,TRUE,72.0078304394052,1.20013050729995,4.32046982627983,1.66545469949802,35171.7700446837,39273.7657141265,TRUE,FALSE,TRUE
13,196712,"p","2020-02-05 07:42:00",710.866666666667,TRUE,710.8,0.0666666666670608,FALSE,TRUE,240.201789325223,1.00084078884918,3.60302683985705,1.75098912463723,35079.9320105561,39050.9994303112,TRUE,FALSE,TRUE
13,196712,"o","2020-02-05 07:46:00",710.933333333333,TRUE,710.866666666667,0.0666666666660376,FALSE,TRUE,238.233536058241,0.992639733585371,3.57350304090734,1.83570344454062,34988.8848864295,38830.0426814653,TRUE,FALSE,TRUE
13,196712,"p","2020-02-05 07:47:00",710.95,TRUE,710.933333333333,0.0166666666669926,FALSE,TRUE,5.73430895683191,0.0955718159453297,0.344058537403187,1.83071097297111,34993.8280488082,38827.0878509329,TRUE,FALSE,TRUE
13,196712,"p","2020-02-05 07:52:00",711.033333333333,TRUE,710.95,0.0833333333329165,FALSE,TRUE,29.405840360622,0.0980194678692303,0.352870084329229,1.82596326688429,35022.4088090414,38819.6075712419,TRUE,FALSE,TRUE
13,196712,"p","2020-02-05 07:57:00",711.116666666667,TRUE,711.033333333333,0.0833333333340533,FALSE,TRUE,29.4058402214709,0.0980194674040561,0.352870082654602,1.82121556104122,35050.9895692816,38812.1272915557,TRUE,FALSE,TRUE
13,196712,"p","2020-02-05 08:02:00",711.2,TRUE,711.116666666667,0.0833333333330302,FALSE,TRUE,29.4058400791239,0.0980194669307694,0.35287008095077,1.81646785544066,35079.5703295218,38804.6470118734,TRUE,FALSE,TRUE
13,196712,"p","2020-02-05 08:07:00",711.283333333333,TRUE,711.2,0.0833333333329165,FALSE,TRUE,29.4058399381178,0.0980194664608829,0.352870079259179,1.81172015008316,35108.151089762,38797.1667321907,TRUE,FALSE,TRUE
13,196712,"p","2020-02-05 08:12:00",711.366666666667,TRUE,711.283333333333,0.0833333333340533,FALSE,TRUE,29.4058397963538,0.0980194659869993,0.352870077553197,1.80697244496789,35136.731850002,38789.686452507,TRUE,FALSE,TRUE
13,196712,"p","2020-02-05 08:17:00",711.45,TRUE,711.366666666667,0.0833333333330302,FALSE,TRUE,29.4058396543619,0.0980194655148963,0.352870075853627,1.80237031634991,35165.312610242,38782.2061728193,TRUE,FALSE,TRUE
13,196712,"p","2020-02-05 08:22:00",711.533333333333,TRUE,711.45,0.0833333333329165,FALSE,TRUE,29.4058395138943,0.0980194650468045,0.352870074168496,1.80509918675881,35193.8933704823,38774.7258931433,TRUE,FALSE,TRUE
13,196712,"o","2020-02-05 08:26:00",711.6,TRUE,711.533333333333,0.0666666666670608,FALSE,TRUE,21.9859897031318,0.0916082904291741,0.329789845545027,1.80704701994569,35214.9981083941,38768.2092652642,TRUE,FALSE,TRUE
13,196712,"p","2020-02-05 08:27:00",711.616666666667,TRUE,711.6,0.0166666666669926,FALSE,TRUE,61.1197097425235,1.01866182902214,3.6671825844797,1.9017002071976,35157.1982803012,38747.4980601207,TRUE,FALSE,TRUE
13,196712,"p","2020-02-05 08:32:00",711.7,TRUE,711.616666666667,0.0833333333330302,FALSE,TRUE,314.738152185261,1.04912717395469,3.77685782623687,1.99939992914875,34859.3997885256,38641.2800137858,TRUE,FALSE,TRUE
13,196712,"p","2020-02-05 08:37:00",711.783333333333,TRUE,711.7,0.0833333333329165,FALSE,TRUE,314.738080597283,1.04912693532952,3.77685696718629,2.0970996274429,34561.6012967345,38535.0619674487,TRUE,FALSE,TRUE
13,196712,"p","2020-02-05 08:42:00",711.866666666667,TRUE,711.783333333333,0.0833333333340533,FALSE,TRUE,314.738009194748,1.04912669730676,3.77685611030435,2.19479930214075,34263.8028049438,38428.8439211097,TRUE,FALSE,TRUE
13,196712,"p","2020-02-05 08:47:00",711.95,TRUE,711.866666666667,0.0833333333330302,FALSE,TRUE,314.73793799775,1.04912645999632,3.77685525598674,2.29249895331343,33966.0043131527,38322.6258747624,TRUE,FALSE,TRUE
13,196712,"p","2020-02-05 08:52:00",712.033333333333,TRUE,711.95,0.0833333333329165,FALSE,TRUE,314.737867001827,1.04912622334467,3.77685440404082,2.39019858102666,33668.2058213616,38216.4078284253,TRUE,FALSE,TRUE
13,196712,"o","2020-02-05 08:54:00",712.066666666667,TRUE,712.033333333333,0.0333333333339851,FALSE,TRUE,124.647990609611,1.03873325505978,3.7394397182152,2.48685891211754,33550.4776780418,38173.7561752248,TRUE,FALSE,TRUE
13,196712,"p","2020-02-05 08:57:00",712.116666666667,TRUE,712.066666666667,0.0500000000000682,FALSE,TRUE,85.4138204059405,0.4745212244768,1.70827640811648,2.52709804035543,33525.2174589703,38091.8925024945,TRUE,FALSE,TRUE
13,196712,"p","2020-02-05 09:02:00",712.2,TRUE,712.116666666667,0.0833333333330302,FALSE,TRUE,141.9566162575,0.473188720860055,1.7034793950962,2.56720391843798,33485.4358495127,37955.1789901546,TRUE,FALSE,TRUE
13,196712,"p","2020-02-05 09:07:00",712.283333333333,TRUE,712.2,0.0833333333329165,FALSE,TRUE,141.956585843333,0.473188619480144,1.70347903012852,2.60730978658774,33445.6542400547,37818.4654778148,TRUE,FALSE,TRUE
13,196712,"o","2020-02-05 09:10:00",712.333333333333,TRUE,712.283333333333,0.0500000000000682,FALSE,TRUE,83.1654109527033,0.462030060847721,1.6633082190518,2.64629979908018,33419.6917805026,37739.1898651682,TRUE,FALSE,TRUE
13,196712,"p","2020-02-05 09:12:00",712.366666666667,TRUE,712.333333333333,0.0333333333339851,FALSE,TRUE,223.024034579972,1.85853362146343,6.69072103726833,2.82494016783922,33250.5718738153,37885.9391015618,TRUE,FALSE,TRUE
13,196712,"p","2020-02-05 09:17:00",712.45,TRUE,712.366666666667,0.0833333333330302,FALSE,TRUE,565.995632222372,1.88665210741477,6.79194758669317,3.00639238539918,32822.5383724009,38259.693429433,TRUE,FALSE,TRUE
13,196712,"p","2020-02-05 09:22:00",712.533333333333,TRUE,712.45,0.0833333333329165,FALSE,TRUE,565.995899774805,1.88665299925879,6.79195079733163,3.18784469234961,32394.5048709864,38633.4477572959,TRUE,FALSE,TRUE
13,196712,"p","2020-02-05 09:27:00",712.616666666667,TRUE,712.533333333333,0.0833333333340533,FALSE,TRUE,565.996168434577,1.88665389476562,6.79195402115623,3.36929708905674,31966.4713696229,39007.2020851337,TRUE,FALSE,TRUE
13,196712,"o","2020-02-05 09:28:00",712.633333333333,TRUE,712.616666666667,0.0166666666659694,FALSE,TRUE,106.121347957874,1.76868913270523,6.36728087773883,3.53895300976235,31886.5654920811,39077.6742904246,TRUE,FALSE,TRUE
13,196712,"p","2020-02-05 09:32:00",712.7,TRUE,712.633333333333,0.0666666666670608,FALSE,TRUE,595.475244822545,2.4811468534126,8.93212867228538,3.77915117471113,32384.2412433846,38746.1523721767,TRUE,FALSE,TRUE
13,196712,"p","2020-02-05 09:37:00",712.783333333333,TRUE,712.7,0.0833333333329165,FALSE,TRUE,753.203149196923,2.5106771640023,9.03843779040829,3.61189244165277,33013.4619610047,38326.4016489626,TRUE,FALSE,TRUE
13,196712,"p","2020-02-05 09:42:00",712.866666666667,TRUE,712.783333333333,0.0833333333340533,FALSE,TRUE,753.2027734973,2.51067591163597,9.03843328188951,3.44506129899879,33642.6826786238,37906.6509257534,TRUE,FALSE,TRUE
13,196712,"p","2020-02-05 09:47:00",712.95,TRUE,712.866666666667,0.0833333333330302,FALSE,TRUE,753.202400573416,2.51067466858719,9.03842880691387,3.61742401570362,34271.9033962443,37486.9002025372,TRUE,FALSE,TRUE
13,196712,"p","2020-02-05 09:52:00",713.033333333333,TRUE,712.95,0.0833333333329165,FALSE,TRUE,753.202030420049,2.51067343474606,9.0384243650858,3.78717443667681,34901.1241138645,37067.1494793194,TRUE,FALSE,TRUE
13,196712,"p","2020-02-05 09:57:00",713.116666666667,TRUE,713.033333333333,0.0833333333340533,FALSE,TRUE,753.201663039511,2.51067221011001,9.03841995639604,3.95692473734094,35530.3448314836,36647.3987561101,TRUE,FALSE,TRUE
13,196712,"p","2020-02-05 10:02:00",713.2,TRUE,713.116666666667,0.0833333333330302,FALSE,TRUE,753.201298375693,2.51067099459478,9.03841558054119,4.12793658177443,36159.5655490413,36227.6480329151,TRUE,FALSE,TRUE
13,196712,"o","2020-02-05 10:03:00",713.216666666667,TRUE,713.2,0.0166666666669926,FALSE,TRUE,143.846194819617,2.39743658028008,8.63077168900828,4.24826941739781,36278.3437803892,36145.4459538444,TRUE,FALSE,TRUE
13,196712,"p","2020-02-05 10:07:00",713.283333333333,TRUE,713.216666666667,0.0666666666659239,FALSE,TRUE,540.977915395062,2.25407464750454,8.11466873101634,4.35366383141827,35740.4512036538,36067.2493064693,TRUE,FALSE,TRUE
13,196712,"p","2020-02-05 10:12:00",713.366666666667,TRUE,713.283333333333,0.0833333333340533,FALSE,TRUE,684.615108849018,2.28205036281034,8.21538130611723,4.48178478881438,35059.2530924353,35971.6885792425,TRUE,FALSE,TRUE
13,196712,"p","2020-02-05 10:17:00",713.45,TRUE,713.366666666667,0.0833333333330302,FALSE,TRUE,684.614905395775,2.28204968466089,8.21537886477919,4.61072578392193,34378.0549812162,35876.1278520114,TRUE,FALSE,TRUE
13,196712,"p","2020-02-05 10:22:00",713.533333333333,TRUE,713.45,0.0833333333329165,FALSE,TRUE,684.614704037872,2.28204901347099,8.21537644849555,4.8293735036745,33696.8568699968,35780.5671247762,TRUE,FALSE,TRUE
13,196712,"o","2020-02-05 10:26:00",713.6,TRUE,713.533333333333,0.0666666666670608,FALSE,TRUE,545.032518301208,2.27096882624161,8.17548777446979,5.04666843951174,33154.4838909454,35704.9191967262,TRUE,FALSE,TRUE
13,196712,"p","2020-02-05 10:27:00",713.616666666667,TRUE,713.6,0.0166666666669926,FALSE,TRUE,43.8199926107492,0.730333210164872,2.62919955659354,5.10989981378782,33111.5586446737,35714.7036734913,TRUE,FALSE,TRUE
13,196712,"p","2020-02-05 10:32:00",713.7,TRUE,713.616666666667,0.0833333333330302,FALSE,TRUE,207.555675199874,0.691852250668764,2.49066810240755,5.16928309216162,32909.8599627986,35767.6293259647,TRUE,FALSE,TRUE
13,196712,"p","2020-02-05 10:37:00",713.783333333333,TRUE,713.7,0.0833333333329165,FALSE,TRUE,208.181702460203,0.693939008204147,2.49818042953493,5.22887504633594,32707.7329798566,35821.3936048428,TRUE,FALSE,TRUE
13,196712,"p","2020-02-05 10:42:00",713.866666666667,TRUE,713.783333333333,0.0833333333340533,FALSE,TRUE,347.702147654552,1.15900715883849,4.17242577181857,5.33497381562109,32427.031409858,36029.0092872967,TRUE,FALSE,TRUE
13,196712,"p","2020-02-05 10:47:00",713.95,TRUE,713.866666666667,0.0833333333330302,FALSE,TRUE,348.542816827279,1.16180938942849,4.18251380194257,5.44135280801245,32145.9015387697,36237.4635961552,TRUE,FALSE,TRUE
13,196712,"p","2020-02-05 10:52:00",714.033333333333,TRUE,713.95,0.0833333333329165,FALSE,TRUE,348.542905075656,1.16180968359133,4.1825148609288,5.54773182986691,31864.7716676811,36445.917905012,TRUE,FALSE,TRUE
13,196712,"p","2020-02-05 10:57:00",714.116666666667,TRUE,714.033333333333,0.0833333333340533,FALSE,TRUE,348.542993598486,1.16180997865158,4.18251592314569,5.65475199868915,31583.6417965931,36654.3722138678,TRUE,FALSE,TRUE
13,196712,"p","2020-02-05 11:02:00",714.2,TRUE,714.116666666667,0.0833333333330302,FALSE,TRUE,348.543082397725,1.16181027466331,4.18251698878792,5.66906684325326,31302.5119255047,36862.8265227278,TRUE,FALSE,TRUE
13,196712,"p","2020-02-05 11:07:00",714.283333333333,TRUE,714.2,0.0833333333329165,FALSE,TRUE,348.543171467887,1.16181057156543,4.18251805763556,5.68033518301434,31021.382054416,37071.2808315844,TRUE,FALSE,TRUE
13,196712,"o","2020-02-05 11:10:00",714.333333333333,TRUE,714.283333333333,0.0500000000000682,FALSE,TRUE,204.17346607608,1.13429703375445,4.08346932151603,5.68885219285683,30856.2963725944,37192.8490386515,TRUE,FALSE,TRUE
13,196712,"p","2020-02-05 11:12:00",714.366666666667,TRUE,714.333333333333,0.0333333333339851,FALSE,TRUE,228.470680668854,1.90392233886989,6.8541204199316,5.77433175701314,31006.7338413897,37019.7713538946,TRUE,FALSE,TRUE
13,196712,"p","2020-02-05 11:17:00",714.45,TRUE,714.366666666667,0.0833333333330302,FALSE,TRUE,583.632863597585,1.9454428786657,7.0035943631965,5.86396339888008,31391.8081154581,36578.3161963796,TRUE,FALSE,TRUE
13,196712,"p","2020-02-05 11:22:00",714.533333333333,TRUE,714.45,0.0833333333329165,FALSE,TRUE,583.632523538558,1.94544174513826,7.00359028249773,5.95359495105944,31776.8823895268,36136.8610388673,TRUE,FALSE,TRUE
13,196712,"p","2020-02-05 11:27:00",714.616666666667,TRUE,714.533333333333,0.0833333333340533,FALSE,TRUE,583.632184763633,1.94544061586197,7.00358621710309,6.04426568713966,32161.9566635949,35695.405881348,TRUE,FALSE,TRUE
13,196712,"p","2020-02-05 11:32:00",714.7,TRUE,714.616666666667,0.0833333333330302,FALSE,TRUE,583.63184727508,1.94543949092401,7.00358216732644,6.19135751378438,32547.0309376633,35253.9507238352,TRUE,FALSE,TRUE
13,196712,"p","2020-02-05 11:37:00",714.783333333333,TRUE,714.7,0.0833333333329165,FALSE,TRUE,583.631511063897,1.94543837022272,7.00357813280179,6.33858247872065,32932.1052117319,34812.495566322,TRUE,FALSE,TRUE
13,196712,"o","2020-02-05 11:40:00",714.833333333333,TRUE,714.783333333333,0.0500000000000682,FALSE,TRUE,346.866397557176,1.92703554198168,6.93732795113406,6.4839671709708,33160.9676464837,34550.1308027788,TRUE,FALSE,TRUE
13,196712,"p","2020-02-05 11:42:00",714.866666666667,TRUE,714.833333333333,0.0333333333339851,FALSE,TRUE,8.9594620900782,0.074662184082525,0.26878386269709,6.44523038329428,33155.3034966731,34557.1148469243,TRUE,FALSE,TRUE
13,196712,"p","2020-02-05 11:47:00",714.95,TRUE,714.866666666667,0.0833333333330302,FALSE,TRUE,30.6759289269506,0.102253096423541,0.368111147124747,6.26960233079029,33135.6877979227,34580.8457847092,TRUE,FALSE,TRUE
13,196712,"p","2020-02-05 11:52:00",715.033333333333,TRUE,714.95,0.0833333333329165,FALSE,TRUE,30.6759298773055,0.10225309959153,0.368111158529507,6.09116243000797,33116.0720991726,34604.5767224919,TRUE,FALSE,TRUE
13,196712,"p","2020-02-05 11:57:00",715.116666666667,TRUE,715.033333333333,0.0833333333340533,FALSE,TRUE,30.6759308292379,0.102253102763243,0.368111169947675,5.91272244035842,33096.4564004226,34628.3076602662,TRUE,FALSE,TRUE
13,196712,"p","2020-02-05 12:02:00",715.2,TRUE,715.116666666667,0.0833333333330302,FALSE,TRUE,30.6759317829908,0.102253105943675,0.368111181397229,5.73428236147622,33076.8407016723,34652.0385980467,TRUE,FALSE,TRUE
13,196712,"p","2020-02-05 12:07:00",715.283333333333,TRUE,715.2,0.0833333333329165,FALSE,TRUE,30.6759327326665,0.1022531091094,0.368111192793839,5.56763875911664,33057.2250029223,34675.7695358366,TRUE,FALSE,TRUE
13,196712,"p","2020-02-05 12:12:00",715.366666666667,TRUE,715.283333333333,0.0833333333340533,FALSE,TRUE,30.6759336851236,0.102253112282862,0.368111204218303,5.32974938500366,33037.609304172,34699.500473615,TRUE,FALSE,TRUE
13,196712,"p","2020-02-05 12:17:00",715.45,TRUE,715.366666666667,0.0833333333330302,FALSE,TRUE,30.6759346390371,0.102253115463829,0.368111215669784,5.08890698014982,33017.9936054217,34723.2314113945,TRUE,FALSE,TRUE
13,196712,"p","2020-02-05 12:22:00",715.533333333333,TRUE,715.45,0.0833333333329165,FALSE,TRUE,30.6759355911596,0.10225311863771,0.368111227095756,4.84806470084999,32998.3779066715,34746.9623491754,TRUE,FALSE,TRUE
13,196712,"p","2020-02-05 12:27:00",715.616666666667,TRUE,715.533333333333,0.0833333333340533,FALSE,TRUE,30.6759365426948,0.102253121808099,0.368111238509157,4.60722254617208,32978.7622079214,34770.6932869507,TRUE,FALSE,TRUE
13,196712,"p","2020-02-05 12:32:00",715.7,TRUE,715.616666666667,0.0833333333330302,FALSE,TRUE,30.6759374970116,0.102253124990411,0.368111249965478,4.36638051519652,32959.1465091712,34794.4242247389,TRUE,FALSE,TRUE
13,196712,"p","2020-02-05 12:37:00",715.783333333333,TRUE,715.7,0.0833333333329165,FALSE,TRUE,30.6759384495373,0.102253128165636,0.368111261396289,4.12553860700208,32939.5308104209,34818.1551625181,TRUE,FALSE,TRUE
13,196712,"p","2020-02-05 12:42:00",715.866666666667,TRUE,715.783333333333,0.0833333333340533,FALSE,TRUE,30.6759394035194,0.102253131344181,0.368111272839052,3.88469682067702,32919.9151116707,34841.8861003007,TRUE,FALSE,TRUE
13,196712,"p","2020-02-05 12:47:00",715.95,TRUE,715.866666666667,0.0833333333330302,FALSE,TRUE,30.6759403559531,0.102253134520216,0.368111284272776,3.65517847610103,32900.2994129205,34865.6170380852,TRUE,FALSE,TRUE
13,196712,"o","2020-02-05 12:50:00",716,TRUE,715.95,0.0499999999999545,FALSE,TRUE,18.5779526862254,0.103210848256902,0.371559053724846,3.44009209617627,32888.7343422759,34880.242329549,TRUE,FALSE,TRUE
13,196712,"p","2020-02-05 12:52:00",716.033333333333,TRUE,716,0.033333333332962,FALSE,TRUE,38.3443887545891,0.319536572958469,1.15033166265049,3.24384071719108,32895.842818961,34918.0365120077,TRUE,FALSE,TRUE
13,196712,"p","2020-02-05 12:57:00",716.116666666667,TRUE,716.033333333333,0.0833333333340533,FALSE,TRUE,96.9028404427356,0.323009468139661,1.16283408530278,3.04793669553896,32914.1248821873,35013.4887901552,TRUE,FALSE,TRUE
13,196712,"p","2020-02-05 13:02:00",716.2,TRUE,716.116666666667,0.0833333333330302,FALSE,TRUE,96.9028545607244,0.32300951520359,1.16283425473292,2.85203274571222,32932.4069454136,35108.9410683014,TRUE,FALSE,TRUE
13,196712,"p","2020-02-05 13:07:00",716.283333333333,TRUE,716.2,0.0833333333329165,FALSE,TRUE,96.9028686833457,0.323009562279435,1.16283442420597,2.657236819316,32950.6890086399,35204.3933464543,TRUE,FALSE,TRUE
13,196712,"p","2020-02-05 13:12:00",716.366666666667,TRUE,716.283333333333,0.0833333333340533,FALSE,TRUE,96.9028828093121,0.323009609361583,1.1628345937017,2.61650445923567,32968.9710718661,35299.8456245846,TRUE,FALSE,TRUE
13,196712,"p","2020-02-05 13:17:00",716.45,TRUE,716.366666666667,0.0833333333330302,FALSE,TRUE,96.9028969496411,0.323009656499979,1.16283476339992,2.57962019981879,32987.2531350925,35395.2979027406,TRUE,FALSE,TRUE
13,196712,"p","2020-02-05 13:22:00",716.533333333333,TRUE,716.45,0.0833333333329165,FALSE,TRUE,96.902911087757,0.323009703627473,1.1628349330589,2.54252726936113,33005.5351983189,35490.7501808924,TRUE,FALSE,TRUE
13,196712,"p","2020-02-05 13:27:00",716.616666666667,TRUE,716.533333333333,0.0833333333340533,FALSE,TRUE,96.9029252360333,0.323009750783987,1.16283510282235,2.45892752855568,33023.8172615451,35586.20245904,TRUE,FALSE,TRUE
13,196712,"p","2020-02-05 13:32:00",716.7,TRUE,716.616666666667,0.0833333333330302,FALSE,TRUE,96.9029393863012,0.323009797955513,1.16283527263985,2.37504756940838,33042.0993247715,35681.6547371818,TRUE,FALSE,TRUE
13,196712,"p","2020-02-05 13:37:00",716.783333333333,TRUE,716.7,0.0833333333329165,FALSE,TRUE,96.9029535453409,0.323009845152752,1.16283544254991,2.29116758556452,33060.3813879978,35777.1070153321,TRUE,FALSE,TRUE
13,196712,"p","2020-02-05 13:42:00",716.866666666667,TRUE,716.783333333333,0.0833333333340533,FALSE,TRUE,96.9029677104751,0.323009892365459,1.16283561251565,2.20728757693591,33078.663451224,35872.5592934737,TRUE,FALSE,TRUE
13,196712,"p","2020-02-05 13:47:00",716.95,TRUE,716.866666666667,0.0833333333330302,FALSE,TRUE,96.9029818775009,0.323009939592845,1.16283578253424,2.12340754342886,33096.9455144501,35968.0115716195,TRUE,FALSE,TRUE
13,196712,"p","2020-02-05 13:52:00",717.033333333333,TRUE,716.95,0.0833333333329165,FALSE,TRUE,96.9029960562496,0.323009986855781,1.16283595268081,2.0395274849579,33115.2275776768,36063.4638497691,TRUE,FALSE,TRUE
13,196712,"p","2020-02-05 13:57:00",717.116666666667,TRUE,717.033333333333,0.0833333333340533,FALSE,TRUE,96.9030102339419,0.323010034110349,1.16283612279726,1.95839878499349,33133.5096409029,36158.9161279132,TRUE,FALSE,TRUE
13,196712,"p","2020-02-05 14:02:00",717.2,TRUE,717.116666666667,0.0833333333330302,FALSE,TRUE,96.903024426172,0.323010081421748,1.16283629311829,1.80030755924867,33151.7917041293,36254.3684060568,TRUE,FALSE,TRUE
13,196712,"p","2020-02-05 14:07:00",717.283333333333,TRUE,717.2,0.0833333333329165,FALSE,TRUE,96.9030386160927,0.323010128721925,1.16283646339893,1.63806428425429,33170.0737673558,36349.8206842036,TRUE,FALSE,TRUE
13,196712,"p","2020-02-05 14:12:00",717.366666666667,TRUE,717.283333333333,0.0833333333340533,FALSE,TRUE,96.9030528161793,0.32301017605114,1.1628366337841,1.47582112734558,33188.3558305819,36445.2729623437,TRUE,FALSE,TRUE
13,196712,"p","2020-02-05 14:17:00",717.45,TRUE,717.366666666667,0.0833333333330302,FALSE,TRUE,96.9030670210426,0.323010223404651,1.16283680425674,1.31357808809985,33206.6378938083,36540.725240498,TRUE,FALSE,TRUE
13,196712,"p","2020-02-05 18:22:00",721.533333333333,TRUE,721.45,0.0833333333329165,FALSE,TRUE,145.851034004367,0.486170113350321,1.75021240806115,1.20913999119455,34102.3224604462,40544.2474443314,TRUE,FALSE,TRUE
13,196712,"p","2020-02-05 18:27:00",721.616666666667,TRUE,721.533333333333,0.0833333333340533,FALSE,TRUE,145.851002389268,0.486170007960027,1.7502120286561,1.2254558983924,34120.5557624396,40399.114213436,TRUE,FALSE,TRUE
13,196712,"p","2020-02-05 18:32:00",721.7,TRUE,721.616666666667,0.0833333333330302,FALSE,TRUE,145.850970797161,0.486169902658973,1.7502116495723,1.2417717902947,34138.7890644333,40253.9809825365,TRUE,FALSE,TRUE
13,196712,"p","2020-02-05 18:37:00",721.783333333333,TRUE,721.7,0.0833333333329165,FALSE,TRUE,145.850939226543,0.486169797424243,1.75021127072728,1.25808766690655,34157.0223664267,40108.847751635,TRUE,FALSE,TRUE
13,196712,"p","2020-02-05 18:42:00",721.866666666667,TRUE,721.783333333333,0.0833333333340533,FALSE,TRUE,145.850907671937,0.486169692235589,1.75021089204812,1.27440352822877,34175.2556684204,39963.714520743,TRUE,FALSE,TRUE
13,196712,"p","2020-02-05 18:47:00",721.95,TRUE,721.866666666667,0.0833333333330302,FALSE,TRUE,145.850876140241,0.486169587135906,1.75021051368926,1.29071937426907,34193.4889704139,39818.5812898435,TRUE,FALSE,TRUE
13,196712,"p","2020-02-05 18:52:00",722.033333333333,TRUE,721.95,0.0833333333329165,FALSE,TRUE,145.850844630079,0.486169482102696,1.75021013556971,1.30703520503256,34211.7222724072,39673.448058939,TRUE,FALSE,TRUE
13,196712,"p","2020-02-05 18:57:00",722.116666666667,TRUE,722.033333333333,0.0833333333340533,FALSE,TRUE,145.850813134498,0.486169377110793,1.75020975759885,1.32335102052099,34229.9555744005,39528.3148280418,TRUE,FALSE,TRUE
13,196712,"p","2020-02-05 19:02:00",722.2,TRUE,722.116666666667,0.0833333333330302,FALSE,TRUE,145.850781663348,0.486169272212929,1.75020937996654,1.33966682074161,34248.1888763942,39383.1815971398,TRUE,FALSE,TRUE
13,196712,"p","2020-02-05 19:07:00",722.283333333333,TRUE,722.2,0.0833333333329165,FALSE,TRUE,145.85075020945,0.486169167367266,1.75020900252216,1.35598260569906,34266.4221783878,39238.0483662427,TRUE,FALSE,TRUE
13,196712,"p","2020-02-05 19:12:00",722.366666666667,TRUE,722.283333333333,0.0833333333340533,FALSE,TRUE,145.850718775754,0.486169062581646,1.75020862529393,1.37229837539603,34284.6554803813,39092.9151353444,TRUE,FALSE,TRUE
13,196712,"p","2020-02-05 19:17:00",722.45,TRUE,722.366666666667,0.0833333333330302,FALSE,TRUE,145.850687365033,0.486168957885213,1.75020824838677,1.3886141298402,34302.8887823748,38947.7819044292,TRUE,FALSE,TRUE
13,196712,"p","2020-02-05 19:22:00",722.533333333333,TRUE,722.45,0.0833333333329165,FALSE,TRUE,145.850655968834,0.486168853231879,1.75020787163476,1.404929869033,34321.1220843684,38802.6486735411,TRUE,FALSE,TRUE
13,196712,"p","2020-02-05 19:27:00",722.616666666667,TRUE,722.533333333333,0.0833333333340533,FALSE,TRUE,145.850624594206,0.486168748643154,1.75020749511535,1.42124559298034,34339.3553863617,38657.5154426386,TRUE,FALSE,TRUE
13,196712,"p","2020-02-05 19:32:00",722.7,TRUE,722.616666666667,0.0833333333330302,FALSE,TRUE,145.850593241224,0.486168644139181,1.75020711890105,1.43756130168672,34357.5886883554,38512.3822117361,TRUE,FALSE,TRUE
13,196712,"p","2020-02-05 19:37:00",722.783333333333,TRUE,722.7,0.0833333333329165,FALSE,TRUE,145.850561911109,0.486168539706128,1.75020674294206,1.45387699515953,34375.8219903488,38367.2489808398,TRUE,FALSE,TRUE
13,196712,"o","2020-02-05 19:40:00",722.833333333333,TRUE,722.783333333333,0.0500000000000682,FALSE,TRUE,86.7212465432987,0.481784703017669,1.73442493086361,1.46975430017042,34386.6747203528,38280.9556634736,TRUE,FALSE,TRUE
13,196712,"p","2020-02-05 19:42:00",722.866666666667,TRUE,722.833333333333,0.0333333333339851,FALSE,TRUE,1.02559675488465,0.00854663962387163,0.0307679026459379,1.43830779404672,34387.5827746464,38280.4693305515,TRUE,FALSE,TRUE
13,196712,"p","2020-02-05 19:47:00",722.95,TRUE,722.866666666667,0.0833333333330302,FALSE,TRUE,2.17511673075604,0.00725038910254651,0.0261014007691674,1.40673165807456,34389.6347823997,38281.2200511818,TRUE,FALSE,TRUE
13,196712,"p","2020-02-05 19:52:00",723.033333333333,TRUE,722.95,0.0833333333329165,FALSE,TRUE,2.17511673397291,0.0072503891132793,0.0261014008078055,1.37515551730296,34391.6867901531,38281.9707718243,TRUE,FALSE,TRUE
13,196712,"p","2020-02-05 19:57:00",723.116666666667,TRUE,723.033333333333,0.0833333333340533,FALSE,TRUE,2.17511673736739,0.00725038912449533,0.0261014008481832,1.34357937173308,34393.7387979064,38282.7214924537,TRUE,FALSE,TRUE
13,196712,"p","2020-02-05 20:02:00",723.2,TRUE,723.116666666667,0.0833333333330302,FALSE,TRUE,2.17511674126014,0.00725038913756017,0.0261014008952166,1.31200322136079,34395.7908056598,38283.4722130862,TRUE,FALSE,TRUE
13,196712,"p","2020-02-05 20:07:00",723.283333333333,TRUE,723.2,0.0833333333329165,FALSE,TRUE,2.17511674398172,0.007250389146642,0.0261014009279112,1.28042706618422,34397.842813413,38284.2229337172,TRUE,FALSE,TRUE
13,196712,"p","2020-02-05 20:12:00",723.366666666667,TRUE,723.283333333333,0.0833333333340533,FALSE,TRUE,2.17511674737843,0.00725038915786545,0.0261014009683156,1.24885090620285,34399.8948211664,38284.9736543485,TRUE,FALSE,TRUE
13,196712,"p","2020-02-05 20:17:00",723.45,TRUE,723.366666666667,0.0833333333330302,FALSE,TRUE,2.1751167512734,0.00725038917093773,0.0261014010153758,1.21727474141396,34401.9468289199,38285.7243749853,TRUE,FALSE,TRUE
13,196712,"o","2020-02-06 09:42:00",736.866666666667,TRUE,736.783333333333,0.0833333333340533,FALSE,TRUE,173.404585988893,0.57801528662465,2.08085503184874,1.21986443164362,35981.5150053466,38000.1261735959,TRUE,FALSE,TRUE
13,196712,"p","2020-02-06 09:47:00",736.95,TRUE,736.866666666667,0.0833333333330302,FALSE,TRUE,73.6106586287697,0.245368862096792,0.88332790354845,1.2436762787863,35930.8581182162,37946.3381035549,TRUE,FALSE,TRUE
13,196712,"p","2020-02-06 09:52:00",737.033333333333,TRUE,736.95,0.0833333333329165,FALSE,TRUE,73.2346847388884,0.244115615797516,0.878816216871057,1.26736280129781,35880.0695473728,37893.1937298527,TRUE,FALSE,TRUE
13,196712,"p","2020-02-06 09:57:00",737.116666666667,TRUE,737.033333333333,0.0833333333340533,FALSE,TRUE,73.2346780220964,0.244115593404879,0.878816136257564,1.2910493215691,35829.2809765296,37840.0493561487,TRUE,FALSE,TRUE
13,196712,"p","2020-02-06 10:02:00",737.2,TRUE,737.116666666667,0.0833333333330302,FALSE,TRUE,73.2346713075882,0.244115571026182,0.878816055694256,1.3147358396013,35778.4924056864,37786.9049824531,TRUE,FALSE,TRUE
13,196712,"o","2020-02-06 10:06:00",737.266666666667,TRUE,737.2,0.0666666666669471,FALSE,TRUE,59.590609284475,0.248294205350935,0.893859139263365,1.33746173658928,35737.1395496953,37743.6869668212,TRUE,FALSE,TRUE
13,196712,"p","2020-02-06 10:07:00",737.283333333333,TRUE,737.266666666667,0.0166666666659694,FALSE,TRUE,50.8586736482511,0.847644560839648,3.05152041902273,1.2195038835102,35700.9239523017,37707.7033628804,TRUE,FALSE,TRUE
13,196712,"p","2020-02-06 10:32:00",737.7,TRUE,737.65,0.0500000000000682,FALSE,TRUE,107.55747890848,0.597541549490742,2.15114957816667,1.23109133944733,34815.786158275,36982.0038911543,TRUE,FALSE,TRUE
13,196712,"p","2020-02-06 10:37:00",737.783333333333,TRUE,737.7,0.0833333333329165,FALSE,TRUE,181.004851901714,0.603349506342063,2.17205822283143,1.27592268502018,34694.9350473645,37117.662526994,TRUE,FALSE,TRUE
13,196712,"p","2020-02-06 10:42:00",737.866666666667,TRUE,737.783333333333,0.0833333333340533,FALSE,TRUE,181.004883840183,0.603349612795398,2.17205860606343,1.32075404178587,34574.0839364544,37253.3211628214,TRUE,FALSE,TRUE
13,196712,"p","2020-02-06 10:47:00",737.95,TRUE,737.866666666667,0.0833333333330302,FALSE,TRUE,181.004915810864,0.603349719371741,2.17205898973827,1.36558540975684,34453.2328255439,37388.9797986406,TRUE,FALSE,TRUE
13,196712,"p","2020-02-06 10:52:00",738.033333333333,TRUE,737.95,0.0833333333329165,FALSE,TRUE,181.004947824129,0.603349826083447,2.17205937390041,1.41041678894545,34332.3817146339,37524.6384344691,TRUE,FALSE,TRUE
13,196712,"o","2020-02-06 10:55:00",738.083333333333,TRUE,738.033333333333,0.0500000000000682,FALSE,TRUE,107.846284171918,0.599146023176502,2.15692568343541,1.45482778839073,34260.9578457359,37605.9788873293,TRUE,FALSE,TRUE
13,196712,"p","2020-02-06 10:57:00",738.116666666667,TRUE,738.083333333333,0.0333333333339851,FALSE,TRUE,58.952416736902,0.491270139464577,1.76857250207248,1.48845120001063,34292.152046701,37656.2371592574,TRUE,FALSE,TRUE
13,196712,"p","2020-02-06 11:02:00",738.2,TRUE,738.116666666667,0.0833333333330302,FALSE,TRUE,148.70805547635,0.495693518256302,1.78449666572269,1.5225929877595,34372.8545432352,37781.7460174683,TRUE,FALSE,TRUE
13,196712,"p","2020-02-06 11:07:00",738.283333333333,TRUE,738.2,0.0833333333329165,FALSE,TRUE,148.708086198854,0.495693620665328,1.78449703439518,1.56441008677799,34453.5570397694,37907.254875683,TRUE,FALSE,TRUE
13,196712,"p","2020-02-06 11:12:00",738.366666666667,TRUE,738.283333333333,0.0833333333340533,FALSE,TRUE,148.708116940915,0.495693723132101,1.78449740327557,1.60620064408526,34534.2595363035,38032.7637339005,TRUE,FALSE,TRUE
13,196712,"p","2020-02-06 11:17:00",738.45,TRUE,738.366666666667,0.0833333333330302,FALSE,TRUE,148.708147702641,0.495693825677273,1.78449777243818,1.64799121143369,34614.9620328375,38158.2725921112,TRUE,FALSE,TRUE
13,196712,"p","2020-02-06 11:22:00",738.533333333333,TRUE,738.45,0.0833333333329165,FALSE,TRUE,148.708178454939,0.495693928185611,1.7844981414682,1.6897817888192,34695.6645293346,38283.7814503092,TRUE,FALSE,TRUE
13,196712,"o","2020-02-06 11:23:00",738.55,TRUE,738.533333333333,0.0166666666669926,FALSE,TRUE,26.172756033939,0.436212600557121,1.57036536200564,1.72562423322758,34707.6066076924,38307.1665128946,TRUE,FALSE,TRUE
13,196712,"p","2020-02-06 11:27:00",738.616666666667,TRUE,738.55,0.0666666666670608,FALSE,TRUE,572.101241766503,2.383755174013,8.58151862644681,1.95622093476916,34153.4677059256,38154.5905255225,TRUE,FALSE,TRUE
13,196712,"p","2020-02-06 11:32:00",738.7,TRUE,738.616666666667,0.0833333333330302,FALSE,TRUE,720.73060359179,2.40243534531471,8.64876724313294,2.18881927805625,33455.5460524836,37961.7246549757,TRUE,FALSE,TRUE
13,196712,"p","2020-02-06 11:37:00",738.783333333333,TRUE,738.7,0.0833333333329165,FALSE,TRUE,720.730285459283,2.40243428487629,8.64876342555466,2.41564590077648,32757.6243990413,37768.858784422,TRUE,FALSE,TRUE
13,196712,"p","2020-02-06 11:42:00",738.866666666667,TRUE,738.783333333333,0.0833333333340533,FALSE,TRUE,720.729969766639,2.40243323253471,8.64875963712494,2.64263822312337,32059.7027456002,37575.992913865,TRUE,FALSE,TRUE
13,196712,"p","2020-02-06 11:47:00",738.95,TRUE,738.866666666667,0.0833333333330302,FALSE,TRUE,720.729656518144,2.40243218840255,8.64875587824919,2.86521806106392,31361.781092158,37383.1270433103,TRUE,FALSE,TRUE
13,196712,"p","2020-02-06 11:52:00",739.033333333333,TRUE,738.95,0.0833333333329165,FALSE,TRUE,720.729345709415,2.40243115237674,8.64875214855625,3.0874135092181,30663.8594387158,37190.2611727549,TRUE,FALSE,TRUE
13,196712,"p","2020-02-06 11:57:00",739.116666666667,TRUE,739.033333333333,0.0833333333340533,FALSE,TRUE,720.729037341304,2.40243012445026,8.64874844802092,3.30939339712483,29965.9377852747,36997.3953022037,TRUE,FALSE,TRUE
13,196712,"p","2020-02-06 12:02:00",739.2,TRUE,739.116666666667,0.0833333333330302,FALSE,TRUE,720.728731416763,2.40242910473128,8.64874477703262,3.49184531368068,29268.0161318327,36804.5294316465,TRUE,FALSE,TRUE
13,196712,"p","2020-02-06 12:07:00",739.283333333333,TRUE,739.2,0.0833333333329165,FALSE,TRUE,720.728427933519,2.40242809312375,8.6487411352455,3.67408168166181,28570.0944783908,36611.6635610914,TRUE,FALSE,TRUE
13,196712,"p","2020-02-06 12:12:00",739.366666666667,TRUE,739.283333333333,0.0833333333340533,FALSE,TRUE,720.728126871647,2.4024270895514,8.64873752238504,3.85631796472997,27872.1728249679,36418.7976905468,TRUE,FALSE,TRUE
13,196712,"o","2020-02-06 12:13:00",739.383333333333,TRUE,739.366666666667,0.0166666666659694,FALSE,TRUE,142.016628625006,2.36694381051579,8.52099771785683,4.03500593532884,27734.6688324882,36380.7267226789,TRUE,FALSE,TRUE
13,196712,"p","2020-02-06 12:17:00",739.45,TRUE,739.383333333333,0.0666666666670608,FALSE,TRUE,263.046611029282,1.09602754594886,3.94569916541591,4.08680716126126,27482.9008452667,36300.4417198245,TRUE,FALSE,TRUE
13,196712,"p","2020-02-06 12:22:00",739.533333333333,TRUE,739.45,0.0833333333329165,FALSE,TRUE,326.152491513326,1.08717497171652,3.91382989817949,4.17098777222323,27170.7912840239,36200.7132240558,TRUE,FALSE,TRUE
13,196712,"p","2020-02-06 12:27:00",739.616666666667,TRUE,739.533333333333,0.0833333333340533,FALSE,TRUE,326.152425017989,1.08717475005057,3.91382910018205,4.25529368564854,26858.6817227817,36100.9847283033,TRUE,FALSE,TRUE
13,196712,"p","2020-02-06 12:32:00",739.7,TRUE,739.616666666667,0.0833333333330302,FALSE,TRUE,326.152358751112,1.08717452917433,3.91382830502759,4.33959957922548,26546.5721615391,36001.2562325411,TRUE,FALSE,TRUE
13,196712,"p","2020-02-06 12:37:00",739.783333333333,TRUE,739.7,0.0833333333329165,FALSE,TRUE,326.152292710357,1.08717430903996,3.91382751254386,4.42390545302686,26234.4626002963,35901.5277367789,TRUE,FALSE,TRUE
13,196712,"p","2020-02-06 12:42:00",739.866666666667,TRUE,739.783333333333,0.0833333333340533,FALSE,TRUE,326.152226893924,1.08717408963702,3.91382672269327,4.50779344145547,25922.353039054,35801.7992410255,TRUE,FALSE,TRUE
13,196712,"p","2020-02-06 12:47:00",739.95,TRUE,739.866666666667,0.0833333333330302,FALSE,TRUE,326.152161304704,1.08717387101964,3.91382593567069,4.53174637247347,25610.2434778114,35702.070745261,TRUE,FALSE,TRUE
13,196712,"p","2020-02-06 12:52:00",740.033333333333,TRUE,739.95,0.0833333333329165,FALSE,TRUE,326.152095941599,1.0871736531441,3.91382515131877,4.55402684075975,25298.1339165686,35602.3422494979,TRUE,FALSE,TRUE
13,196712,"p","2020-02-06 12:57:00",740.116666666667,TRUE,740.033333333333,0.0833333333340533,FALSE,TRUE,326.152030805085,1.08717343600756,3.9138243696272,4.57630731480461,24986.0243553263,35502.6137537313,TRUE,FALSE,TRUE
13,196712,"p","2020-02-06 13:02:00",740.2,TRUE,740.116666666667,0.0833333333330302,FALSE,TRUE,326.151965894638,1.08717321965275,3.9138235907499,4.5985877946513,24673.9147940836,35402.8852579728,TRUE,FALSE,TRUE
13,196712,"p","2020-02-06 13:07:00",740.283333333333,TRUE,740.2,0.0833333333329165,FALSE,TRUE,326.151901209142,1.08717300403591,3.91382281452928,4.62086828033906,24361.805232841,35303.1567622122,TRUE,FALSE,TRUE
13,196712,"p","2020-02-06 13:12:00",740.366666666667,TRUE,740.283333333333,0.0833333333340533,FALSE,TRUE,326.151836750327,1.08717278915836,3.91382204097011,4.64435573616743,24049.6956715986,35203.428266451,TRUE,FALSE,TRUE
13,196712,"p","2020-02-06 13:17:00",740.45,TRUE,740.366666666667,0.0833333333330302,FALSE,TRUE,326.15177251931,1.08717257506832,3.91382127024595,4.69331883872518,23737.5861103561,35103.6997706925,TRUE,FALSE,TRUE
13,196712,"p","2020-02-06 13:22:00",740.533333333333,TRUE,740.45,0.0833333333329165,FALSE,TRUE,326.151708512895,1.08717236171509,3.91382050217432,4.74170112426249,23425.4765491133,35003.9712749267,TRUE,FALSE,TRUE
13,196712,"p","2020-02-06 13:27:00",740.616666666667,TRUE,740.533333333333,0.0833333333340533,FALSE,TRUE,326.151644731998,1.08717214909727,3.91381973675016,4.79008337789267,23113.366987871,34904.2427791674,TRUE,FALSE,TRUE
13,196712,"p","2020-02-06 13:32:00",740.7,TRUE,740.616666666667,0.0833333333330302,FALSE,TRUE,326.15158117907,1.08717193726752,3.91381897416308,4.83846559968225,22801.2574266284,34804.514283403,TRUE,FALSE,TRUE
13,196712,"p","2020-02-06 13:37:00",740.783333333333,TRUE,740.7,0.0833333333329165,FALSE,TRUE,326.151517851077,1.08717172617569,3.9138182142325,4.88684778969148,22489.1478653858,34704.7857876509,TRUE,FALSE,TRUE
13,196712,"p","2020-02-06 13:42:00",740.866666666667,TRUE,740.783333333333,0.0833333333340533,FALSE,TRUE,326.151454748594,1.08717151581925,3.91381745694931,4.93565033895575,22177.0383041436,34605.0572918845,TRUE,FALSE,TRUE
13,196712,"p","2020-02-06 13:47:00",740.95,TRUE,740.866666666667,0.0833333333330302,FALSE,TRUE,326.151391874689,1.08717130625292,3.91381670251051,4.99524045563459,21864.9287429008,34505.3287961194,TRUE,FALSE,TRUE
13,196712,"p","2020-02-06 13:52:00",741.033333333333,TRUE,740.95,0.0833333333329165,FALSE,TRUE,326.151329225174,1.08717109742269,3.91381595072167,5.05438821355122,21552.8191816582,34405.6003003623,TRUE,FALSE,TRUE
13,196712,"p","2020-02-06 13:57:00",741.116666666667,TRUE,741.033333333333,0.0833333333340533,FALSE,TRUE,326.151266802218,1.08717088933133,3.9138152015928,5.11353594041783,21240.7096204157,34305.8718046083,TRUE,FALSE,TRUE
13,196712,"p","2020-02-06 14:02:00",741.2,TRUE,741.116666666667,0.0833333333330302,FALSE,TRUE,326.151204604565,1.08717068201917,3.91381445526902,5.17268363630653,20928.6000591733,34206.1433088401,TRUE,FALSE,TRUE
13,196712,"p","2020-02-06 14:07:00",741.283333333333,TRUE,741.2,0.0833333333329165,FALSE,TRUE,326.151142635258,1.0871704754563,3.91381371164268,5.23183130128443,20616.4904979305,34106.4148130737,TRUE,FALSE,TRUE
13,196712,"p","2020-02-06 14:12:00",741.366666666667,TRUE,741.283333333333,0.0833333333340533,FALSE,TRUE,326.151080889417,1.087170269622,3.91381297063918,5.29097893542807,20304.3809366881,34006.6863173117,TRUE,FALSE,TRUE
13,196712,"p","2020-02-06 14:17:00",741.45,TRUE,741.366666666667,0.0833333333330302,FALSE,TRUE,326.151019371598,1.08717006457595,3.91381223247342,5.35607468182996,19992.2713754455,33906.9578215568,TRUE,FALSE,TRUE
13,196712,"p","2020-02-06 14:22:00",741.533333333333,TRUE,741.45,0.0833333333329165,FALSE,TRUE,326.15095807947,1.08716986027034,3.91381149697322,5.22641615045569,19680.1618142028,33807.2293257959,TRUE,FALSE,TRUE
13,196712,"p","2020-02-06 14:27:00",741.616666666667,TRUE,741.533333333333,0.0833333333340533,FALSE,TRUE,326.150897012731,1.08716965669971,3.91381076411896,5.09488958159419,19368.0522529605,33707.5008300318,TRUE,FALSE,TRUE
13,196712,"p","2020-02-06 14:32:00",741.7,TRUE,741.616666666667,0.0833333333330302,FALSE,TRUE,326.150836173827,1.08716945391671,3.91381003410017,4.96336309849823,19055.9426917179,33607.7723342709,TRUE,FALSE,TRUE
13,196712,"p","2020-02-06 14:37:00",741.783333333333,TRUE,741.7,0.0833333333329165,FALSE,TRUE,326.150775559553,1.08716925187062,3.91380930673422,4.83183670043182,18743.8331304752,33508.0438385083,TRUE,FALSE,TRUE
13,196712,"p","2020-02-06 14:42:00",741.866666666667,TRUE,741.783333333333,0.0833333333340533,FALSE,TRUE,326.150715172231,1.08716905056471,3.91380858203295,4.70031038664804,18431.7235692329,33408.3153427495,TRUE,FALSE,TRUE
13,196712,"p","2020-02-06 14:47:00",741.95,TRUE,741.866666666667,0.0833333333330302,FALSE,TRUE,326.150655010809,1.08716885003998,3.91380786014394,4.56878415641436,18119.6140079903,33308.5868469867,TRUE,FALSE,TRUE
13,196712,"p","2020-02-06 14:52:00",742.033333333333,TRUE,741.95,0.0833333333329165,FALSE,TRUE,326.150595074268,1.087168650253,3.9138071409108,4.43725800899464,17807.5044467476,33208.8583512317,TRUE,FALSE,TRUE
13,196712,"p","2020-02-06 14:57:00",742.116666666667,TRUE,742.033333333333,0.0833333333340533,FALSE,TRUE,326.150535366675,1.08716845121286,3.91380642436629,4.30573194364279,17495.3948855053,33109.1298554647,TRUE,FALSE,TRUE
13,196712,"p","2020-02-06 15:02:00",742.2,TRUE,742.116666666667,0.0833333333330302,FALSE,TRUE,326.150475883487,1.08716825294891,3.91380571061609,4.17420595962531,17183.2853242628,33009.4013597106,TRUE,FALSE,TRUE
13,196712,"p","2020-02-06 15:07:00",742.283333333333,TRUE,742.2,0.0833333333329165,FALSE,TRUE,326.150416626921,1.08716805542851,3.91380499954263,4.04268005621302,16871.17576302,32909.6728639481,TRUE,FALSE,TRUE
13,196712,"p","2020-02-06 15:12:00",742.366666666667,TRUE,742.283333333333,0.0833333333340533,FALSE,TRUE,326.150357596136,1.08716785864439,3.91380429111982,3.91470246102588,16559.0662017778,32809.9443681822,TRUE,FALSE,TRUE
13,196712,"p","2020-02-06 15:17:00",742.45,TRUE,742.366666666667,0.0833333333330302,FALSE,TRUE,326.150298791419,1.08716766264202,3.91380358551127,3.9138164726952,16246.9566405351,32710.2158724296,TRUE,FALSE,TRUE
13,196712,"p","2020-02-06 15:22:00",742.533333333333,TRUE,742.45,0.0833333333329165,FALSE,TRUE,326.150240213728,1.08716746738453,3.91380288258432,3.913815722262,15934.8470792925,32610.4873766584,TRUE,FALSE,TRUE
13,196712,"p","2020-02-06 15:27:00",742.616666666667,TRUE,742.533333333333,0.0833333333340533,FALSE,TRUE,326.150181861658,1.0871672728628,3.91380218230608,3.91381497454322,15622.7375180502,32510.7588808961,TRUE,FALSE,TRUE
13,196712,"p","2020-02-06 15:32:00",742.7,TRUE,742.616666666667,0.0833333333330302,FALSE,TRUE,326.150123735624,1.0871670791227,3.91380148484173,3.91381422953806,15310.6279568074,32411.030385136,TRUE,FALSE,TRUE
13,196712,"p","2020-02-06 15:37:00",742.783333333333,TRUE,742.7,0.0833333333329165,FALSE,TRUE,326.150065835481,1.08716688612371,3.91380079004535,3.91381348724643,14998.5183955649,32311.3018893841,TRUE,FALSE,TRUE
13,196712,"p","2020-02-06 15:42:00",742.866666666667,TRUE,742.783333333333,0.0833333333340533,FALSE,TRUE,326.150008161285,1.08716669386156,3.91380009790161,3.91381274766889,14686.4088343227,32211.5733936119,TRUE,FALSE,TRUE
13,196712,"p","2020-02-06 15:47:00",742.95,TRUE,742.866666666667,0.0833333333330302,FALSE,TRUE,326.149950715043,1.08716650238743,3.91379940859475,3.91381201080567,14374.2992730801,32111.844897856,TRUE,FALSE,TRUE
13,196712,"o","2020-02-06 15:50:00",743,TRUE,742.95,0.0499999999999545,FALSE,TRUE,196.57048858478,1.09205826991644,3.93140977169917,3.9143004724829,14186.3781255907,32051.1579620033,TRUE,FALSE,TRUE
13,196712,"p","2020-02-06 15:52:00",743.033333333333,TRUE,743,0.033333333332962,FALSE,TRUE,199.850674017436,1.66542228349719,5.99552022058989,3.97212535723186,14013.5696582708,31949.0732057875,TRUE,FALSE,TRUE
13,196712,"p","2020-02-06 15:57:00",743.116666666667,TRUE,743.033333333333,0.0833333333340533,FALSE,TRUE,502.109909535535,1.67369969843732,6.02531891437436,4.03077800511032,13579.909963112,31691.7367192538,TRUE,FALSE,TRUE
13,196712,"p","2020-02-06 16:02:00",743.2,TRUE,743.116666666667,0.0833333333330302,FALSE,TRUE,502.109701086584,1.67369900362803,6.02531641306093,4.08943060506953,13146.2502679526,31434.4002327155,TRUE,FALSE,TRUE
13,196712,"p","2020-02-06 16:07:00",743.283333333333,TRUE,743.2,0.0833333333329165,FALSE,TRUE,502.109493455078,1.6736983115253,6.02531392149107,4.14808315730623,12712.5905727931,31177.0637461792,TRUE,FALSE,TRUE
13,196712,"p","2020-02-06 16:12:00",743.366666666667,TRUE,743.283333333333,0.0833333333340533,FALSE,TRUE,502.10928664698,1.67369762214214,6.0253114397117,4.20673566201361,12278.9308776345,30919.7272596437,TRUE,FALSE,TRUE
13,196712,"p","2020-02-06 16:17:00",743.45,TRUE,743.366666666667,0.0833333333330302,FALSE,TRUE,502.109080662457,1.67369693554761,6.0253089679714,4.26538811939686,11845.2711824751,30662.3907731088,TRUE,FALSE,TRUE
13,196712,"p","2020-02-06 16:22:00",743.533333333333,TRUE,743.45,0.0833333333329165,FALSE,TRUE,502.108875500049,1.6736962516752,6.02530650603073,4.32404052965466,11411.6114873157,30405.054286572,TRUE,FALSE,TRUE
13,196712,"p","2020-02-06 16:27:00",743.616666666667,TRUE,743.533333333333,0.0833333333340533,FALSE,TRUE,502.108671159277,1.67369557051646,6.02530405385927,4.38269289297955,10977.9517921568,30147.7178000365,TRUE,FALSE,TRUE
13,196712,"p","2020-02-06 16:32:00",743.7,TRUE,743.616666666667,0.0833333333330302,FALSE,TRUE,502.108467639022,1.67369489213616,6.02530161169018,4.4413452095756,10544.2920969976,29890.3813135094,TRUE,FALSE,TRUE
13,196712,"p","2020-02-06 16:37:00",743.783333333333,TRUE,743.7,0.0833333333329165,FALSE,TRUE,502.108264944366,1.67369421648959,6.02529917936253,4.49999747964263,10110.6324018381,29633.0448269646,TRUE,FALSE,TRUE
13,196712,"p","2020-02-06 16:42:00",743.866666666667,TRUE,743.783333333333,0.0833333333340533,FALSE,TRUE,502.108063067739,1.67369354354467,6.02529675676081,4.55864970337181,9676.97270667955,29375.7083404371,TRUE,FALSE,TRUE
13,196712,"p","2020-02-06 16:47:00",743.95,TRUE,743.866666666667,0.0833333333330302,FALSE,TRUE,502.10786201964,1.67369287340489,6.0252943442576,4.61730188097003,9243.31301152019,29118.371853899,TRUE,FALSE,TRUE
13,196712,"p","2020-02-06 16:52:00",744.033333333333,TRUE,743.95,0.0833333333329165,FALSE,TRUE,502.107661787749,1.67369220596753,6.02529194148312,4.67595401263365,8809.65331636076,28861.0353673613,TRUE,FALSE,TRUE
13,196712,"p","2020-02-06 16:57:00",744.116666666667,TRUE,744.033333333333,0.0833333333340533,FALSE,TRUE,502.107462380701,1.67369154125454,6.02528954851635,4.73460609855718,8375.99362120206,28603.6988808294,TRUE,FALSE,TRUE
13,196712,"p","2020-02-06 17:02:00",744.2,TRUE,744.116666666667,0.0833333333330302,FALSE,TRUE,502.10726379458,1.67369087932136,6.02528716555689,4.79325813894369,7942.33392604263,28346.3623942952,TRUE,FALSE,TRUE
13,196712,"p","2020-02-06 17:07:00",744.283333333333,TRUE,744.2,0.0833333333329165,FALSE,TRUE,502.107066033183,1.67369022011898,6.02528479242834,4.85191013399339,7508.67423088335,28089.0259077604,TRUE,FALSE,TRUE
13,196712,"p","2020-02-06 17:12:00",744.366666666667,TRUE,744.283333333333,0.0833333333340533,FALSE,TRUE,502.106869092593,1.67368956362751,6.02528242905905,4.91056208389854,7075.01453572453,27831.6894212244,TRUE,FALSE,TRUE
13,196712,"p","2020-02-06 17:17:00",744.45,TRUE,744.366666666667,0.0833333333330302,FALSE,TRUE,502.106672973889,1.67368890991905,6.02528007570859,4.96921398886342,6641.35484056522,27574.35293469,TRUE,FALSE,TRUE
13,196712,"p","2020-02-06 17:22:00",744.533333333333,TRUE,744.45,0.0833333333329165,FALSE,TRUE,502.106477677337,1.67368825893283,6.02527773215819,5.02786584908673,6207.69514540579,27317.0164481581,TRUE,FALSE,TRUE
13,196712,"o","2020-02-06 17:27:00",744.616666666667,TRUE,744.533333333333,0.0833333333340533,FALSE,TRUE,501.316220008586,1.67105406668085,6.01579464005105,5.08625431036314,5774.6788174545,27060.1503549101,TRUE,FALSE,TRUE
13,196712,"p","2020-02-06 17:32:00",744.7,TRUE,744.616666666667,0.0833333333330302,FALSE,TRUE,356.64810920434,1.18882703068546,4.27977731046766,5.09642008824462,5459.69233792941,26889.580932537,TRUE,FALSE,TRUE
13,196712,"p","2020-02-06 17:37:00",744.783333333333,TRUE,744.7,0.0833333333329165,FALSE,TRUE,355.8615587292,1.18620519576993,4.27033870477176,5.10632370276515,5145.3492256116,26719.481903445,TRUE,FALSE,TRUE
13,196712,"p","2020-02-06 17:42:00",744.866666666667,TRUE,744.783333333333,0.0833333333340533,FALSE,TRUE,355.861468223086,1.18620489406671,4.27033761864014,5.11622730716782,4831.00611329414,26549.3828743672,TRUE,FALSE,TRUE
13,196712,"p","2020-02-06 17:47:00",744.95,TRUE,744.866666666667,0.0833333333330302,FALSE,TRUE,355.861378010822,1.18620459337372,4.2703365361454,5.12613090147989,4516.6630009767,26379.2838452902,TRUE,FALSE,TRUE
13,196712,"p","2020-02-06 17:52:00",745.033333333333,TRUE,744.95,0.0833333333329165,FALSE,TRUE,355.8612880919,1.1862042936456,4.27033545712416,5.13603448572317,4202.31988865891,26209.1848162043,TRUE,FALSE,TRUE
13,196712,"o","2020-02-06 17:56:00",745.1,TRUE,745.033333333333,0.0666666666670608,FALSE,TRUE,284.44765060039,1.18519854416128,4.26671475898062,5.1458375148444,3951.05530805692,26073.2269267995,TRUE,FALSE,TRUE
13,196712,"p","2020-02-06 17:57:00",745.116666666667,TRUE,745.1,0.0166666666669926,FALSE,TRUE,62.4633305532531,1.04105550920053,3.7477998331219,5.1412262602216,3895.76258026916,26043.5862157507,TRUE,FALSE,TRUE
13,196712,"p","2020-02-06 18:02:00",745.2,TRUE,745.116666666667,0.0833333333330302,FALSE,TRUE,311.110180008393,1.03703393336508,3.7333221601143,5.13621286769367,3620.34848757771,25895.9893298351,TRUE,FALSE,TRUE
13,196712,"p","2020-02-06 18:07:00",745.283333333333,TRUE,745.2,0.0833333333329165,FALSE,TRUE,311.110112407475,1.0370337080301,3.73332134890837,5.13119947223248,3344.93439488845,25748.392443923,TRUE,FALSE,TRUE
13,196712,"p","2020-02-06 18:12:00",745.366666666667,TRUE,745.283333333333,0.0833333333340533,FALSE,TRUE,311.110045004472,1.03703348333928,3.73332054002141,5.12618607382796,3069.52030219929,25600.7955580127,TRUE,FALSE,TRUE
13,196712,"p","2020-02-06 18:17:00",745.45,TRUE,745.366666666667,0.0833333333330302,FALSE,TRUE,311.109977797007,1.03703325932713,3.73331973357767,5.12117267247439,2794.10620951014,25453.1986720898,TRUE,FALSE,TRUE
13,196712,"p","2020-02-06 18:22:00",745.533333333333,TRUE,745.45,0.0833333333329165,FALSE,TRUE,311.109910784694,1.03703303595417,3.733318929435,5.11615926815754,2518.69211682067,25305.6017861751,TRUE,FALSE,TRUE
13,196712,"p","2020-02-06 18:27:00",745.616666666667,TRUE,745.533333333333,0.0833333333340533,FALSE,TRUE,311.109843970668,1.0370328132266,3.73331812761576,5.11114586086783,2243.27802413162,25158.004900257,TRUE,FALSE,TRUE
13,196712,"p","2020-02-06 18:32:00",745.7,TRUE,745.616666666667,0.0833333333330302,FALSE,TRUE,311.109777350855,1.03703259117329,3.73331732822385,5.106132450599,1967.86393144234,25010.4080143349,TRUE,FALSE,TRUE
13,196712,"p","2020-02-06 18:37:00",745.783333333333,TRUE,745.7,0.0833333333329165,FALSE,TRUE,311.109710925545,1.03703236975701,3.73331653112522,5.10111903733596,1692.4498387527,24862.8111284278,TRUE,FALSE,TRUE
13,196712,"p","2020-02-06 18:42:00",745.866666666667,TRUE,745.783333333333,0.0833333333340533,FALSE,TRUE,311.109644698377,1.03703214898563,3.73331573634826,5.09561642524288,1417.03574606381,24715.2142425082,TRUE,FALSE,TRUE
13,196712,"p","2020-02-06 18:47:00",745.95,TRUE,745.866666666667,0.0833333333330302,FALSE,TRUE,311.109578665438,1.03703192888856,3.73331494399883,5.03277738978201,1141.62165337444,24567.6173565882,TRUE,FALSE,TRUE
13,196712,"p","2020-02-06 18:52:00",746.033333333333,TRUE,745.95,0.0833333333329165,FALSE,TRUE,311.109512828029,1.03703170943195,3.73331415395502,4.96911059088148,866.207560685031,24420.0204706784,TRUE,FALSE,TRUE
13,196712,"p","2020-02-06 18:57:00",746.116666666667,TRUE,746.033333333333,0.0833333333340533,FALSE,TRUE,311.109447186103,1.03703149061138,3.73331336620098,4.90544383957981,590.793467996121,24272.4235847551,TRUE,FALSE,TRUE
13,196712,"p","2020-02-06 19:02:00",746.2,TRUE,746.116666666667,0.0833333333330302,FALSE,TRUE,311.109381742442,1.03703127247858,3.73331258092288,4.84177713567514,315.379375306683,24124.8266988435,TRUE,FALSE,TRUE
13,196712,"p","2020-02-06 19:07:00",746.283333333333,TRUE,746.2,0.0833333333329165,FALSE,TRUE,311.109316493163,1.0370310549824,3.73331179793663,4.77811047895916,39.9652826171333,23977.2298129231,TRUE,FALSE,TRUE
13,196712,"o","2020-02-06 19:09:00",746.316666666667,TRUE,746.283333333333,0.0333333333339851,FALSE,TRUE,128.042823430156,1.06702352856377,3.84128470282956,4.71744313826078,-73.055184806032,23915.8716242572,TRUE,FALSE,TRUE
13,196712,"p","2020-02-06 19:12:00",746.366666666667,TRUE,746.316666666667,0.0500000000000682,FALSE,TRUE,588.339118808596,3.2685506600433,11.7667823761559,4.87692857909759,-553.11678953317,23571.5405299629,TRUE,FALSE,TRUE
13,196712,"p","2020-02-06 19:17:00",746.45,TRUE,746.366666666667,0.0833333333330302,FALSE,TRUE,986.659416426029,3.28886472143206,11.8399129971554,5.03844549418915,-1357.97751466003,22993.7896489662,TRUE,FALSE,TRUE
13,196712,"p","2020-02-06 19:22:00",746.533333333333,TRUE,746.45,0.0833333333329165,FALSE,TRUE,986.658619704354,3.28886206569763,11.8399034365115,5.1999622115453,-2162.8382397868,22416.0387679728,TRUE,FALSE,TRUE
13,196712,"p","2020-02-06 19:27:00",746.616666666667,TRUE,746.533333333333,0.0833333333340533,FALSE,TRUE,986.65782920929,3.28885943066922,11.8398939504092,5.36147873296326,-2967.69896491243,21838.2878869841,TRUE,FALSE,TRUE
13,196712,"o","2020-02-06 19:30:00",746.666666666667,TRUE,746.616666666667,0.0499999999999545,FALSE,TRUE,588.550442951881,3.26972468306898,11.7710088590483,5.52108184691569,-3448.13257951668,21494.1075450417,TRUE,FALSE,TRUE
13,196712,"p","2020-02-06 19:32:00",746.7,TRUE,746.666666666667,0.0333333333330756,FALSE,TRUE,148.320892580053,1.23600743817667,4.449626777436,5.47731330339287,-3588.37768577041,21443.7818006842,TRUE,FALSE,TRUE
13,196712,"p","2020-02-06 19:37:00",746.783333333333,TRUE,746.7,0.0833333333329165,FALSE,TRUE,362.92473753262,1.20974912511479,4.35509685041323,5.43091899530759,-3932.78340022431,21324.142906412,TRUE,FALSE,TRUE
13,196712,"p","2020-02-06 19:42:00",746.866666666667,TRUE,746.783333333333,0.0833333333340533,FALSE,TRUE,362.924679950806,1.2097489331589,4.35509615937204,5.38452473449803,-4277.18911467725,21204.5040121525,TRUE,FALSE,TRUE
13,196712,"p","2020-02-06 19:47:00",746.95,TRUE,746.866666666667,0.0833333333330302,FALSE,TRUE,362.924622681758,1.20974874227693,4.35509547219694,5.33813052079359,-4621.59482913091,21084.8651178823,TRUE,FALSE,TRUE
13,196712,"p","2020-02-06 19:52:00",747.033333333333,TRUE,746.95,0.0833333333329165,FALSE,TRUE,362.924565722619,1.20974855241478,4.35509478869322,5.29173635402317,-4966.00054358455,20965.2262236155,TRUE,FALSE,TRUE
13,196712,"p","2020-02-06 19:57:00",747.116666666667,TRUE,747.033333333333,0.0833333333340533,FALSE,TRUE,362.924509074585,1.2097483635715,4.35509410885739,5.24534223401756,-5310.40625803778,20845.5873293453,TRUE,FALSE,TRUE
13,196712,"p","2020-02-06 20:02:00",747.2,TRUE,747.116666666667,0.0833333333330302,FALSE,TRUE,362.924452740665,1.20974817580662,4.35509343290382,5.19894816060632,-5654.81197249155,20725.9484350827,TRUE,FALSE,TRUE
13,196712,"p","2020-02-06 20:07:00",747.283333333333,TRUE,747.2,0.0833333333329165,FALSE,TRUE,362.924396717037,1.20974798906284,4.35509276062623,5.15255413361932,-5999.21768694524,20606.309540811,TRUE,FALSE,TRUE
13,196712,"p","2020-02-06 20:12:00",747.366666666667,TRUE,747.283333333333,0.0833333333340533,FALSE,TRUE,362.924341003794,1.20974780333553,4.3550920920079,5.10642350728479,-6343.62340139848,20486.6706465518,TRUE,FALSE,TRUE
13,196712,"p","2020-02-06 20:17:00",747.45,TRUE,747.366666666667,0.0833333333330302,FALSE,TRUE,362.924285603484,1.20974761868268,4.35509142725765,5.10851556608451,-6688.02911585216,20367.0317522892,TRUE,FALSE,TRUE
13,196712,"p","2020-02-06 20:22:00",747.533333333333,TRUE,747.45,0.0833333333329165,FALSE,TRUE,362.924230514776,1.20974743505531,4.3550907661991,5.11086979001305,-7032.43483030587,20247.3928580208,TRUE,FALSE,TRUE
13,196712,"p","2020-02-06 20:27:00",747.616666666667,TRUE,747.533333333333,0.0833333333340533,FALSE,TRUE,362.924175736483,1.20974725244449,4.35509010880017,5.11322402585083,-7376.84054475899,20127.7539637546,TRUE,FALSE,TRUE
13,196712,"p","2020-02-06 20:32:00",747.7,TRUE,747.616666666667,0.0833333333330302,FALSE,TRUE,362.924121271506,1.20974707090942,4.35508945527392,5.1155782736044,-7721.2462592126,20008.1150694891,TRUE,FALSE,TRUE
13,196712,"p","2020-02-06 20:37:00",747.783333333333,TRUE,747.7,0.0833333333329165,FALSE,TRUE,365.156958801114,1.21718986267647,4.38188350563528,5.11867683050748,-8068.2539349611,19889.1342995659,TRUE,FALSE,TRUE
13,196712,"p","2020-02-06 20:42:00",747.866666666667,TRUE,747.783333333333,0.0833333333340533,FALSE,TRUE,820.413535756665,2.73471178583192,9.84496242899492,5.27362815467455,-8892.60812982227,19890.890668804,TRUE,FALSE,TRUE
13,196712,"p","2020-02-06 20:47:00",747.95,TRUE,747.866666666667,0.0833333333330302,FALSE,TRUE,823.004751717874,2.74334917240289,9.87605702065042,5.44385752099479,-9719.56428597938,19893.3051623818,TRUE,FALSE,TRUE
13,196712,"p","2020-02-06 20:52:00",748.033333333333,TRUE,747.95,0.0833333333329165,FALSE,TRUE,823.004797281794,2.74334932428637,9.87605756743093,5.61448906008691,-10546.5204421364,19895.7196559598,TRUE,FALSE,TRUE
13,196712,"p","2020-02-06 20:57:00",748.116666666667,TRUE,748.033333333333,0.0833333333340533,FALSE,TRUE,823.004846486171,2.74334948826353,9.87605815774872,5.78512063811026,-11373.4765982922,19898.1341495277,TRUE,FALSE,TRUE
13,196712,"p","2020-02-06 21:02:00",748.2,TRUE,748.116666666667,0.0833333333330302,FALSE,TRUE,823.004899334832,2.74334966445942,9.87605879205392,5.95575225622227,-12200.4327544494,19900.5486431129,TRUE,FALSE,TRUE
13,196712,"p","2020-02-06 21:07:00",748.283333333333,TRUE,748.2,0.0833333333329165,FALSE,TRUE,823.004955823502,2.74334985275873,9.87605946993143,6.12638391556543,-13027.3889106063,19902.9631366937,TRUE,FALSE,TRUE
13,196712,"p","2020-02-06 21:12:00",748.366666666667,TRUE,748.283333333333,0.0833333333340533,FALSE,TRUE,823.005015953206,2.74335005315365,9.87606019135314,6.29701561728538,-13854.3450667622,19905.3776302664,TRUE,FALSE,TRUE
13,196712,"o","2020-02-06 21:17:00",748.45,TRUE,748.366666666667,0.0833333333330302,FALSE,TRUE,820.290943900411,2.73430314634465,9.84349132684075,6.46674265059719,-14678.5668481114,19909.5719815064,TRUE,FALSE,TRUE
13,196712,"o","2020-02-06 21:21:00",748.516666666667,TRUE,748.45,0.0666666666669471,FALSE,TRUE,368.014328355732,1.5333930348091,5.52021492531276,6.51637869496077,-14938.4598097593,20172.1172297686,TRUE,FALSE,TRUE
13,196712,"p","2020-02-06 21:22:00",748.533333333333,TRUE,748.516666666667,0.0166666666659694,FALSE,TRUE,109.789314253516,1.82982190430182,6.58735885548653,6.59565764841525,-15048.6107099407,20178.1528308243,TRUE,FALSE,TRUE
13,196712,"p","2020-02-06 21:27:00",748.616666666667,TRUE,748.533333333333,0.0833333333340533,FALSE,TRUE,554.914331211833,1.8497144373568,6.65897197448446,6.67692587725236,-15605.763035698,20199.9542286695,TRUE,FALSE,TRUE
13,196712,"p","2020-02-06 21:32:00",748.7,TRUE,748.616666666667,0.0833333333330302,FALSE,TRUE,554.91437928453,1.84971459762183,6.65897255143858,6.75819414412569,-16162.9153614676,20221.7556265081,TRUE,FALSE,TRUE
13,196712,"p","2020-02-06 21:37:00",748.783333333333,TRUE,748.7,0.0833333333329165,FALSE,TRUE,554.914428461522,1.84971476154766,6.65897314157157,6.83946244933726,-16720.067687237,20243.55702435,TRUE,FALSE,TRUE
13,196712,"p","2020-02-06 21:42:00",748.866666666667,TRUE,748.783333333333,0.0833333333340533,FALSE,TRUE,554.914478754082,1.84971492916429,6.65897374499145,6.92073079319255,-17277.2200130056,20265.3584221754,TRUE,FALSE,TRUE
13,196712,"p","2020-02-06 21:47:00",748.95,TRUE,748.866666666667,0.0833333333330302,FALSE,TRUE,554.914530164365,1.84971510055461,6.6589743619966,7.00199917600015,-17834.372338775,20287.1598200187,TRUE,FALSE,TRUE
13,196712,"p","2020-02-06 21:52:00",749.033333333333,TRUE,748.95,0.0833333333329165,FALSE,TRUE,554.914582690454,1.8497152756441,6.65897499231875,7.08326759806632,-18391.5246645444,20308.9612178561,TRUE,FALSE,TRUE
13,196712,"p","2020-02-06 21:57:00",749.116666666667,TRUE,749.033333333333,0.0833333333340533,FALSE,TRUE,554.914636331933,1.8497154544238,6.65897563592566,7.16153679065233,-18948.6769903134,20330.7626157,TRUE,FALSE,TRUE
13,196712,"p","2020-02-06 22:02:00",749.2,TRUE,749.116666666667,0.0833333333330302,FALSE,TRUE,554.91469109088,1.84971563697633,6.65897629311478,7.01965328834563,-19505.8293160829,20352.5640135328,TRUE,FALSE,TRUE
13,196712,"p","2020-02-06 22:07:00",749.283333333333,TRUE,749.2,0.0833333333329165,FALSE,TRUE,554.914746964989,1.84971582322588,6.65897696361318,6.87573839852501,-20062.9816418521,20374.3654113704,TRUE,FALSE,TRUE
13,196712,"p","2020-02-06 22:12:00",749.366666666667,TRUE,749.283333333333,0.0833333333340533,FALSE,TRUE,554.914803955452,1.84971601316886,6.65897764740789,6.73182379327214,-20620.1339676209,20396.1668092068,TRUE,FALSE,TRUE
13,196712,"p","2020-02-06 22:17:00",749.45,TRUE,749.366666666667,0.0833333333330302,FALSE,TRUE,554.914862062897,1.84971620688305,6.65897834477898,6.58790947089352,-21177.2862933903,20417.9682070536,TRUE,FALSE,TRUE
13,196712,"p","2020-02-06 22:22:00",749.533333333333,TRUE,749.45,0.0833333333329165,FALSE,TRUE,554.914921286502,1.84971640429759,6.65897905547133,6.44590864301638,-21734.43861916,20439.7696048848,TRUE,FALSE,TRUE
13,196712,"p","2020-02-06 22:27:00",749.616666666667,TRUE,749.533333333333,0.0833333333340533,FALSE,TRUE,554.91498162469,1.84971660539965,6.65897977943874,6.50727955973868,-22291.5909449285,20461.5710027244,TRUE,FALSE,TRUE
14,196712,"p","2020-02-08 12:07:00",787.283333333333,TRUE,787.2,0.0833333333329165,FALSE,TRUE,522.767953580048,1.74255984527554,6.27321544299195,6.27321544299195,-22448.0385249512,19006.6480320919,TRUE,TRUE,TRUE
14,196712,"o","2020-02-08 12:12:00",787.366666666667,TRUE,787.283333333333,0.0833333333340533,FALSE,TRUE,519.756224871786,1.73252074955765,6.23707469840754,6.25514507069975,-22218.39295253,18538.4896025728,TRUE,FALSE,TRUE
14,196712,"p","2020-02-08 12:17:00",787.45,TRUE,787.366666666667,0.0833333333330302,FALSE,TRUE,155.004454954477,0.516681516516805,1.8600534594605,4.79011453362,-22369.5467016191,18501.0031806513,TRUE,FALSE,TRUE
14,196712,"p","2020-02-08 12:22:00",787.533333333333,TRUE,787.45,0.0833333333329165,FALSE,TRUE,156.469360656857,0.521564535525464,1.87763232789167,4.06199398218792,-22522.7761442684,18465.8643025972,TRUE,FALSE,TRUE
14,196712,"p","2020-02-08 12:27:00",787.616666666667,TRUE,787.533333333333,0.0833333333340533,FALSE,TRUE,156.469356554753,0.521564521844672,1.87763227864082,3.6251216414785,-22676.0055869173,18430.725424541,TRUE,FALSE,TRUE
14,196712,"p","2020-02-08 12:32:00",787.7,TRUE,787.616666666667,0.0833333333330302,FALSE,TRUE,156.469352479821,0.521564508267968,1.87763222976468,3.33387340619286,-22829.2350295662,18395.5865464901,TRUE,FALSE,TRUE
14,196712,"p","2020-02-08 12:37:00",787.783333333333,TRUE,787.7,0.0833333333329165,FALSE,TRUE,156.469348429449,0.521564494767439,1.87763218116278,3.12583894547428,-22982.4644722155,18360.4476684393,TRUE,FALSE,TRUE
14,196712,"p","2020-02-08 12:42:00",787.866666666667,TRUE,787.783333333333,0.0833333333340533,FALSE,TRUE,156.469344403195,0.521564481339478,1.87763213282212,2.96981309389276,-23135.6939148643,18325.3087903744,TRUE,FALSE,TRUE
14,196712,"p","2020-02-08 12:47:00",787.95,TRUE,787.866666666667,0.0833333333330302,FALSE,TRUE,156.469340402878,0.521564468011491,1.87763208484137,2.8484596484426,-23288.9233575136,18290.1699123207,TRUE,FALSE,TRUE
14,196712,"p","2020-02-08 12:52:00",788.033333333333,TRUE,787.95,0.0833333333329165,FALSE,TRUE,156.469336427255,0.521564454760126,1.87763203713645,2.75137688731199,-23442.1528001627,18255.0310342679,TRUE,FALSE,TRUE
14,196712,"p","2020-02-08 12:57:00",788.116666666667,TRUE,788.033333333333,0.0833333333340533,FALSE,TRUE,156.46933247581,0.521564441581527,1.8776319896935,2.67194553298303,-23595.3822428117,18219.8921562185,TRUE,FALSE,TRUE
14,196712,"p","2020-02-08 13:02:00",788.2,TRUE,788.116666666667,0.0833333333330302,FALSE,TRUE,156.46932855111,0.521564428505596,1.87763194262015,2.60575273378613,-23748.6116854608,18184.7532781613,TRUE,FALSE,TRUE
14,196712,"p","2020-02-08 13:07:00",788.283333333333,TRUE,788.2,0.0833333333329165,FALSE,TRUE,156.469324649996,0.521564415502594,1.87763189580934,2.54974343855714,-23901.8411281098,18149.6144001084,TRUE,FALSE,TRUE
14,196712,"p","2020-02-08 13:12:00",788.366666666667,TRUE,788.283333333333,0.0833333333340533,FALSE,TRUE,156.469320774602,0.521564402577499,1.877631849279,2.50173546789442,-24055.0705707588,18114.4755220506,TRUE,FALSE,TRUE
14,196712,"p","2020-02-08 13:17:00",788.45,TRUE,788.366666666667,0.0833333333330302,FALSE,TRUE,156.46931692337,0.521564389746464,1.87763180308727,2.46012855690728,-24208.300013408,18079.3366440007,TRUE,FALSE,TRUE
14,196712,"p","2020-02-08 13:22:00",788.533333333333,TRUE,788.45,0.0833333333329165,FALSE,TRUE,156.469313098499,0.521564376997605,1.87763175719138,2.42372250692503,-24361.5294560572,18044.1977659459,TRUE,FALSE,TRUE
14,196712,"p","2020-02-08 13:27:00",788.616666666667,TRUE,788.533333333333,0.0833333333340533,FALSE,TRUE,156.469309297199,0.52156436431949,1.87763171155016,2.3915995189618,-24514.758898706,18009.0588878872,TRUE,FALSE,TRUE
14,196712,"p","2020-02-08 13:32:00",788.7,TRUE,788.616666666667,0.0833333333330302,FALSE,TRUE,156.46930552117,0.521564351739131,1.87763166626087,2.36304574936731,-24667.988341355,17973.9200098265,TRUE,FALSE,TRUE
14,196712,"p","2020-02-08 13:37:00",788.783333333333,TRUE,788.7,0.0833333333329165,FALSE,TRUE,156.469301771135,0.521564339239727,1.87763162126302,2.33749763736182,-24821.2177840042,17938.7811317769,TRUE,FALSE,TRUE
14,196712,"p","2020-02-08 13:42:00",788.866666666667,TRUE,788.783333333333,0.0833333333340533,FALSE,TRUE,156.469298045105,0.521564326812511,1.87763157652504,2.31450433431998,-24974.4472266532,17903.6422537222,TRUE,FALSE,TRUE
14,196712,"p","2020-02-08 13:47:00",788.95,TRUE,788.866666666667,0.0833333333330302,FALSE,TRUE,156.469294345153,0.52156431448574,1.87763153214866,2.29370086754992,-25127.6766693022,17868.5033756609,TRUE,FALSE,TRUE
14,196712,"p","2020-02-08 13:52:00",789.033333333333,TRUE,788.95,0.0833333333329165,FALSE,TRUE,156.469290668425,0.521564302230692,1.87763148803049,2.27478862302631,-25280.9061119514,17833.3644976204,TRUE,FALSE,TRUE
14,196712,"p","2020-02-08 13:57:00",789.116666666667,TRUE,789.033333333333,0.0833333333340533,FALSE,TRUE,156.469287018538,0.521564290057287,1.87763144420623,2.25752091959935,-25434.1355546003,17798.2256195583,TRUE,FALSE,TRUE
14,196712,"p","2020-02-08 14:02:00",789.2,TRUE,789.116666666667,0.0833333333330302,FALSE,TRUE,156.46928339325,0.521564277979398,1.87763140072583,2.24169218964628,-25587.3649972497,17763.0867414978,TRUE,FALSE,TRUE
14,196712,"p","2020-02-08 14:07:00",789.283333333333,TRUE,789.2,0.0833333333329165,FALSE,TRUE,156.469279791384,0.521564265973888,1.877631357506,2.22712975636067,-25740.5944398985,17727.9478634485,TRUE,FALSE,TRUE
14,196712,"p","2020-02-08 14:12:00",789.366666666667,TRUE,789.283333333333,0.0833333333340533,FALSE,TRUE,156.469276215862,0.521564254048367,1.87763131457412,2.21368750859965,-25893.8238825474,17692.8089853976,TRUE,FALSE,TRUE
14,196712,"p","2020-02-08 14:17:00",789.45,TRUE,789.366666666667,0.0833333333330302,FALSE,TRUE,156.469272666053,0.521564242222073,1.87763127199946,2.20124098131816,-26047.0533251966,17657.6701073405,TRUE,FALSE,TRUE
14,196712,"p","2020-02-08 14:22:00",789.533333333333,TRUE,789.45,0.0833333333329165,FALSE,TRUE,156.469269139542,0.521564230467749,1.8776312296839,2.18968349018837,-26200.2827678457,17622.5312292894,TRUE,FALSE,TRUE
14,196712,"p","2020-02-08 14:27:00",789.616666666667,TRUE,789.533333333333,0.0833333333340533,FALSE,TRUE,156.469265639873,0.521564218795071,1.87763118766226,2.17892306596333,-26353.5122104947,17587.3923512317,TRUE,FALSE,TRUE
14,196712,"p","2020-02-08 14:32:00",789.7,TRUE,789.616666666667,0.0833333333330302,FALSE,TRUE,156.469262163216,0.521564207212616,1.87763114596542,2.1688800019634,-26506.7416531438,17552.2534731712,TRUE,FALSE,TRUE
14,196712,"p","2020-02-08 14:37:00",789.783333333333,TRUE,789.7,0.0833333333329165,FALSE,TRUE,156.469258712932,0.521564195712384,1.87763110456458,2.15948487624086,-26659.9710957928,17517.114595122,TRUE,FALSE,TRUE
14,196712,"p","2020-02-08 14:42:00",789.866666666667,TRUE,789.783333333333,0.0833333333340533,FALSE,TRUE,156.46925528685,0.521564184284994,1.87763106342598,2.15067694459039,-26813.200538442,17481.9757170662,TRUE,FALSE,TRUE
14,196712,"o","2020-02-08 14:47:00",789.95,TRUE,789.866666666667,0.0833333333330302,FALSE,TRUE,155.321485505796,0.517738285021203,1.86385782607633,2.14198545615057,-26965.35720404,17447.3178951163,TRUE,FALSE,TRUE
14,196712,"p","2020-02-08 14:52:00",790.033333333333,TRUE,789.95,0.0833333333329165,FALSE,TRUE,69.501406417747,0.231671354726982,0.834016877017135,2.10351579205841,-26920.7060261703,17500.9129069697,TRUE,FALSE,TRUE
14,196712,"p","2020-02-08 14:57:00",790.116666666667,TRUE,790.033333333333,0.0833333333340533,FALSE,TRUE,70.5547080923615,0.23518236030584,0.846656497101023,2.0676055264882,-26874.982071249,17554.9889749203,TRUE,FALSE,TRUE
14,196712,"p","2020-02-08 15:02:00",790.2,TRUE,790.116666666667,0.0833333333330302,FALSE,TRUE,70.5547127816363,0.235182375939643,0.846656553382716,2.03369027723527,-26829.258116328,17609.0650428787,TRUE,FALSE,TRUE
14,196712,"p","2020-02-08 15:07:00",790.283333333333,TRUE,790.2,0.0833333333329165,FALSE,TRUE,70.5547174718908,0.235182391574146,0.846656609666924,1.88295253186513,-26783.5341614069,17663.1411108307,TRUE,FALSE,TRUE
14,196712,"p","2020-02-08 15:12:00",790.366666666667,TRUE,790.283333333333,0.0833333333340533,FALSE,TRUE,70.5547221628803,0.235182407207569,0.846656665947248,1.73321869763012,-26737.810206486,17717.2171787831,TRUE,FALSE,TRUE
14,196712,"p","2020-02-08 15:17:00",790.45,TRUE,790.366666666667,0.0833333333330302,FALSE,TRUE,70.5547268562895,0.235182422855154,0.846656722278554,1.70506878826396,-26692.0862515645,17771.2932467405,TRUE,FALSE,TRUE
14,196712,"p","2020-02-08 15:22:00",790.533333333333,TRUE,790.45,0.0833333333329165,FALSE,TRUE,70.5547315563865,0.235182438522465,0.846656778680873,1.67643057856366,-26646.3622966435,17825.3693146939,TRUE,FALSE,TRUE
14,196712,"p","2020-02-08 15:27:00",790.616666666667,TRUE,790.533333333333,0.0833333333340533,FALSE,TRUE,70.5547362523388,0.235182454172431,0.84665683502075,1.64779237179643,-26600.6383417223,17879.4453826499,TRUE,FALSE,TRUE
14,196712,"p","2020-02-08 15:32:00",790.7,TRUE,790.616666666667,0.0833333333330302,FALSE,TRUE,70.5547409553454,0.235182469852007,0.846656891467225,1.61915416795484,-26554.9143868013,17933.5214506006,TRUE,FALSE,TRUE
14,196712,"p","2020-02-08 15:37:00",790.783333333333,TRUE,790.7,0.0833333333329165,FALSE,TRUE,70.5547456573057,0.235182485525529,0.846656947891904,1.59051596703065,-26509.1904318802,17987.5975185662,TRUE,FALSE,TRUE
14,196712,"p","2020-02-08 15:42:00",790.866666666667,TRUE,790.783333333333,0.0833333333340533,FALSE,TRUE,70.5547503632214,0.235182501208706,0.846657004351341,1.56187776901757,-26463.4664769591,18041.6735865197,TRUE,FALSE,TRUE
14,196712,"p","2020-02-08 15:47:00",790.95,TRUE,790.866666666667,0.0833333333330302,FALSE,TRUE,70.5547550711893,0.23518251690482,0.846657060857352,1.5332395739069,-26417.7425220378,18095.7496544689,TRUE,FALSE,TRUE
14,196712,"p","2020-02-08 15:52:00",791.033333333333,TRUE,790.95,0.0833333333329165,FALSE,TRUE,70.5547597808428,0.235182532603986,0.846657117374348,1.50460138169129,-26372.0185671168,18149.8257224249,TRUE,FALSE,TRUE
14,196712,"p","2020-02-08 15:57:00",791.116666666667,TRUE,791.033333333333,0.0833333333340533,FALSE,TRUE,70.5547644948179,0.235182548314028,0.846657173930499,1.47596319236454,-26326.2946121957,18203.9017903815,TRUE,FALSE,TRUE
14,196712,"p","2020-02-08 16:02:00",791.2,TRUE,791.116666666667,0.0833333333330302,FALSE,TRUE,70.5547692063056,0.235182564021874,0.846657230478747,1.44732500591617,-26280.5706572746,18257.9778583363,TRUE,FALSE,TRUE
14,196712,"p","2020-02-08 16:07:00",791.283333333333,TRUE,791.2,0.0833333333329165,FALSE,TRUE,70.5547739261653,0.235182579755061,0.846657287118218,1.41868682234141,-26234.8467023536,18312.0539262974,TRUE,FALSE,TRUE
14,196712,"p","2020-02-08 16:12:00",791.366666666667,TRUE,791.283333333333,0.0833333333340533,FALSE,TRUE,70.5547786448554,0.235182595480819,0.84665734373095,1.39004864163174,-26189.1227474324,18366.129994247,TRUE,FALSE,TRUE
15,196712,"o","2020-02-09 06:57:00",806.116666666667,TRUE,806.033333333333,0.0833333333340533,FALSE,TRUE,1318.53952975389,4.39513176580832,15.8224743569099,15.8224743569099,-20881.602416243,23584.871712469,TRUE,TRUE,TRUE
15,196712,"p","2020-02-09 07:02:00",806.2,TRUE,806.116666666667,0.0833333333330302,FALSE,TRUE,279.847475291141,0.932824917640532,3.35816970350591,9.59032203020793,-20626.2010152614,23702.2907756808,TRUE,FALSE,TRUE
15,196712,"p","2020-02-09 07:07:00",806.283333333333,TRUE,806.2,0.0833333333329165,FALSE,TRUE,274.205072070007,0.914016906904594,3.29046086485654,7.49036830842413,-20375.7308660824,23816.8681663219,TRUE,FALSE,TRUE
15,196712,"o","2020-02-09 07:10:00",806.333333333333,TRUE,806.283333333333,0.0500000000000682,FALSE,TRUE,164.986359864279,0.916590888133632,3.29972719728108,6.44270803063837,-20224.8981216811,23885.5299365916,TRUE,FALSE,TRUE
15,196712,"p","2020-02-09 07:12:00",806.366666666667,TRUE,806.333333333333,0.0333333333339851,FALSE,TRUE,145.292502172428,1.21077085141322,4.3587750650876,6.02592143752821,-20084.4117215338,23925.1649551924,TRUE,FALSE,TRUE
15,196712,"p","2020-02-09 07:17:00",806.45,TRUE,806.366666666667,0.0833333333330302,FALSE,TRUE,364.492729496645,1.21497576499324,4.37391275397565,5.75058665693612,-19731.8190839296,24024.0408414147,TRUE,FALSE,TRUE
15,196712,"p","2020-02-09 07:22:00",806.533333333333,TRUE,806.45,0.0833333333329165,FALSE,TRUE,364.492764152976,1.214975880516,4.37391316985759,5.5539190159249,-19379.2264463257,24122.9167276402,TRUE,FALSE,TRUE
15,196712,"p","2020-02-09 07:27:00",806.616666666667,TRUE,806.533333333333,0.0833333333340533,FALSE,TRUE,364.492799115992,1.21497599704281,4.37391358935411,5.40641833760355,-19026.6338087298,24221.7926138535,TRUE,FALSE,TRUE
15,196712,"o","2020-02-09 07:28:00",806.633333333333,TRUE,806.616666666667,0.0166666666659694,FALSE,TRUE,72.0496725265118,1.2008278754921,4.32298035177157,5.28603633917778,-18957.0169236391,24241.6211560288,TRUE,FALSE,TRUE
15,196712,"p","2020-02-09 07:32:00",806.7,TRUE,806.633333333333,0.0666666666670608,FALSE,TRUE,171.954410819275,0.716476711742742,2.57931616227387,5.01536432148739,-18807.813478247,24328.5859945913,TRUE,FALSE,TRUE
15,196712,"p","2020-02-09 07:37:00",806.783333333333,TRUE,806.7,0.0833333333329165,FALSE,TRUE,214.00888809216,0.713362960310769,2.56810665711877,4.79288635199933,-18622.4362245547,24437.3587489666,TRUE,FALSE,TRUE
15,196712,"p","2020-02-09 07:42:00",806.866666666667,TRUE,806.783333333333,0.0833333333340533,FALSE,TRUE,214.008916354305,0.713363054508186,2.56810699622947,4.60748807235184,-18437.0589708627,24546.1315033448,TRUE,FALSE,TRUE
15,196712,"p","2020-02-09 07:47:00",806.95,TRUE,806.866666666667,0.0833333333330302,FALSE,TRUE,214.008944681808,0.713363148941954,2.56810733619103,4.4506126311087,-18251.6817171705,24654.9042577278,TRUE,FALSE,TRUE
15,196712,"p","2020-02-09 07:52:00",807.033333333333,TRUE,806.95,0.0833333333329165,FALSE,TRUE,214.008973073467,0.713363243581793,2.56810767689445,4.31614799152197,-18066.3044634781,24763.6770120909,TRUE,FALSE,TRUE
15,196712,"p","2020-02-09 07:57:00",807.116666666667,TRUE,807.033333333333,0.0833333333340533,FALSE,TRUE,214.009001529118,0.713363338424231,2.56810801832723,4.19961199330899,-17880.9272097861,24872.4497664784,TRUE,FALSE,TRUE
15,196712,"p","2020-02-09 08:02:00",807.2,TRUE,807.116666666667,0.0833333333330302,FALSE,TRUE,214.009030046241,0.713363433490066,2.56810836056424,4.09764301626244,-17695.5499560941,24981.2225208472,TRUE,FALSE,TRUE
15,196712,"p","2020-02-09 08:07:00",807.283333333333,TRUE,807.2,0.0833333333329165,FALSE,TRUE,214.009058631006,0.71336352877359,2.56810870358492,4.00767040963435,-17510.1727024016,25089.9952752183,TRUE,FALSE,TRUE
15,196712,"p","2020-02-09 08:12:00",807.366666666667,TRUE,807.283333333333,0.0833333333340533,FALSE,TRUE,214.009087276646,0.713363624249323,2.56810904729756,3.92769477839342,-17324.7954487098,25198.7680296009,TRUE,FALSE,TRUE
15,196712,"p","2020-02-09 08:17:00",807.45,TRUE,807.366666666667,0.0833333333330302,FALSE,TRUE,214.009115985436,0.713363719954049,2.56810939183458,3.85613765278506,-17139.4181950174,25307.5407839738,TRUE,FALSE,TRUE
15,196712,"p","2020-02-09 08:22:00",807.533333333333,TRUE,807.45,0.0833333333329165,FALSE,TRUE,214.009144760011,0.71336381587027,2.56810973713297,3.79173625700245,-16954.040941325,25416.3135383567,TRUE,FALSE,TRUE
15,196712,"p","2020-02-09 08:27:00",807.616666666667,TRUE,807.533333333333,0.0833333333340533,FALSE,TRUE,214.009173595391,0.713363911978474,2.56811008312251,3.73346834396055,-16768.6636876331,25525.0862927219,TRUE,FALSE,TRUE
15,196712,"o","2020-02-09 08:30:00",807.666666666667,TRUE,807.616666666667,0.0499999999999545,FALSE,TRUE,127.49944747483,0.7083302637497,2.54998894949892,3.67967382603048,-16657.9315228493,25589.3933923179,TRUE,FALSE,TRUE
15,196712,"p","2020-02-09 08:32:00",807.7,TRUE,807.666666666667,0.0333333333330756,FALSE,TRUE,46.1197017530697,0.384330847945219,1.38359105260279,3.57984414022927,-16619.9465278507,25562.8994848059,TRUE,FALSE,TRUE
15,196712,"p","2020-02-09 08:37:00",807.783333333333,TRUE,807.7,0.0833333333329165,FALSE,TRUE,115.687831518188,0.385626105062554,1.38825397822519,3.4885278834791,-16526.2195089017,25494.2733334912,TRUE,FALSE,TRUE
15,196712,"o","2020-02-09 08:38:00",807.8,TRUE,807.783333333333,0.0166666666669926,FALSE,TRUE,25.0791828019699,0.417986380024658,1.50475096808877,3.40917680686349,-16503.8396737364,25482.712872775,TRUE,FALSE,TRUE
15,196712,"p","2020-02-09 08:42:00",807.866666666667,TRUE,807.8,0.0666666666670608,FALSE,TRUE,662.261119848087,2.75942133268405,9.93391679766258,3.66012834497115,-15893.2695622007,25746.8235234636,TRUE,FALSE,TRUE
15,196712,"p","2020-02-09 08:47:00",807.95,TRUE,807.866666666667,0.0833333333330302,FALSE,TRUE,833.048352784145,2.77682784262392,9.99658023344611,3.894811748248,-15125.5138835125,26079.6677987862,TRUE,FALSE,TRUE
15,196712,"p","2020-02-09 08:52:00",808.033333333333,TRUE,807.95,0.0833333333329165,FALSE,TRUE,833.048686692531,2.77682895565566,9.99658424036038,4.11273219439487,-14357.7582048245,26412.5120741158,TRUE,FALSE,TRUE
15,196712,"p","2020-02-09 08:57:00",808.116666666667,TRUE,808.033333333333,0.0833333333340533,FALSE,TRUE,833.049024363399,2.77683008118734,9.99658829227442,4.31562378397692,-13590.0025261374,26745.3563494484,TRUE,FALSE,TRUE
15,196712,"p","2020-02-09 09:02:00",808.2,TRUE,808.116666666667,0.0833333333330302,FALSE,TRUE,833.049365797179,2.77683121933403,9.99659238960252,4.50498940416444,-12822.2468474495,27078.20062478,TRUE,FALSE,TRUE
15,196712,"p","2020-02-09 09:07:00",808.283333333333,TRUE,808.2,0.0833333333329165,FALSE,TRUE,833.049710997638,2.77683237000602,9.99659653202166,4.68213802119209,-12054.4911687612,27411.0449001051,TRUE,FALSE,TRUE
15,196712,"p","2020-02-09 09:12:00",808.366666666667,TRUE,808.283333333333,0.0833333333340533,FALSE,TRUE,833.050059957133,2.77683353316645,9.99660071939922,4.84821498051107,-11286.7354900742,27743.8891754391,TRUE,FALSE,TRUE
15,196712,"p","2020-02-09 09:17:00",808.45,TRUE,808.366666666667,0.0833333333330302,FALSE,TRUE,833.050412684061,2.77683470895697,9.9966049522451,5.00422679783634,-10518.9798113861,28076.7334507569,TRUE,FALSE,TRUE
15,196712,"p","2020-02-09 09:22:00",808.533333333333,TRUE,808.45,0.0833333333329165,FALSE,TRUE,833.050769175056,2.77683589726408,9.99660923015067,5.15106157525735,-9751.22413269799,28409.5777260895,TRUE,FALSE,TRUE
15,196712,"o","2020-02-09 09:25:00",808.583333333333,TRUE,808.533333333333,0.0500000000000682,FALSE,TRUE,501.128463157963,2.78404701754044,10.0225692631456,5.29024750919701,-9290.69735657631,28612.8153091838,TRUE,FALSE,TRUE
15,196712,"p","2020-02-09 09:27:00",808.616666666667,TRUE,808.583333333333,0.0333333333339851,FALSE,TRUE,490.191205815506,4.08492671504934,14.7057361741776,5.55178886100203,-8992.86227387339,29004.3619852408,TRUE,FALSE,TRUE
15,196712,"o","2020-02-09 09:29:00",808.65,TRUE,808.616666666667,0.033333333332962,FALSE,TRUE,487.400985509218,4.06167487928874,14.6220295654395,5.51844317235007,-8696.82093563891,29393.7541701025,TRUE,FALSE,TRUE
15,196712,"p","2020-02-09 09:32:00",808.7,TRUE,808.65,0.0500000000000682,FALSE,TRUE,263.702047953741,1.46501137751879,5.27404095906763,5.5716618183379,-8434.09727799827,29359.4077038226,TRUE,FALSE,TRUE
15,196712,"p","2020-02-09 09:37:00",808.783333333333,TRUE,808.7,0.0833333333329165,FALSE,TRUE,438.096764608845,1.46032254870345,5.25716117533244,5.62629238251779,-7999.00303756163,29292.6877448677,TRUE,FALSE,TRUE
15,196712,"p","2020-02-09 09:42:00",808.866666666667,TRUE,808.783333333333,0.0833333333340533,FALSE,TRUE,438.096712350191,1.46032237448802,5.25716054815686,5.68066553115322,-7563.90879712581,29225.9677859159,TRUE,FALSE,TRUE
15,196712,"p","2020-02-09 09:47:00",808.95,TRUE,808.866666666667,0.0833333333330302,FALSE,TRUE,438.096660641399,1.46032220214331,5.25715992771592,5.70562066622623,-7128.81455668883,29159.2478269686,TRUE,FALSE,TRUE
15,196712,"p","2020-02-09 09:52:00",809.033333333333,TRUE,808.95,0.0833333333329165,FALSE,TRUE,438.096609480534,1.46032203160909,5.25715931379271,5.73015529288782,-6693.72031625219,29092.5278680111,TRUE,FALSE,TRUE
15,196712,"p","2020-02-09 09:57:00",809.116666666667,TRUE,809.033333333333,0.0833333333340533,FALSE,TRUE,438.096558868762,1.46032186288326,5.25715870637972,5.75468989112454,-6258.62607581604,29025.8079090602,TRUE,FALSE,TRUE
15,196712,"p","2020-02-09 10:02:00",809.2,TRUE,809.116666666667,0.0833333333330302,FALSE,TRUE,438.096508806846,1.46032169602813,5.25715810570127,5.77922446102308,-5823.53183537928,28959.0879501096,TRUE,FALSE,TRUE
15,196712,"p","2020-02-09 10:07:00",809.283333333333,TRUE,809.2,0.0833333333329165,FALSE,TRUE,438.096459293032,1.46032153098408,5.25715751154269,5.80517382657227,-5388.4375949428,28892.367991149,TRUE,FALSE,TRUE
15,196712,"p","2020-02-09 10:12:00",809.366666666667,TRUE,809.283333333333,0.0833333333340533,FALSE,TRUE,438.096410328331,1.46032136774848,5.25715692389455,5.87955829217285,-4953.34335450652,28825.6480322027,TRUE,FALSE,TRUE
15,196712,"p","2020-02-09 10:17:00",809.45,TRUE,809.366666666667,0.0833333333330302,FALSE,TRUE,438.096361912973,1.46032120638189,5.2571563429748,5.95425411677996,-4518.24911406984,28758.928073254,TRUE,FALSE,TRUE
15,196712,"o","2020-02-09 10:19:00",809.483333333333,TRUE,809.45,0.033333333332962,FALSE,TRUE,171.76764255233,1.43139702128537,5.15302927662732,6.02605751345768,-4347.69323643044,28732.5441685301,TRUE,FALSE,TRUE
15,196712,"p","2020-02-09 10:22:00",809.533333333333,TRUE,809.483333333333,0.0499999999999545,FALSE,TRUE,122.481326770445,0.68045181539198,2.44962653541113,6.02276638010268,-4470.59024612468,28726.0441409678,TRUE,FALSE,TRUE
15,196712,"p","2020-02-09 10:27:00",809.616666666667,TRUE,809.533333333333,0.0833333333340533,FALSE,TRUE,209.877577483854,0.699591924940135,2.51853092978448,6.02138924823851,-4681.2216265077,28715.7175597981,TRUE,FALSE,TRUE
15,196712,"p","2020-02-09 10:32:00",809.7,TRUE,809.616666666667,0.0833333333330302,FALSE,TRUE,209.877575687481,0.699591918960816,2.51853090825894,6.02001210629217,-4891.85300689118,28705.3909786205,TRUE,FALSE,TRUE
15,196712,"p","2020-02-09 10:37:00",809.783333333333,TRUE,809.7,0.0833333333329165,FALSE,TRUE,209.877573951322,0.699591913174572,2.51853088742846,6.01863495426062,-5102.48438727456,28695.0643974502,TRUE,FALSE,TRUE
15,196712,"p","2020-02-09 10:42:00",809.866666666667,TRUE,809.783333333333,0.0833333333340533,FALSE,TRUE,209.877572275108,0.69959190757765,2.51853086727954,6.01725779214103,-5313.11576765767,28684.7378162729,TRUE,FALSE,TRUE
15,196712,"p","2020-02-09 10:47:00",809.95,TRUE,809.866666666667,0.0833333333330302,FALSE,TRUE,209.877570623584,0.699591902081159,2.51853084749217,6.01588061992421,-5523.74714800422,28674.4112351004,TRUE,FALSE,TRUE
15,196712,"o","2020-02-09 10:48:00",809.966666666667,TRUE,809.95,0.0166666666669926,FALSE,TRUE,37.8703806524593,0.63117301086198,2.27222283910313,6.00766154901501,-5561.70988687037,28671.8080781667,TRUE,FALSE,TRUE
15,196712,"p","2020-02-09 10:52:00",810.033333333333,TRUE,809.966666666667,0.0666666666659239,FALSE,TRUE,451.444207557156,1.88101753150911,6.77166311343279,6.12442692057889,-5116.65473917741,28584.2878434593,TRUE,FALSE,TRUE
15,196712,"p","2020-02-09 10:57:00",810.116666666667,TRUE,810.033333333333,0.0833333333340533,FALSE,TRUE,569.51671897279,1.89838906322623,6.83420062761443,6.24292943570367,-4555.13138300182,28474.2152491978,TRUE,FALSE,TRUE
15,196712,"p","2020-02-09 11:02:00",810.2,TRUE,810.116666666667,0.0833333333330302,FALSE,TRUE,569.516618956522,1.89838872986198,6.83419942750312,6.36193528231489,-3993.60802682552,28364.1426549244,TRUE,FALSE,TRUE
15,196712,"p","2020-02-09 11:07:00",810.283333333333,TRUE,810.2,0.0833333333329165,FALSE,TRUE,569.51652014576,1.89838840049536,6.83419824178331,6.51334103756991,-3432.08467064923,28254.0700606608,TRUE,FALSE,TRUE
15,196712,"o","2020-02-09 11:10:00",810.333333333333,TRUE,810.283333333333,0.0500000000000682,FALSE,TRUE,341.431052966293,1.89683918314348,6.82862105931654,6.664462345378,-3094.63542057408,28192.3397756102,TRUE,FALSE,TRUE
15,196712,"p","2020-02-09 11:12:00",810.366666666667,TRUE,810.333333333333,0.0333333333339851,FALSE,TRUE,377.19200813428,3.14326673439087,11.3157602438071,6.93699038081462,-2830.85610489775,28463.967032953,TRUE,FALSE,TRUE
15,196712,"p","2020-02-09 11:17:00",810.45,TRUE,810.366666666667,0.0833333333330302,FALSE,TRUE,951.650614112006,3.17216871371823,11.4198073693856,6.97826511891804,-2170.06972478128,29153.8183550655,TRUE,FALSE,TRUE
15,196712,"p","2020-02-09 11:22:00",810.533333333333,TRUE,810.45,0.0833333333329165,FALSE,TRUE,951.651556589521,3.17217185531427,11.4198186791314,7.01779952018707,-1509.28334466488,29843.6696771738,TRUE,FALSE,TRUE
15,196712,"p","2020-02-09 11:27:00",810.616666666667,TRUE,810.533333333333,0.0833333333340533,FALSE,TRUE,951.652504633742,3.1721750154184,11.4198300555062,7.05733412616335,-848.496964549358,30533.5209992948,TRUE,FALSE,TRUE
15,196712,"p","2020-02-09 11:32:00",810.7,TRUE,810.616666666667,0.0833333333330302,FALSE,TRUE,951.653458244929,3.1721781941613,11.4198414989807,7.09686893746075,-187.710584432796,31223.3723214104,TRUE,FALSE,TRUE
15,196712,"p","2020-02-09 11:37:00",810.783333333333,TRUE,810.7,0.0833333333329165,FALSE,TRUE,951.6544174233,3.17218139142687,11.4198530091367,7.13640395467003,473.075795683395,31913.2236435267,TRUE,FALSE,TRUE
15,196712,"p","2020-02-09 11:42:00",810.866666666667,TRUE,810.783333333333,0.0833333333340533,FALSE,TRUE,951.65538216612,3.17218460719299,11.4198645858948,7.17593917838873,1133.86217579908,32603.074965636,TRUE,FALSE,TRUE
15,196712,"p","2020-02-09 11:47:00",810.95,TRUE,810.866666666667,0.0833333333330302,FALSE,TRUE,951.65635248002,3.17218784161161,11.4198762298018,7.21547460923324,1794.64855591565,33292.9262877578,TRUE,FALSE,TRUE
15,196712,"p","2020-02-09 11:52:00",811.033333333333,TRUE,810.95,0.0833333333329165,FALSE,TRUE,951.657328356813,3.17219109453858,11.4198879403389,7.2550102477914,2455.43493603223,33982.7776098751,TRUE,FALSE,TRUE
15,196712,"p","2020-02-09 11:57:00",811.116666666667,TRUE,811.033333333333,0.0833333333340533,FALSE,TRUE,951.658309801026,3.17219436597601,11.4198997175136,7.2945460946626,3116.22131614785,34672.6289319896,TRUE,FALSE,TRUE
15,196712,"p","2020-02-09 12:02:00",811.2,TRUE,811.116666666667,0.0833333333330302,FALSE,TRUE,951.659296812039,3.17219765605167,11.419911561786,7.33336115851372,3777.00769626432,35362.4802541033,TRUE,FALSE,TRUE
15,196712,"p","2020-02-09 12:07:00",811.283333333333,TRUE,811.2,0.0833333333329165,FALSE,TRUE,951.660289389707,3.17220096464823,11.4199234727336,7.24208858347361,4437.79407638095,36052.3315762213,TRUE,FALSE,TRUE
15,196712,"p","2020-02-09 12:12:00",811.366666666667,TRUE,811.283333333333,0.0833333333340533,FALSE,TRUE,951.661287532175,3.17220429174651,11.4199354502874,7.15314152471939,5098.58045649649,36742.1828983339,TRUE,FALSE,TRUE
15,196712,"p","2020-02-09 12:17:00",811.45,TRUE,811.366666666667,0.0833333333330302,FALSE,TRUE,951.662291244193,3.17220763749218,11.4199474949719,7.32386115071672,5759.36683661282,37432.0342204478,TRUE,FALSE,TRUE
15,196712,"p","2020-02-09 12:22:00",811.533333333333,TRUE,811.45,0.0833333333329165,FALSE,TRUE,951.663300522818,3.17221100175859,11.4199596063309,7.49504999602224,6420.15321672961,38121.8855425667,TRUE,FALSE,TRUE
15,196712,"o","2020-02-09 12:25:00",811.583333333333,TRUE,811.533333333333,0.0500000000000682,FALSE,TRUE,568.49352733756,3.15829737409325,11.3698705467357,7.66484749598276,6816.16484476509,38532.7562315042,TRUE,FALSE,TRUE
15,196712,"p","2020-02-09 12:27:00",811.616666666667,TRUE,811.583333333333,0.0333333333339851,FALSE,TRUE,235.643502073114,1.96369585057088,7.06930506205517,7.71518486082552,7046.80077541916,38586.2141112703,TRUE,FALSE,TRUE
15,196712,"p","2020-02-09 12:32:00",811.7,TRUE,811.616666666667,0.0833333333330302,FALSE,TRUE,586.322381857861,1.95440793953331,7.03586858231993,7.76459345161794,7622.24010197048,38712.2585498503,TRUE,FALSE,TRUE
15,196712,"p","2020-02-09 12:37:00",811.783333333333,TRUE,811.7,0.0833333333329165,FALSE,TRUE,586.322510131963,1.95440836711632,7.03587012161875,7.81400210204125,8197.67942852144,38838.3029884316,TRUE,FALSE,TRUE
15,196712,"p","2020-02-09 12:42:00",811.866666666667,TRUE,811.783333333333,0.0833333333340533,FALSE,TRUE,586.322639707618,1.95440879900851,7.03587167643063,7.86341081233929,8773.11875506131,38964.3474269999,TRUE,FALSE,TRUE
15,196712,"o","2020-02-09 12:43:00",811.883333333333,TRUE,811.866666666667,0.0166666666659694,FALSE,TRUE,115.715625350062,1.92859375591505,6.94293752129419,7.91023803483238,8887.0181717266,38987.6637098278,TRUE,FALSE,TRUE
15,196712,"p","2020-02-09 12:47:00",811.95,TRUE,811.883333333333,0.0666666666670608,FALSE,TRUE,334.812614886434,1.39505256201856,5.02218922326681,7.90371115425939,9172.23372961929,38809.5952738301,TRUE,FALSE,TRUE
15,196712,"p","2020-02-09 12:52:00",812.033333333333,TRUE,811.95,0.0833333333329165,FALSE,TRUE,418.522487548697,1.39507495850264,5.02226985060949,7.89718652947146,9527.26761616575,38584.6439727076,TRUE,FALSE,TRUE
15,196712,"o","2020-02-09 12:56:00",812.1,TRUE,812.033333333333,0.0666666666670608,FALSE,TRUE,333.921574450311,1.39133989353474,5.00882361672505,7.8931808166964,9811.48903681674,38406.6745188937,TRUE,FALSE,TRUE
15,196712,"p","2020-02-09 12:57:00",812.116666666667,TRUE,812.1,0.0166666666669926,FALSE,TRUE,82.1463048766488,1.36910508125071,4.92877829250255,7.96204614328227,9889.50876277485,38433.5631963154,TRUE,FALSE,TRUE
15,196712,"p","2020-02-09 13:02:00",812.2,TRUE,812.116666666667,0.0833333333330302,FALSE,TRUE,414.985677369055,1.38328559123522,4.97982812844678,8.03041550991178,10280.5789496276,38577.9645187758,TRUE,FALSE,TRUE
15,196712,"p","2020-02-09 13:07:00",812.283333333333,TRUE,812.2,0.0833333333329165,FALSE,TRUE,414.985778626769,1.38328592876282,4.97982934354614,8.09878491089198,10671.649136482,38722.365841248,TRUE,FALSE,TRUE
15,196712,"p","2020-02-09 13:12:00",812.366666666667,TRUE,812.283333333333,0.0833333333340533,FALSE,TRUE,414.985880345025,1.3832862678048,4.97983056409727,8.16715434635501,11062.719323336,38866.7671637293,TRUE,FALSE,TRUE
15,196712,"p","2020-02-09 13:17:00",812.45,TRUE,812.366666666667,0.0833333333330302,FALSE,TRUE,414.985982529362,1.38328660843624,4.97983179037046,8.23552381644086,11453.7895101909,39011.1684862081,TRUE,FALSE,TRUE
15,196712,"p","2020-02-09 13:22:00",812.533333333333,TRUE,812.45,0.0833333333329165,FALSE,TRUE,414.986085177228,1.38328695059768,4.97983302215165,8.30389332129252,11844.8596970455,39155.5698086815,TRUE,FALSE,TRUE
15,196712,"p","2020-02-09 13:27:00",812.616666666667,TRUE,812.533333333333,0.0833333333340533,FALSE,TRUE,414.986188290877,1.38328729429097,4.9798342594475,8.37910474963541,12235.9298838994,39299.971131157,TRUE,FALSE,TRUE
15,196712,"p","2020-02-09 13:32:00",812.7,TRUE,812.616666666667,0.0833333333330302,FALSE,TRUE,414.98629187197,1.38328763957827,4.97983550248176,8.32933176044233,12627.0000707539,39444.3724536417,TRUE,FALSE,TRUE
15,196712,"p","2020-02-09 13:37:00",812.783333333333,TRUE,812.7,0.0833333333329165,FALSE,TRUE,414.986395917495,1.38328798639857,4.97983675103486,8.27782165275956,13018.0702576085,39588.7737761089,TRUE,FALSE,TRUE
15,196712,"p","2020-02-09 13:42:00",812.866666666667,TRUE,812.783333333333,0.0833333333340533,FALSE,TRUE,414.986500426848,1.38328833474421,4.97983800507914,8.22631161324779,13409.1404444626,39733.1750985937,TRUE,FALSE,TRUE
15,196712,"p","2020-02-09 13:47:00",812.95,TRUE,812.866666666667,0.0833333333330302,FALSE,TRUE,414.986605406138,1.38328868469216,4.97983926489177,8.17480164166747,13800.2106313172,39877.5764210716,TRUE,FALSE,TRUE
15,196712,"p","2020-02-09 13:52:00",813.033333333333,TRUE,812.95,0.0833333333329165,FALSE,TRUE,414.986710847269,1.38328903616448,4.97984053019214,8.12344662696957,14191.2808181718,40021.9777435515,TRUE,FALSE,TRUE
15,196712,"p","2020-02-09 13:57:00",813.116666666667,TRUE,813.033333333333,0.0833333333340533,FALSE,TRUE,414.986816754583,1.38328938916999,4.97984180101197,7.94744889244748,14582.3510050257,40166.3790660203,TRUE,FALSE,TRUE
15,196712,"p","2020-02-09 14:02:00",813.2,TRUE,813.116666666667,0.0833333333330302,FALSE,TRUE,414.986923128751,1.38328974376754,4.97984307756313,7.76856099545241,14973.4211918803,40310.7803885042,TRUE,FALSE,TRUE
15,196712,"p","2020-02-09 14:07:00",813.283333333333,TRUE,813.2,0.0833333333329165,FALSE,TRUE,414.987029968106,1.38329009990061,4.97984435964218,7.58967281991104,15364.491378735,40455.1817109719,TRUE,FALSE,TRUE
15,196712,"p","2020-02-09 14:12:00",813.366666666667,TRUE,813.283333333333,0.0833333333340533,FALSE,TRUE,414.987137271689,1.38329045756035,4.97984564721724,7.41078436412524,15755.561565589,40599.5830334568,TRUE,FALSE,TRUE
15,196712,"p","2020-02-09 14:17:00",813.45,TRUE,813.366666666667,0.0833333333330302,FALSE,TRUE,414.987245043002,1.38329081681504,4.97984694053415,7.23189562639061,16146.6317524435,40743.984355934,TRUE,FALSE,TRUE
15,196712,"p","2020-02-09 14:22:00",813.533333333333,TRUE,813.45,0.0833333333329165,FALSE,TRUE,414.987353278893,1.38329117760323,4.97984823937163,7.05300660500825,16537.7019392982,40888.3856784046,TRUE,FALSE,TRUE
15,196712,"p","2020-02-09 14:27:00",813.616666666667,TRUE,813.533333333333,0.0833333333340533,FALSE,TRUE,414.987461979216,1.38329153991877,4.97984954370757,6.87411729828083,16928.7721261521,41032.787000892,TRUE,FALSE,TRUE
15,196712,"p","2020-02-09 14:32:00",813.7,TRUE,813.616666666667,0.0833333333330302,FALSE,TRUE,414.987571147653,1.38329190383054,4.97985085378996,6.69522770450272,17319.8423130066,41177.1883233709,TRUE,FALSE,TRUE
15,196712,"p","2020-02-09 14:37:00",813.783333333333,TRUE,813.7,0.0833333333329165,FALSE,TRUE,414.987680779067,1.38329226927048,4.97985216937371,6.51633782197591,17710.9124998614,41321.5896458397,TRUE,FALSE,TRUE
15,196712,"p","2020-02-09 14:42:00",813.866666666667,TRUE,813.783333333333,0.0833333333340533,FALSE,TRUE,414.987790877422,1.38329263624612,4.97985349048604,6.33744764900292,18101.9826867153,41465.9909683217,TRUE,FALSE,TRUE
15,196712,"p","2020-02-09 14:47:00",813.95,TRUE,813.866666666667,0.0833333333330302,FALSE,TRUE,414.987901441479,1.38329300480996,4.97985481731586,6.15855718387875,18493.0528735697,41610.3922907963,TRUE,FALSE,TRUE
15,196712,"p","2020-02-09 14:52:00",814.033333333333,TRUE,813.95,0.0833333333329165,FALSE,TRUE,414.988012471199,1.38329337491092,4.9798561496793,5.97966642490502,18884.1230604247,41754.7936132805,TRUE,FALSE,TRUE
15,196712,"p","2020-02-09 14:57:00",814.116666666667,TRUE,814.033333333333,0.0833333333340533,FALSE,TRUE,414.988123965096,1.38329374653837,4.97985748753812,5.8007753703842,19275.1932472786,41899.1949357569,TRUE,FALSE,TRUE
15,196712,"p","2020-02-09 15:02:00",814.2,TRUE,814.116666666667,0.0833333333330302,FALSE,TRUE,414.988235926249,1.3832941197592,4.9798588311331,5.62188401861091,19666.2634341333,42043.5962582344,TRUE,FALSE,TRUE
15,196712,"p","2020-02-09 15:07:00",814.283333333333,TRUE,814.2,0.0833333333329165,FALSE,TRUE,414.98834835257,1.38329449451548,4.97986018025575,5.4429923678866,20057.3336209879,42187.9975807063,TRUE,FALSE,TRUE
15,196712,"p","2020-02-09 15:12:00",814.366666666667,TRUE,814.283333333333,0.0833333333340533,FALSE,TRUE,414.98846124285,1.38329487079755,4.97986153487118,5.26549211755703,20448.4038078419,42332.3989031863,TRUE,FALSE,TRUE
15,196712,"p","2020-02-09 15:17:00",814.45,TRUE,814.366666666667,0.0833333333330302,FALSE,TRUE,414.988574601063,1.38329524867524,4.97986289523087,5.20745205736746,20839.4739946965,42476.8002256599,TRUE,FALSE,TRUE
15,196712,"p","2020-02-09 15:22:00",814.533333333333,TRUE,814.45,0.0833333333329165,FALSE,TRUE,414.988688424017,1.38329562808698,4.97986426111311,5.15034082622283,21230.544181551,42621.2015481405,TRUE,FALSE,TRUE
15,196712,"p","2020-02-09 15:27:00",814.616666666667,TRUE,814.533333333333,0.0833333333340533,FALSE,TRUE,414.988802712139,1.38329600902851,4.97986563250264,5.09322959041405,21621.6143684049,42765.6028706159,TRUE,FALSE,TRUE
15,196712,"p","2020-02-09 15:32:00",814.7,TRUE,814.616666666667,0.0833333333330302,FALSE,TRUE,414.988917465779,1.38329639155763,4.97986700960746,5.03611834966896,22012.6845552597,42910.0041930929,TRUE,FALSE,TRUE
15,196712,"p","2020-02-09 15:37:00",814.783333333333,TRUE,814.7,0.0833333333329165,FALSE,TRUE,414.989032686189,1.38329677562755,4.97986839225918,4.98158865164021,22403.7547421145,43054.4055155756,TRUE,FALSE,TRUE
15,196712,"p","2020-02-09 15:42:00",814.866666666667,TRUE,814.783333333333,0.0833333333340533,FALSE,TRUE,414.989148369817,1.38329716122077,4.97986978039477,4.98041311156043,22794.8249289683,43198.8068380426,TRUE,FALSE,TRUE
15,196712,"p","2020-02-09 15:47:00",814.95,TRUE,814.866666666667,0.0833333333330302,FALSE,TRUE,414.989264521667,1.38329754841059,4.97987117427812,4.97923537055123,23185.8951158229,43343.2081605287,TRUE,FALSE,TRUE
15,196712,"o","2020-02-09 15:51:00",815.016666666667,TRUE,814.95,0.0666666666669471,FALSE,TRUE,325.020185866306,1.35425077443724,4.87530278797408,4.97552645864148,23494.3366617237,43450.3111675535,TRUE,FALSE,TRUE
15,196712,"p","2020-02-09 15:52:00",815.033333333333,TRUE,815.016666666667,0.0166666666659694,FALSE,TRUE,285.794615085311,4.76324358495446,17.1476769058361,5.31494030901185,23413.2219822873,43175.3731543827,TRUE,FALSE,TRUE
15,196712,"p","2020-02-09 15:57:00",815.116666666667,TRUE,815.033333333333,0.0833333333340533,FALSE,TRUE,1475.46670221349,4.91822234066913,17.7056004264089,5.66843398395524,22985.5755674232,41758.5928341972,TRUE,FALSE,TRUE
15,196712,"p","2020-02-09 16:02:00",815.2,TRUE,815.116666666667,0.0833333333330302,FALSE,TRUE,1475.46341342501,4.91821137810125,17.7055609611645,6.02192652888909,22557.9291525199,40341.8125139326,TRUE,FALSE,TRUE
15,196712,"p","2020-02-09 16:07:00",815.283333333333,TRUE,815.2,0.0833333333329165,FALSE,TRUE,1475.46014511987,4.91820048375749,17.705521741527,6.37541795048436,22130.2827376164,38925.0321936767,TRUE,FALSE,TRUE
15,196712,"p","2020-02-09 16:12:00",815.366666666667,TRUE,815.283333333333,0.0833333333340533,FALSE,TRUE,1475.45689737978,4.91818965789012,17.7054827684044,6.72890825542974,21702.6363227133,37508.2518734148,TRUE,FALSE,TRUE
15,196712,"p","2020-02-09 16:17:00",815.45,TRUE,815.366666666667,0.0833333333330302,FALSE,TRUE,1475.45367020702,4.91817890070796,17.7054440425487,7.08239745044077,21274.9899078103,36091.4715531522,TRUE,FALSE,TRUE
15,196712,"p","2020-02-09 16:22:00",815.533333333333,TRUE,815.45,0.0833333333329165,FALSE,TRUE,1475.45046359293,4.91816821200104,17.7054055632038,7.43588554221178,20847.3434929068,34674.6912328941,TRUE,FALSE,TRUE
15,196712,"p","2020-02-09 16:27:00",815.616666666667,TRUE,815.533333333333,0.0833333333340533,FALSE,TRUE,1475.44727754626,4.91815759177838,17.7053673304022,7.78937253743179,20419.6970780039,33257.9109126356,TRUE,FALSE,TRUE
15,196712,"p","2020-02-09 16:32:00",815.7,TRUE,815.616666666667,0.0833333333330302,FALSE,TRUE,1475.44411207133,4.91814704025566,17.7053293449204,8.1428584428175,19992.0506631006,31841.1305923765,TRUE,FALSE,TRUE
15,196712,"p","2020-02-09 16:37:00",815.783333333333,TRUE,815.7,0.0833333333329165,FALSE,TRUE,1475.44096715826,4.9181365572188,17.7052916059877,8.49634326506496,19564.4042481971,30424.3502721135,TRUE,FALSE,TRUE
15,196712,"p","2020-02-09 16:42:00",815.866666666667,TRUE,815.783333333333,0.0833333333340533,FALSE,TRUE,1475.43784280827,4.91812614265173,17.7052541135462,8.84982701086092,19136.7578332944,29007.5699518468,TRUE,FALSE,TRUE
15,196712,"p","2020-02-09 16:47:00",815.95,TRUE,815.866666666667,0.0833333333330302,FALSE,TRUE,1475.4347390344,4.91811579679923,17.7052168684772,9.20330968692439,18709.111418391,27590.7896315806,TRUE,FALSE,TRUE
15,196712,"p","2020-02-09 16:52:00",816.033333333333,TRUE,815.95,0.0833333333329165,FALSE,TRUE,1475.43165581752,4.91810551941635,17.7051798698988,9.55679129994903,18281.4650034878,26174.0093113278,TRUE,FALSE,TRUE
15,196712,"p","2020-02-09 16:57:00",816.116666666667,TRUE,816.033333333333,0.0833333333340533,FALSE,TRUE,1475.42859317446,4.91809531053903,17.7051431179405,9.91027185662617,17853.8185885849,24757.2289910674,TRUE,FALSE,TRUE
15,196712,"p","2020-02-09 17:02:00",816.2,TRUE,816.116666666667,0.0833333333330302,FALSE,TRUE,1475.4255510981,4.9180851703449,17.7051066132416,10.2637513636706,17426.1721736817,23340.448670807,TRUE,FALSE,TRUE
15,196712,"p","2020-02-09 17:07:00",816.283333333333,TRUE,816.2,0.0833333333329165,FALSE,TRUE,1475.422529593,4.91807509866793,17.7050703552045,10.6172298277814,16998.5257587786,21923.6683505473,TRUE,FALSE,TRUE
15,196712,"p","2020-02-09 17:12:00",816.366666666667,TRUE,816.283333333333,0.0833333333340533,FALSE,TRUE,1475.41952865072,4.91806509545991,17.7050343436557,10.9707072556458,16570.8793438757,20506.8880302944,TRUE,FALSE,TRUE
15,196712,"p","2020-02-09 17:17:00",816.45,TRUE,816.366666666667,0.0833333333330302,FALSE,TRUE,1475.41654828075,4.91805516095372,17.7049985794334,11.3241836539809,16143.2329289725,19090.1077100397,TRUE,FALSE,TRUE
15,196712,"p","2020-02-09 17:22:00",816.533333333333,TRUE,816.45,0.0833333333329165,FALSE,TRUE,1475.4135884827,4.91804529496693,17.7049630618809,11.6776590294857,15715.5865140693,17673.3273897807,TRUE,FALSE,TRUE
15,196712,"p","2020-02-09 17:27:00",816.616666666667,TRUE,816.533333333333,0.0833333333340533,FALSE,TRUE,1475.41064924722,4.91803549744823,17.7049277908136,12.0311333888475,15287.9400991667,16256.5470695182,TRUE,FALSE,TRUE
15,196712,"p","2020-02-09 17:32:00",816.7,TRUE,816.616666666667,0.0833333333330302,FALSE,TRUE,1475.40773052829,4.91802576844554,17.7048927664039,12.384606738765,14860.2936842898,14839.7667493179,TRUE,FALSE,TRUE
15,196712,"o","2020-02-09 17:33:00",816.716666666667,TRUE,816.7,0.0166666666669926,FALSE,TRUE,287.776382542991,4.7962730422894,17.2665829522418,12.7259047793693,14777.7559036835,14563.1638629488,TRUE,FALSE,TRUE
15,196712,"p","2020-02-09 17:37:00",816.783333333333,TRUE,816.716666666667,0.0666666666659239,FALSE,TRUE,169.274069607306,0.705308623371633,2.53911104413788,12.6581063412255,14876.4819437871,14424.9225932152,TRUE,FALSE,TRUE
15,196712,"p","2020-02-09 17:42:00",816.866666666667,TRUE,816.783333333333,0.0833333333340533,FALSE,TRUE,207.049967597384,0.690166558651983,2.48459961114714,12.5887936595996,15003.6288719185,14260.5624782312,TRUE,FALSE,TRUE
15,196712,"p","2020-02-09 17:47:00",816.95,TRUE,816.866666666667,0.0833333333330302,FALSE,TRUE,207.049924065442,0.690166413553984,2.48459908879434,12.5194809263012,15130.7758000497,14096.202363235,TRUE,FALSE,TRUE
15,196712,"p","2020-02-09 17:52:00",817.033333333333,TRUE,816.95,0.0833333333329165,FALSE,TRUE,207.049880587082,0.690166268627058,2.48459856705741,12.4501681411879,15257.9227281811,13931.8422482461,TRUE,FALSE,TRUE
15,196712,"p","2020-02-09 17:57:00",817.116666666667,TRUE,817.033333333333,0.0833333333340533,FALSE,TRUE,207.049837168756,0.690166123889889,2.4845980460036,12.3808553041254,15385.0696563122,13767.4821332634,TRUE,FALSE,TRUE
15,196712,"p","2020-02-09 18:02:00",817.2,TRUE,817.116666666667,0.0833333333330302,FALSE,TRUE,207.049793806689,0.690165979358141,2.48459752568931,12.3115424149814,15512.2165844436,13603.1220182739,TRUE,FALSE,TRUE
15,196712,"p","2020-02-09 18:07:00",817.283333333333,TRUE,817.2,0.0833333333329165,FALSE,TRUE,207.049750501298,0.690165835007778,2.484597006028,12.2422294736147,15639.3635125747,13438.7619032852,TRUE,FALSE,TRUE
15,196712,"p","2020-02-09 18:12:00",817.366666666667,TRUE,817.283333333333,0.0833333333340533,FALSE,TRUE,207.049707253266,0.690165690838258,2.48459648701773,12.1729164798898,15766.510440706,13274.4017882989,TRUE,FALSE,TRUE
15,196712,"p","2020-02-09 18:17:00",817.45,TRUE,817.366666666667,0.0833333333330302,FALSE,TRUE,207.049664064588,0.69016554688447,2.48459596878409,12.1036034336754,15893.6573688373,13110.0416733026,TRUE,FALSE,TRUE
15,196712,"p","2020-02-09 18:22:00",817.533333333333,TRUE,817.45,0.0833333333329165,FALSE,TRUE,207.049620928565,0.690165403098669,2.48459545115521,12.0342903348295,16020.8042969685,12945.6815583182,TRUE,FALSE,TRUE
15,196712,"p","2020-02-09 18:27:00",817.616666666667,TRUE,817.533333333333,0.0833333333340533,FALSE,TRUE,207.049577853457,0.690165259505561,2.48459493422002,11.9649771832173,16147.9512250997,12781.3214433227,TRUE,FALSE,TRUE
15,196712,"p","2020-02-09 18:32:00",817.7,TRUE,817.616666666667,0.0833333333330302,FALSE,TRUE,207.049534837912,0.690165116128883,2.48459441806398,11.8956639787081,16275.0981532309,12616.9613283367,TRUE,FALSE,TRUE
15,196712,"p","2020-02-09 18:37:00",817.783333333333,TRUE,817.7,0.0833333333329165,FALSE,TRUE,207.049491874348,0.690164972917945,2.4845939025046,11.8263507211589,16402.2450813623,12452.6012133463,TRUE,FALSE,TRUE
15,196712,"p","2020-02-09 18:42:00",817.866666666667,TRUE,817.783333333333,0.0833333333340533,FALSE,TRUE,207.049448970333,0.690164829895145,2.48459338762252,11.7599421267047,16529.3920094934,12288.2410983601,TRUE,FALSE,TRUE
15,196712,"p","2020-02-09 18:47:00",817.95,TRUE,817.866666666667,0.0833333333330302,FALSE,TRUE,207.049406124321,0.69016468708358,2.48459287350089,11.3526342369176,16656.5389376248,12123.8809833667,TRUE,FALSE,TRUE
15,196712,"p","2020-02-09 18:52:00",818.033333333333,TRUE,817.95,0.0833333333329165,FALSE,TRUE,207.049363333385,0.690164544448068,2.48459236001304,10.9298284572955,16783.6858657558,11959.5208683715,TRUE,FALSE,TRUE
15,196712,"p","2020-02-09 18:57:00",818.116666666667,TRUE,818.033333333333,0.0833333333340533,FALSE,TRUE,207.049320600554,0.690164401995882,2.48459184718518,10.5070237596849,16910.8327938871,11795.1607533861,TRUE,FALSE,TRUE
15,196712,"p","2020-02-09 19:02:00",818.2,TRUE,818.116666666667,0.0833333333330302,FALSE,TRUE,207.049277925475,0.690164259754095,2.48459133511474,10.0842201372846,17037.9797220184,11630.8006384014,TRUE,FALSE,TRUE
15,196712,"o","2020-02-09 19:05:00",818.25,TRUE,818.2,0.0499999999999545,FALSE,TRUE,123.049000592923,0.683605558850192,2.46098001186069,9.6607617273806,17113.4953131776,11533.0850441366,TRUE,FALSE,TRUE
15,196712,"p","2020-02-09 19:07:00",818.283333333333,TRUE,818.25,0.033333333332962,FALSE,TRUE,5.65450026428361,0.0471208355362217,0.169635007930398,9.17365592086342,17107.8157393206,11533.2400534596,TRUE,FALSE,TRUE
15,196712,"p","2020-02-09 19:12:00",818.366666666667,TRUE,818.283333333333,0.0833333333340533,FALSE,TRUE,16.267292946691,0.054224309821835,0.195207515358606,8.6872615306455,17091.6853903788,11535.8787636107,TRUE,FALSE,TRUE
15,196712,"o","2020-02-09 19:17:00",818.45,TRUE,818.366666666667,0.0833333333330302,FALSE,TRUE,15.0774635169837,0.0502582117234619,0.180929562204463,8.20047159264001,17076.6126284647,11537.403689964,TRUE,FALSE,TRUE
15,196712,"p","2020-02-09 19:22:00",818.533333333333,TRUE,818.45,0.0833333333329165,FALSE,TRUE,269.458784196361,0.898195947325695,3.2335054103725,7.79847648334701,17255.5610026023,11334.5978210354,TRUE,FALSE,TRUE
15,196712,"p","2020-02-09 19:27:00",818.616666666667,TRUE,818.533333333333,0.0833333333340533,FALSE,TRUE,270.987771401363,0.903292571330072,3.25185325678826,7.39699208475814,17435.5669637678,11130.6781682887,TRUE,FALSE,TRUE
15,196712,"p","2020-02-09 19:32:00",818.7,TRUE,818.616666666667,0.0833333333330302,FALSE,TRUE,270.987703162743,0.903292343879097,3.25185243796475,6.99550870488088,17615.5729249335,10926.7585155584,TRUE,FALSE,TRUE
15,196712,"p","2020-02-09 19:37:00",818.783333333333,TRUE,818.7,0.0833333333329165,FALSE,TRUE,270.987635049659,0.903292116836715,3.25185162061217,6.59402633688462,17795.5788860991,10722.8388628192,TRUE,FALSE,TRUE
15,196712,"p","2020-02-09 19:42:00",818.866666666667,TRUE,818.783333333333,0.0833333333340533,FALSE,TRUE,270.9875670657,0.903291890211194,3.2518508047603,6.19254497396411,17975.5848472646,10518.9192100885,TRUE,FALSE,TRUE
15,196712,"p","2020-02-09 19:47:00",818.95,TRUE,818.866666666667,0.0833333333330302,FALSE,TRUE,270.98749921526,0.903291664054152,3.25184999059495,5.79106460931562,18155.59080843,10314.9995573502,TRUE,FALSE,TRUE
15,196712,"p","2020-02-09 19:52:00",819.033333333333,TRUE,818.95,0.0833333333329165,FALSE,TRUE,270.987431488451,0.903291438299356,3.25184917787768,5.38958523611107,18335.5967695959,10111.0799046173,TRUE,FALSE,TRUE
15,196712,"p","2020-02-09 19:57:00",819.116666666667,TRUE,819.033333333333,0.0833333333340533,FALSE,TRUE,270.98736389277,0.903291212968096,3.25184836668515,4.98810684754108,18515.6027307613,9907.160251876,TRUE,FALSE,TRUE
15,196712,"p","2020-02-09 20:02:00",819.2,TRUE,819.116666666667,0.0833333333330302,FALSE,TRUE,270.987296422245,0.903290988077436,3.25184755707877,4.58662943680284,18695.608691927,9703.24059914498,TRUE,FALSE,TRUE
15,196712,"p","2020-02-09 20:07:00",819.283333333333,TRUE,819.2,0.0833333333329165,FALSE,TRUE,270.987229083939,0.903290763617647,3.25184674902353,4.18515299706923,18875.6146530928,9499.3209464141,TRUE,FALSE,TRUE
15,196712,"p","2020-02-09 20:12:00",819.366666666667,TRUE,819.283333333333,0.0833333333340533,FALSE,TRUE,270.987161870259,0.903290539559726,3.25184594241502,3.78367752152851,19055.6206142581,9295.40129367432,TRUE,FALSE,TRUE
15,196712,"p","2020-02-09 20:17:00",819.45,TRUE,819.366666666667,0.0833333333330302,FALSE,TRUE,270.98709478778,0.903290315962552,3.25184513746519,3.38220300337994,19235.626575424,9091.4816409463,TRUE,FALSE,TRUE
15,196712,"p","2020-02-09 20:22:00",819.533333333333,TRUE,819.45,0.0833333333329165,FALSE,TRUE,270.987027834494,0.903290092786164,3.25184433403019,2.980729435814,19415.6325365894,8887.56198820369,TRUE,FALSE,TRUE
15,196712,"p","2020-02-09 20:27:00",819.616666666667,TRUE,819.533333333333,0.0833333333340533,FALSE,TRUE,270.986961007099,0.903289870015858,3.25184353205709,2.59143111858665,19595.638497755,8683.64233546679,TRUE,FALSE,TRUE
15,196712,"p","2020-02-09 20:32:00",819.7,TRUE,819.616666666667,0.0833333333330302,FALSE,TRUE,270.986894310796,0.90328964770594,3.25184273174138,2.61122922102008,19775.6444589205,8479.72268274036,TRUE,FALSE,TRUE
15,196712,"p","2020-02-09 20:37:00",819.783333333333,TRUE,819.7,0.0833333333329165,FALSE,TRUE,270.986827739799,0.903289425803847,3.25184193289385,2.63254150773527,19955.6504200862,8275.8030299945,TRUE,FALSE,TRUE
15,196712,"o","2020-02-09 20:39:00",819.816666666667,TRUE,819.783333333333,0.0333333333339851,FALSE,TRUE,110.68434082598,0.922369506865132,3.32053022471448,2.65576181706638,20028.0651627079,8191.55026065612,TRUE,FALSE,TRUE
15,196712,"p","2020-02-09 20:42:00",819.866666666667,TRUE,819.816666666667,0.0500000000000682,FALSE,TRUE,444.291053021359,2.46828362789307,8.88582106041505,2.83357355299298,20181.5410629993,7773.1232845011,TRUE,FALSE,TRUE
15,196712,"o","2020-02-09 20:47:00",819.95,TRUE,819.866666666667,0.0833333333330302,FALSE,TRUE,739.366573240732,2.46455524414474,8.87239887892106,3.01101246501847,20436.9657517532,7076.80437733751,TRUE,FALSE,TRUE
15,196712,"p","2020-02-09 20:52:00",820.033333333333,TRUE,819.95,0.0833333333329165,FALSE,TRUE,318.655378302736,1.06218459434777,3.82386453965196,3.04821432651743,20498.9598947319,7390.33902639748,TRUE,FALSE,TRUE
15,196712,"p","2020-02-09 20:57:00",820.116666666667,TRUE,820.033333333333,0.0833333333340533,FALSE,TRUE,684.799183722064,2.28266394572049,8.21759020459376,3.2074641375887,20606.1488581096,6711.92874704257,TRUE,FALSE,TRUE
15,196712,"o","2020-02-09 21:00:00",820.166666666667,TRUE,820.116666666667,0.0499999999999545,FALSE,TRUE,411.722710736976,2.28734839298528,8.234454214747,3.3671824078034,20670.8368528113,6304.08521531059,TRUE,FALSE,TRUE
15,196712,"p","2020-02-09 21:02:00",820.2,TRUE,820.166666666667,0.0333333333330756,FALSE,TRUE,110.053775415608,0.917114795137159,3.30161326249377,3.38987733262867,20730.1588097422,6210.93563190169,TRUE,FALSE,TRUE
15,196712,"p","2020-02-09 21:07:00",820.283333333333,TRUE,820.2,0.0833333333329165,FALSE,TRUE,270.273229559394,0.900910765202486,3.24327875472895,3.41095186883905,20879.0220839658,5984.22398034729,TRUE,FALSE,TRUE
15,196712,"o","2020-02-09 21:10:00",820.333333333333,TRUE,820.283333333333,0.0500000000000682,FALSE,TRUE,163.113638025035,0.906186877915626,3.26227276049626,3.43255403068006,20970.0771761853,5848.20217439263,TRUE,FALSE,TRUE
15,196712,"p","2020-02-09 21:12:00",820.366666666667,TRUE,820.333333333333,0.0333333333339851,FALSE,TRUE,206.448504416748,1.72040420343926,6.19345513238132,3.5355779394111,21156.7499548234,5757.89696257546,TRUE,FALSE,TRUE
15,196712,"p","2020-02-09 21:17:00",820.45,TRUE,820.366666666667,0.0833333333330302,FALSE,TRUE,520.008269927069,1.7333608997632,6.24009923914753,3.63989753209562,21627.7747206337,5532.1468954714,TRUE,FALSE,TRUE
15,196712,"p","2020-02-09 21:22:00",820.533333333333,TRUE,820.45,0.0833333333329165,FALSE,TRUE,520.008151747508,1.7333605058337,6.24009782100131,3.74421709968948,22098.7994864439,5306.39682836911,TRUE,FALSE,TRUE
15,196712,"p","2020-02-09 21:27:00",820.616666666667,TRUE,820.533333333333,0.0833333333340533,FALSE,TRUE,520.008034481716,1.73336011492408,6.24009641372668,3.84853664247353,22569.8242522534,5080.64676126096,TRUE,FALSE,TRUE
15,196712,"p","2020-02-09 21:32:00",820.7,TRUE,820.616666666667,0.0833333333330302,FALSE,TRUE,520.007918131339,1.73335972711077,6.24009501759878,3.9528561607398,23040.8490180637,4854.89669415447,TRUE,FALSE,TRUE
15,196712,"p","2020-02-09 21:37:00",820.783333333333,TRUE,820.7,0.0833333333329165,FALSE,TRUE,520.007802695847,1.73335934232816,6.24009363238137,4.05717565477303,23511.8737838737,4629.14662705261,TRUE,FALSE,TRUE
15,196712,"o","2020-02-09 21:40:00",820.833333333333,TRUE,820.783333333333,0.0500000000000682,FALSE,TRUE,311.005202478865,1.72780668043578,6.22010404956881,4.1609398968412,23792.9793686249,4492.88208133723,TRUE,FALSE,TRUE
15,196712,"p","2020-02-09 21:42:00",820.866666666667,TRUE,820.833333333333,0.0333333333339851,FALSE,TRUE,168.406448238311,1.40338706862515,5.05219344705054,4.23291804781869,23870.9366705316,4342.97445207222,TRUE,FALSE,TRUE
15,196712,"p","2020-02-09 21:47:00",820.95,TRUE,820.866666666667,0.0833333333330302,FALSE,TRUE,421.109761879767,1.403699206271,5.05331714257558,4.36857588489217,24062.0567384612,3966.16911528328,TRUE,FALSE,TRUE
15,196712,"p","2020-02-09 21:52:00",821.033333333333,TRUE,820.95,0.0833333333329165,FALSE,TRUE,421.109569896775,1.40369856632961,5.05331483878658,4.50352331054295,24253.1768063906,3589.36377849017,TRUE,FALSE,TRUE
15,196712,"p","2020-02-09 21:57:00",821.116666666667,TRUE,821.033333333333,0.0833333333340533,FALSE,TRUE,421.109378391114,1.40369792795825,5.0533125406497,4.63886728216642,24444.2968743198,3212.55844170006,TRUE,FALSE,TRUE
15,196712,"p","2020-02-09 22:02:00",821.2,TRUE,821.116666666667,0.0833333333330302,FALSE,TRUE,421.109187370526,1.40369729124019,5.0533102484647,4.68941741655787,24635.4169422494,2835.75310490953,TRUE,FALSE,TRUE
15,196712,"p","2020-02-09 22:07:00",821.283333333333,TRUE,821.2,0.0833333333329165,FALSE,TRUE,421.108996826651,1.40369665609586,5.05330796194509,4.73945782503445,24826.5370101789,2458.94776812046,TRUE,FALSE,TRUE
15,196712,"p","2020-02-09 22:12:00",821.366666666667,TRUE,821.283333333333,0.0833333333340533,FALSE,TRUE,421.108806760779,1.4036960225238,5.05330568108569,4.78949819289892,25017.6570781081,2082.14243133862,TRUE,FALSE,TRUE
15,196712,"p","2020-02-09 22:17:00",821.45,TRUE,821.366666666667,0.0833333333330302,FALSE,TRUE,421.10861718074,1.40369539060757,5.05330340618727,4.83953852027601,25208.7771460376,1705.33709454113,TRUE,FALSE,TRUE
15,196712,"p","2020-02-09 22:22:00",821.533333333333,TRUE,821.45,0.0833333333329165,FALSE,TRUE,421.108428087308,1.40369476029805,5.05330113707298,4.88957880728469,25399.8972139762,1328.53175774861,TRUE,FALSE,TRUE
15,196712,"o","2020-02-09 22:23:00",821.55,TRUE,821.533333333333,0.0166666666669926,FALSE,TRUE,85.5686789689424,1.42614464945449,5.13412073803615,4.94186410582473,25439.1530591631,1252.17930493194,TRUE,FALSE,TRUE
15,196712,"o","2020-02-09 22:26:00",821.6,TRUE,821.55,0.0500000000000682,FALSE,TRUE,402.945153420822,2.23858418566818,8.05890306840544,5.07539338056161,25669.9035320078,920.107551928396,TRUE,FALSE,TRUE
15,196712,"p","2020-02-09 22:27:00",821.616666666667,TRUE,821.6,0.0166666666669926,FALSE,TRUE,158.752985745652,2.64588309570913,9.52517914455288,5.24965256883571,25829.206709513,928.351676256461,TRUE,FALSE,TRUE
15,196712,"p","2020-02-09 22:32:00",821.7,TRUE,821.616666666667,0.0833333333330302,FALSE,TRUE,806.187008137826,2.68729002713586,9.67424409768911,5.42805247274156,26637.1945080866,986.249031789319,TRUE,FALSE,TRUE
15,196712,"p","2020-02-09 22:37:00",821.783333333333,TRUE,821.7,0.0833333333329165,FALSE,TRUE,806.187179673703,2.68729059892579,9.67424615613283,5.60645245627237,27445.1823066808,1044.14638734087,TRUE,FALSE,TRUE
15,196712,"p","2020-02-09 22:42:00",821.866666666667,TRUE,821.783333333333,0.0833333333340533,FALSE,TRUE,806.187354608188,2.68729118200408,9.67424825521467,5.78485252051681,28253.1701052736,1102.04374289392,TRUE,FALSE,TRUE
15,196712,"o","2020-02-09 22:44:00",821.9,TRUE,821.866666666667,0.033333333332962,FALSE,TRUE,315.679838920454,2.63066532436642,9.47039516771913,5.95759002135719,28569.6584216575,1123.22670871441,TRUE,FALSE,TRUE
15,196712,"p","2020-02-09 22:47:00",821.95,TRUE,821.9,0.0500000000000682,FALSE,TRUE,312.494539550961,1.73608077528075,6.24989079101069,6.04086908960665,28314.8660701333,940.066585572603,TRUE,FALSE,TRUE
15,196712,"p","2020-02-09 22:52:00",822.033333333333,TRUE,821.95,0.0833333333329165,FALSE,TRUE,531.783956854971,1.77261318952544,6.38140748229157,6.12780142155761,27879.0341458785,631.506419654325,TRUE,FALSE,TRUE
15,196712,"o","2020-02-09 22:53:00",822.05,TRUE,822.033333333333,0.0166666666669926,FALSE,TRUE,101.187867370812,1.68646445614722,6.07127204213,6.20611890240174,27796.8453164552,571.764135887745,TRUE,FALSE,TRUE
15,196712,"p","2020-02-09 22:57:00",822.116666666667,TRUE,822.05,0.0666666666670608,FALSE,TRUE,385.449039409965,1.60603766419869,5.78173559111529,6.27639372624122,28181.6979402975,615.188405554896,TRUE,FALSE,TRUE
15,196712,"p","2020-02-09 23:02:00",822.2,TRUE,822.116666666667,0.0833333333330302,FALSE,TRUE,488.243244035175,1.62747748012317,5.85891892844342,6.34690452356703,28668.9856644505,671.93092943577,TRUE,FALSE,TRUE
15,196712,"p","2020-02-09 23:07:00",822.283333333333,TRUE,822.2,0.0833333333329165,FALSE,TRUE,488.243323273565,1.62747774425336,5.85891987931208,6.26282393520305,29156.273388604,728.673453315808,TRUE,FALSE,TRUE
15,196712,"p","2020-02-09 23:12:00",822.366666666667,TRUE,822.283333333333,0.0833333333340533,FALSE,TRUE,488.243403271693,1.62747801089158,5.85892083920969,6.17911621187774,29643.5611127569,785.415977197936,TRUE,FALSE,TRUE
15,196712,"p","2020-02-09 23:17:00",822.45,TRUE,822.366666666667,0.0833333333330302,FALSE,TRUE,488.243484029489,1.62747828010422,5.85892180837518,6.23564558045338,30130.8488369102,842.158501076598,TRUE,FALSE,TRUE
15,196712,"o","2020-02-09 23:21:00",822.516666666667,TRUE,822.45,0.0666666666669471,FALSE,TRUE,389.638894509844,1.62349539378419,5.84458341762307,6.16972872525975,30519.8823549527,886.073953075879,TRUE,FALSE,TRUE
15,196712,"p","2020-02-09 23:22:00",822.533333333333,TRUE,822.516666666667,0.0166666666659694,FALSE,TRUE,80.1881032684589,1.33646838786356,4.81128619630883,6.07464072474758,30588.5873703333,844.059070783822,TRUE,FALSE,TRUE
15,196712,"p","2020-02-09 23:27:00",822.616666666667,TRUE,822.533333333333,0.0833333333340533,FALSE,TRUE,401.498064789844,1.33832688262125,4.8179767774365,6.11676193349599,30928.1291408767,626.591823869345,TRUE,FALSE,TRUE
15,196712,"p","2020-02-09 23:32:00",822.7,TRUE,822.616666666667,0.0833333333330302,FALSE,TRUE,401.497981395009,1.3383266046549,4.81797577675764,6.16050351744123,31267.6709114134,409.124576937695,TRUE,FALSE,TRUE
15,196712,"p","2020-02-09 23:37:00",822.783333333333,TRUE,822.7,0.0833333333329165,FALSE,TRUE,401.497898416696,1.33832632806235,4.81797478102446,6.2037174624559,31607.2126819503,191.657330020929,TRUE,FALSE,TRUE
15,196712,"p","2020-02-09 23:42:00",822.866666666667,TRUE,822.783333333333,0.0833333333340533,FALSE,TRUE,401.497815860709,1.33832605285747,4.81797379028688,6.16550964739773,31946.7544524864,-25.8099169171327,TRUE,FALSE,TRUE
15,196712,"p","2020-02-09 23:47:00",822.95,TRUE,822.866666666667,0.0833333333330302,FALSE,TRUE,401.497733723393,1.33832577908285,4.81797280469825,6.12600613532969,32286.2962230233,-243.277163839485,TRUE,FALSE,TRUE
15,196712,"p","2020-02-09 23:52:00",823.033333333333,TRUE,822.95,0.0833333333329165,FALSE,TRUE,401.497652008044,1.33832550670018,4.81797182412063,6.08650263541634,32625.8379935598,-460.744410762156,TRUE,FALSE,TRUE
15,196712,"p","2020-02-09 23:57:00",823.116666666667,TRUE,823.033333333333,0.0833333333340533,FALSE,TRUE,401.497570712954,1.33832523569828,4.81797084851382,6.04699914749376,32965.3797640963,-678.211657684556,TRUE,FALSE,TRUE
15,196712,"o","2020-02-10 00:00:00",823.166666666667,TRUE,823.116666666667,0.0499999999999545,FALSE,TRUE,238.016397380115,1.32231331877962,4.76032794760664,6.00589450666064,33167.5723735315,-805.712377548813,TRUE,FALSE,TRUE
15,196712,"p","2020-02-10 00:02:00",823.2,TRUE,823.166666666667,0.0333333333330756,FALSE,TRUE,132.794084855508,1.10661737380446,3.98382254569604,5.94322030980827,33191.2402405837,-674.642419231492,TRUE,FALSE,TRUE
15,196712,"o","2020-02-10 00:06:00",823.266666666667,TRUE,823.2,0.0666666666669471,FALSE,TRUE,272.146554605657,1.1339439775188,4.08219831906768,5.88383403951658,33239.401251861,-405.967743161455,TRUE,FALSE,TRUE
15,196712,"p","2020-02-10 00:07:00",823.283333333333,TRUE,823.266666666667,0.0166666666659694,FALSE,TRUE,174.319830359274,2.90533050610944,10.459189821994,6.034028383265,33390.8706610213,-318.172313129091,TRUE,FALSE,TRUE
15,196712,"p","2020-02-10 00:12:00",823.366666666667,TRUE,823.283333333333,0.0833333333340533,FALSE,TRUE,889.809731748683,2.96603243913665,10.6777167808919,6.19026170655157,34167.6686213506,123.682351140429,TRUE,FALSE,TRUE
15,196712,"o","2020-02-10 00:14:00",823.4,TRUE,823.366666666667,0.033333333332962,FALSE,TRUE,353.451156861875,2.9454263072151,10.6035347059744,6.34443448064012,34477.7457851178,296.512660638528,TRUE,FALSE,TRUE
15,196712,"p","2020-02-10 00:17:00",823.45,TRUE,823.4,0.0500000000000682,FALSE,TRUE,426.874871349408,2.37152706304903,8.53749742697651,6.4412173941492,34873.0264988168,130.283075401624,TRUE,FALSE,TRUE
15,196712,"o","2020-02-10 00:18:00",823.466666666667,TRUE,823.45,0.0166666666669926,FALSE,TRUE,140.767561503217,2.34612602500774,8.44605369002788,6.53546026752595,35003.2083007069,75.0722949003093,TRUE,FALSE,TRUE
15,196712,"p","2020-02-10 00:22:00",823.533333333333,TRUE,823.466666666667,0.0666666666659239,FALSE,TRUE,323.602545384429,1.34834393911681,4.85403818082051,6.52992499582805,35328.3239192387,69.6974207464928,TRUE,FALSE,TRUE
15,196712,"p","2020-02-10 00:27:00",823.616666666667,TRUE,823.533333333333,0.0833333333340533,FALSE,TRUE,402.779323226993,1.34259774407838,4.83335187868215,6.5238151679835,35733.0129058612,64.857494716997,TRUE,FALSE,TRUE
15,196712,"o","2020-02-10 00:29:00",823.65,TRUE,823.616666666667,0.033333333332962,FALSE,TRUE,161.357275946442,1.34464396623533,4.8407182784472,6.51791002554628,35895.11816045,61.8125130992841,TRUE,FALSE,TRUE
15,196712,"p","2020-02-10 00:32:00",823.7,TRUE,823.65,0.0500000000000682,FALSE,TRUE,294.60710210916,1.63670612282643,5.89214204217515,6.54121116179912,36163.257039364,-63.3863846745424,TRUE,FALSE,TRUE
15,196712,"p","2020-02-10 00:37:00",823.783333333333,TRUE,823.7,0.0833333333329165,FALSE,TRUE,492.140011086255,1.64046670362906,5.9056801330646,6.56264336721658,36610.5379374524,-273.89956634255,TRUE,FALSE,TRUE
15,196712,"p","2020-02-10 00:42:00",823.866666666667,TRUE,823.783333333333,0.0833333333340533,FALSE,TRUE,492.139932506146,1.64046644167298,5.90567919002272,6.50283159281706,37057.8188355409,-484.412747995192,TRUE,FALSE,TRUE
15,196712,"p","2020-02-10 00:47:00",823.95,TRUE,823.866666666667,0.0833333333330302,FALSE,TRUE,492.139854702566,1.64046618234786,5.90567825645228,6.40228990148093,37505.0997336299,-694.925929650351,TRUE,FALSE,TRUE
15,196712,"p","2020-02-10 00:52:00",824.033333333333,TRUE,823.95,0.0833333333329165,FALSE,TRUE,492.139777674975,1.64046592559146,5.90567733212924,6.29760749132649,37952.3806317185,-905.43911130187,TRUE,FALSE,TRUE
15,196712,"o","2020-02-10 00:56:00",824.1,TRUE,824.033333333333,0.0666666666670608,FALSE,TRUE,392.778884185416,1.63657868409622,5.8916832627464,6.19253629984353,38308.9101171919,-1074.39439988532,TRUE,FALSE,TRUE
15,196712,"p","2020-02-10 00:57:00",824.116666666667,TRUE,824.1,0.0166666666669926,FALSE,TRUE,74.8265600812674,1.2471093346634,4.48959360478825,6.04851811510946,38351.6196733254,-1136.15752030783,TRUE,FALSE,TRUE
15,196712,"p","2020-02-10 01:02:00",824.2,TRUE,824.116666666667,0.0833333333330302,FALSE,TRUE,372.769668620492,1.24256556207283,4.47323602346218,5.9097081388801,38558.6912890724,-1447.69683867213,TRUE,FALSE,TRUE
15,196712,"p","2020-02-10 01:07:00",824.283333333333,TRUE,824.2,0.0833333333329165,FALSE,TRUE,372.769542165859,1.24256514055908,4.47323450601269,5.86035657540794,38765.7629048082,-1759.23615702704,TRUE,FALSE,TRUE
15,196712,"p","2020-02-10 01:12:00",824.366666666667,TRUE,824.283333333333,0.0833333333340533,FALSE,TRUE,372.769416047043,1.24256472014607,4.47323299252587,5.80735172847,38972.8345205435,-2070.7754754005,TRUE,FALSE,TRUE
15,196712,"p","2020-02-10 01:17:00",824.45,TRUE,824.366666666667,0.0833333333330302,FALSE,TRUE,372.769290257789,1.24256430086382,4.47323148310975,5.76296171294166,39179.9061362792,-2382.3147937628,TRUE,FALSE,TRUE
15,196712,"p","2020-02-10 01:22:00",824.533333333333,TRUE,824.45,0.0833333333329165,FALSE,TRUE,372.769164805487,1.24256388269117,4.47322997768822,5.72661433479091,39386.977752015,-2693.85411213303,TRUE,FALSE,TRUE
15,196712,"p","2020-02-10 01:27:00",824.616666666667,TRUE,824.533333333333,0.0833333333340533,FALSE,TRUE,372.769039687105,1.24256346561295,4.4732284762066,5.68812293333989,39594.0493677502,-3005.39343049634,TRUE,FALSE,TRUE
15,196712,"p","2020-02-10 01:32:00",824.7,TRUE,824.616666666667,0.0833333333330302,FALSE,TRUE,372.768914899804,1.24256304967053,4.47322697881392,5.6496314638816,39801.1209834861,-3316.93274886158,TRUE,FALSE,TRUE
15,196712,"p","2020-02-10 01:37:00",824.783333333333,TRUE,824.7,0.0833333333329165,FALSE,TRUE,372.768790448006,1.2425626348329,4.47322548539845,5.61113992627574,40008.192599222,-3628.47206722273,TRUE,FALSE,TRUE
15,196712,"o","2020-02-10 01:41:00",824.85,TRUE,824.783333333333,0.0666666666670608,FALSE,TRUE,297.187466813963,1.23828111171752,4.45781200218309,5.57222020943707,40172.628090945,-3877.27469056507,TRUE,FALSE,TRUE
15,196712,"p","2020-02-10 01:42:00",824.866666666667,TRUE,824.85,0.0166666666669926,FALSE,TRUE,46.7703174735609,0.779505291210773,2.80621904835878,5.48782119917973,40169.9460506371,-3924.10547968998,TRUE,FALSE,TRUE
15,196712,"o","2020-02-10 01:45:00",824.916666666667,TRUE,824.866666666667,0.0499999999999545,FALSE,TRUE,141.011621218186,0.783397895657304,2.82023242436629,5.4325141499591,40158.1011836326,-4065.03481550572,TRUE,FALSE,TRUE
15,196712,"p","2020-02-10 01:47:00",824.95,TRUE,824.916666666667,0.0333333333330756,FALSE,TRUE,218.99121188534,1.82492676572527,6.56973635661098,5.4811741382695,40140.5350792078,-4283.96614621784,TRUE,FALSE,TRUE
15,196712,"p","2020-02-10 01:52:00",825.033333333333,TRUE,824.95,0.0833333333329165,FALSE,TRUE,551.786616168152,1.83928872056971,6.62143939405095,5.53127034986098,40096.2864593258,-4835.60312924627,TRUE,FALSE,TRUE
15,196712,"o","2020-02-10 01:55:00",825.083333333333,TRUE,825.033333333333,0.0500000000000682,FALSE,TRUE,328.574710729903,1.82541505960808,6.57149421458909,5.57997922301556,40070.0235721227,-5164.09578486746,TRUE,FALSE,TRUE
15,196712,"p","2020-02-10 01:57:00",825.116666666667,TRUE,825.083333333333,0.0333333333339851,FALSE,TRUE,38.4881008878091,0.320734174058804,1.15464302661169,5.47822003513569,40073.2751762841,-5202.56006636614,TRUE,FALSE,TRUE
15,196712,"p","2020-02-10 02:02:00",825.2,TRUE,825.116666666667,0.0833333333330302,FALSE,TRUE,90.1048564080517,0.300349521361265,1.08125827690055,5.37442240936353,40082.1198985032,-5292.49693457458,TRUE,FALSE,TRUE
15,196712,"p","2020-02-10 02:07:00",825.283333333333,TRUE,825.2,0.0833333333329165,FALSE,TRUE,90.1048466535285,0.300349488846597,1.08125815984775,5.27062480757817,40090.9646207224,-5382.43380279369,TRUE,FALSE,TRUE
15,196712,"o","2020-02-10 02:10:00",825.333333333333,TRUE,825.283333333333,0.0500000000000682,FALSE,TRUE,53.7172229490437,0.298429016383169,1.07434445897941,5.16663518564666,40098.1361113003,-5435.8309757358,TRUE,FALSE,TRUE
15,196712,"p","2020-02-10 02:12:00",825.366666666667,TRUE,825.333333333333,0.0333333333339851,FALSE,TRUE,139.430316558779,1.16191930463377,4.18290949668158,5.15059578423208,40238.1344102147,-5430.46137690697,TRUE,FALSE,TRUE
15,196712,"p","2020-02-10 02:17:00",825.45,TRUE,825.366666666667,0.0833333333330302,FALSE,TRUE,353.267943841764,1.17755981281016,4.23921532611659,5.15769002813265,40592.7918006174,-5415.6250098785,TRUE,FALSE,TRUE
15,196712,"p","2020-02-10 02:22:00",825.533333333333,TRUE,825.45,0.0833333333329165,FALSE,TRUE,353.267983189307,1.17755994397025,4.23921579829289,5.16205162477779,40947.4491910203,-5400.78864284886,TRUE,FALSE,TRUE
15,196712,"p","2020-02-10 02:27:00",825.616666666667,TRUE,825.533333333333,0.0833333333340533,FALSE,TRUE,353.268022823889,1.17756007606946,4.23921627385004,4.98927458177379,41302.1065814224,-5385.95227581711,TRUE,FALSE,TRUE
15,196712,"p","2020-02-10 02:32:00",825.7,TRUE,825.616666666667,0.0833333333330302,FALSE,TRUE,353.26806274794,1.17756020916408,4.2392167529907,4.81042735877654,41656.7639718254,-5371.11590878726,TRUE,FALSE,TRUE
15,196712,"p","2020-02-10 02:37:00",825.783333333333,TRUE,825.7,0.0833333333329165,FALSE,TRUE,353.268102959144,1.17756034320304,4.23921723553093,4.63364076237533,42011.4213622281,-5356.27954174885,TRUE,FALSE,TRUE
15,196712,"o","2020-02-10 02:40:00",825.833333333333,TRUE,825.783333333333,0.0500000000000682,FALSE,TRUE,211.669913758325,1.17594396532242,4.23339827516072,4.51408245260267,42223.938256216,-5347.74381540684,TRUE,FALSE,TRUE
15,196712,"p","2020-02-10 02:42:00",825.866666666667,TRUE,825.833333333333,0.0333333333339851,FALSE,TRUE,122.74345370543,1.02286211419191,3.68230361109089,4.38175606152109,42345.4901032159,-5368.60095969214,TRUE,FALSE,TRUE
15,196712,"p","2020-02-10 02:47:00",825.95,TRUE,825.866666666667,0.0833333333330302,FALSE,TRUE,306.334373457041,1.02111457819385,3.67601248149787,4.34903312542879,42648.675870082,-5421.65905513015,TRUE,FALSE,TRUE
15,196712,"p","2020-02-10 02:52:00",826.033333333333,TRUE,825.95,0.0833333333329165,FALSE,TRUE,306.334379120978,1.02111459707504,3.67601254947013,4.31688481072846,42951.8616369479,-5474.71715055502,TRUE,FALSE,TRUE
15,196712,"p","2020-02-10 02:57:00",826.116666666667,TRUE,826.033333333333,0.0833333333340533,FALSE,TRUE,306.334384974273,1.02111461657209,3.67601261965952,4.28453187576213,43255.0474038136,-5527.77524598605,TRUE,FALSE,TRUE
15,196712,"p","2020-02-10 03:02:00",826.2,TRUE,826.116666666667,0.0833333333330302,FALSE,TRUE,306.334391014077,1.0211146367173,3.67601269218229,4.22297272715122,43558.2331706795,-5580.83334141637,TRUE,FALSE,TRUE
15,196712,"p","2020-02-10 03:07:00",826.283333333333,TRUE,826.2,0.0833333333329165,FALSE,TRUE,306.33439724321,1.02111465748248,3.67601276693691,4.16103752253656,43861.4189375453,-5633.89143685111,TRUE,FALSE,TRUE
15,196712,"p","2020-02-10 03:12:00",826.366666666667,TRUE,826.283333333333,0.0833333333340533,FALSE,TRUE,306.334403658185,1.02111467885179,3.67601284386646,4.09910234625444,44164.6047044109,-5686.94953227528,TRUE,FALSE,TRUE
15,196712,"o","2020-02-10 03:14:00",826.4,TRUE,826.366666666667,0.033333333332962,FALSE,TRUE,122.065496663084,1.0172124722037,3.66196489993333,4.03677697524003,44285.0264121143,-5710.19872746335,TRUE,FALSE,TRUE
15,196712,"p","2020-02-10 03:17:00",826.45,TRUE,826.4,0.0500000000000682,FALSE,TRUE,269.108970859802,1.49504983810797,5.38217941718869,4.02223536649168,44372.918488586,-5965.44367568206,TRUE,FALSE,TRUE
15,196712,"p","2020-02-10 03:22:00",826.533333333333,TRUE,826.45,0.0833333333329165,FALSE,TRUE,451.245607113007,1.50415202371755,5.41494728538317,4.00899270045381,44517.9842843002,-6394.22851772715,TRUE,FALSE,TRUE
15,196712,"p","2020-02-10 03:27:00",826.616666666667,TRUE,826.533333333333,0.0833333333340533,FALSE,TRUE,451.245389306831,1.50415129767644,5.41494467163519,4.03469689675512,44663.0500800143,-6823.01335978006,TRUE,FALSE,TRUE
15,196712,"o","2020-02-10 03:32:00",826.7,TRUE,826.616666666667,0.0833333333330302,FALSE,TRUE,446.098996562243,1.48699665521289,5.35318795876639,4.05914000606912,44810.4681729273,-7245.53670997557,TRUE,FALSE,TRUE
15,196712,"p","2020-02-10 03:37:00",826.783333333333,TRUE,826.7,0.0833333333329165,FALSE,TRUE,925.354213331652,3.08451404445427,11.1042505600354,4.24333489645864,45389.4303022767,-6519.34914468637,TRUE,FALSE,TRUE
15,196712,"p","2020-02-10 03:42:00",826.866666666667,TRUE,826.783333333333,0.0833333333340533,FALSE,TRUE,931.700395685502,3.10566798559151,11.1804047481294,4.42964522300318,45970.744728825,-5786.90008754855,TRUE,FALSE,TRUE
15,196712,"p","2020-02-10 03:47:00",826.95,TRUE,826.866666666667,0.0833333333330302,FALSE,TRUE,931.701392880811,3.105671309614,11.1804167146104,4.6159559238782,46552.0591553736,-5054.45103041168,TRUE,FALSE,TRUE
15,196712,"o","2020-02-10 03:50:00",827,TRUE,826.95,0.0499999999999545,FALSE,TRUE,554.429531814596,3.08016406563945,11.088590636302,4.79971594217303,46899.0435855463,-4619.43218525862,TRUE,FALSE,TRUE
15,196712,"p","2020-02-10 03:52:00",827.033333333333,TRUE,827,0.033333333332962,FALSE,TRUE,105.194440140338,0.876620334512582,3.1558332042453,4.76312162906299,46999.5314778374,-4652.15811438331,TRUE,FALSE,TRUE
15,196712,"p","2020-02-10 03:57:00",827.116666666667,TRUE,827.033333333333,0.0833333333340533,FALSE,TRUE,262.431232064034,0.874770773539223,3.1491747847412,4.72634240144986,47246.2406441727,-4745.09941002984,TRUE,FALSE,TRUE
15,196712,"p","2020-02-10 04:02:00",827.2,TRUE,827.116666666667,0.0833333333330302,FALSE,TRUE,262.431221778363,0.874770739264392,3.14917466135181,4.68956321189301,47492.9498105082,-4838.04070568262,TRUE,FALSE,TRUE
15,196712,"p","2020-02-10 04:07:00",827.283333333333,TRUE,827.2,0.0833333333329165,FALSE,TRUE,262.431211612006,0.874770705377731,3.14917453935983,4.65321217125903,47739.6589768437,-4930.98200133512,TRUE,FALSE,TRUE
15,196712,"p","2020-02-10 04:12:00",827.366666666667,TRUE,827.283333333333,0.0833333333340533,FALSE,TRUE,262.431201562145,0.874770671866258,3.14917441871853,4.66273870932458,47986.368143179,-5023.92329698359,TRUE,FALSE,TRUE
15,196712,"p","2020-02-10 04:17:00",827.45,TRUE,827.366666666667,0.0833333333330302,FALSE,TRUE,262.431191629692,0.874770638768823,3.14917429956776,4.67187598363573,48233.0773095144,-5116.86459263103,TRUE,FALSE,TRUE
15,196712,"o","2020-02-10 04:20:00",827.5,TRUE,827.45,0.0499999999999545,FALSE,TRUE,154.426735637484,0.857926309097914,3.08853471275249,4.575175937973,48377.9310925854,-5172.3981172581,TRUE,FALSE,TRUE
15,196712,"p","2020-02-10 04:22:00",827.533333333333,TRUE,827.5,0.033333333332962,FALSE,TRUE,134.318783274007,1.11932319396253,4.02956349826512,4.50317938531228,48244.5003764698,-5192.65096393501,TRUE,FALSE,TRUE
15,196712,"p","2020-02-10 04:27:00",827.616666666667,TRUE,827.533333333333,0.0833333333340533,FALSE,TRUE,343.516349072744,1.14505449689925,4.12219618883731,4.4351433290414,47902.9942943553,-5242.7049486974,TRUE,FALSE,TRUE
15,196712,"p","2020-02-10 04:32:00",827.7,TRUE,827.616666666667,0.0833333333330302,FALSE,TRUE,343.516291576796,1.14505430526015,4.12219549893655,4.51757534216153,47561.48821224,-5292.75893347395,TRUE,FALSE,TRUE
15,196712,"p","2020-02-10 04:37:00",827.783333333333,TRUE,827.7,0.0833333333329165,FALSE,TRUE,343.516234345721,1.14505411449147,4.12219481216927,4.60204580147455,47219.982130125,-5342.81291823651,TRUE,FALSE,TRUE
15,196712,"p","2020-02-10 04:42:00",827.866666666667,TRUE,827.783333333333,0.0833333333340533,FALSE,TRUE,343.516177378834,1.14505392458622,4.12219412851039,4.68651624504851,46878.4760480102,-5392.86690300613,TRUE,FALSE,TRUE
15,196712,"p","2020-02-10 04:47:00",827.95,TRUE,827.866666666667,0.0833333333330302,FALSE,TRUE,343.516120677113,1.14505373559454,4.12219344814035,4.77117871696965,46536.9699658951,-5442.9208877766,TRUE,FALSE,TRUE
15,196712,"p","2020-02-10 04:52:00",828.033333333333,TRUE,827.95,0.0833333333329165,FALSE,TRUE,343.516064221265,1.14505354740995,4.1221927706758,4.76949214124727,46195.4638838003,-5492.97487255444,TRUE,FALSE,TRUE
15,196712,"o","2020-02-10 04:53:00",828.05,TRUE,828.033333333333,0.0166666666669926,FALSE,TRUE,66.5508449224051,1.10918074868506,3.99305069526622,4.76265423483476,46129.4780568883,-5503.79857712112,TRUE,FALSE,TRUE
15,196712,"p","2020-02-10 04:57:00",828.116666666667,TRUE,828.05,0.0666666666670608,FALSE,TRUE,173.142848009449,0.721428533368441,2.59714272012639,4.71704109377458,46197.4808950678,-5663.63601146579,TRUE,FALSE,TRUE
15,196712,"p","2020-02-10 05:02:00",828.2,TRUE,828.116666666667,0.0833333333330302,FALSE,TRUE,218.498509873388,0.728328366247277,2.6219821184902,4.67211792279236,46285.378679707,-5864.44893892283,TRUE,FALSE,TRUE
15,196712,"p","2020-02-10 05:07:00",828.283333333333,TRUE,828.2,0.0833333333329165,FALSE,TRUE,218.498461806687,0.728328206025934,2.62198154169336,4.62719472247854,46373.2764643456,-6065.26186638583,TRUE,FALSE,TRUE
15,196712,"o","2020-02-10 05:10:00",828.333333333333,TRUE,828.283333333333,0.0500000000000682,FALSE,TRUE,130.338273081188,0.724101517116723,2.6067654616202,4.58184883986991,46426.1881406458,-6184.84038970992,TRUE,FALSE,TRUE
15,196712,"p","2020-02-10 05:12:00",828.366666666667,TRUE,828.333333333333,0.0333333333339851,FALSE,TRUE,49.5357339669685,0.412797783049999,1.48607201898,4.50553422164267,46474.0082428974,-6198.62554214094,TRUE,FALSE,TRUE
15,196712,"p","2020-02-10 05:17:00",828.45,TRUE,828.366666666667,0.0833333333330302,FALSE,TRUE,123.645391330707,0.41215130443719,1.48374469597389,4.4444631406672,46593.9910123183,-6230.81534035258,TRUE,FALSE,TRUE
15,196712,"p","2020-02-10 05:22:00",828.533333333333,TRUE,828.45,0.0833333333329165,FALSE,TRUE,123.645390933643,0.412151303114206,1.48374469121114,4.38356681315923,46713.9737817392,-6263.00513856331,TRUE,FALSE,TRUE
15,196712,"p","2020-02-10 05:27:00",828.616666666667,TRUE,828.533333333333,0.0833333333340533,FALSE,TRUE,123.645390548699,0.412151301825435,1.48374468657157,4.32267048363427,46833.9565511597,-6295.19493677488,TRUE,FALSE,TRUE
15,196712,"p","2020-02-10 05:32:00",828.7,TRUE,828.616666666667,0.0833333333330302,FALSE,TRUE,123.645390177329,0.412151300592597,1.48374468213335,4.26177415203632,46953.9393205809,-6327.38473498374,TRUE,FALSE,TRUE
15,196712,"p","2020-02-10 05:37:00",828.783333333333,TRUE,828.7,0.0833333333329165,FALSE,TRUE,123.645389817742,0.412151299394536,1.48374467782033,4.20087781830405,47073.9220900017,-6359.57453320365,TRUE,FALSE,TRUE
15,196712,"p","2020-02-10 05:42:00",828.866666666667,TRUE,828.783333333333,0.0833333333340533,FALSE,TRUE,123.645389470341,0.412151298230908,1.48374467363127,4.13998148237889,47193.9048594227,-6391.76433141092,TRUE,FALSE,TRUE
15,196712,"p","2020-02-10 05:47:00",828.95,TRUE,828.866666666667,0.0833333333330302,FALSE,TRUE,123.645389134781,0.412151297117437,1.48374466962277,4.07908514420545,47313.8876288434,-6423.95412961754,TRUE,FALSE,TRUE
15,196712,"p","2020-02-10 05:52:00",829.033333333333,TRUE,828.95,0.0833333333329165,FALSE,TRUE,123.645388806544,0.412151296023877,1.48374466568596,4.01857902658747,47433.8703982588,-6456.14392783551,TRUE,FALSE,TRUE
15,196712,"o","2020-02-10 05:53:00",829.05,TRUE,829.033333333333,0.0166666666669926,FALSE,TRUE,23.9838348406506,0.399730580669694,1.4390300904109,3.90904710084364,47457.2317297608,-6462.05159186232,TRUE,FALSE,TRUE
15,196712,"p","2020-02-10 05:57:00",829.116666666667,TRUE,829.05,0.0666666666670608,FALSE,TRUE,52.2955480603559,0.217898116916862,0.784433220900702,3.78042171016358,47459.6083087764,-6409.65634397165,TRUE,FALSE,TRUE
15,196712,"p","2020-02-10 06:02:00",829.2,TRUE,829.116666666667,0.0833333333330302,FALSE,TRUE,65.9990191597928,0.219996730533443,0.791988229920394,3.65200625344928,47461.7850045613,-6343.49941459086,TRUE,FALSE,TRUE
15,196712,"p","2020-02-10 06:07:00",829.283333333333,TRUE,829.2,0.0833333333329165,FALSE,TRUE,65.9990245422327,0.219996748475209,0.791988294510754,3.52530626277551,47463.9617003462,-6277.34248520742,TRUE,FALSE,TRUE
15,196712,"p","2020-02-10 06:12:00",829.366666666667,TRUE,829.283333333333,0.0833333333340533,FALSE,TRUE,65.9990299275179,0.219996766423159,0.791988359123372,3.2388545349724,47466.1383961307,-6211.18555583858,TRUE,FALSE,TRUE
15,196712,"p","2020-02-10 06:17:00",829.45,TRUE,829.366666666667,0.0833333333330302,FALSE,TRUE,65.9990353156601,0.219996784386334,0.791988423790802,2.95028741485188,47468.3150919156,-6145.02862645248,TRUE,FALSE,TRUE
15,196712,"p","2020-02-10 06:22:00",829.533333333333,TRUE,829.45,0.0833333333329165,FALSE,TRUE,65.9990407024138,0.21999680234248,0.791988488432928,2.66171996412473,47470.4917877006,-6078.87169707664,TRUE,FALSE,TRUE
15,196712,"p","2020-02-10 06:27:00",829.616666666667,TRUE,829.533333333333,0.0833333333340533,FALSE,TRUE,65.9990460948379,0.219996820314226,0.791988553131212,2.37570323959221,47472.6684834856,-6012.71476769508,TRUE,FALSE,TRUE
15,196712,"p","2020-02-10 06:32:00",829.7,TRUE,829.616666666667,0.0833333333330302,FALSE,TRUE,65.9990514844571,0.219996838282324,0.791988617816367,2.31004088996918,47474.8451792702,-5946.55783832119,TRUE,FALSE,TRUE
15,196712,"p","2020-02-10 06:37:00",829.783333333333,TRUE,829.7,0.0833333333329165,FALSE,TRUE,65.9990568811709,0.21999685627167,0.791988682578013,2.24456349824243,47477.0218750553,-5880.400908933,TRUE,FALSE,TRUE
15,196712,"o","2020-02-10 06:39:00",829.816666666667,TRUE,829.783333333333,0.0333333333339851,FALSE,TRUE,25.2830876325249,0.210692396933588,0.758492628960916,2.17815566400934,47478.8721755923,-5855.11105316828,TRUE,FALSE,TRUE
15,196712,"p","2020-02-10 06:42:00",829.866666666667,TRUE,829.816666666667,0.0500000000000682,FALSE,TRUE,140.814287160342,0.782301595334167,2.816285743203,2.16890875300499,47588.2049125057,-5944.75886329133,TRUE,FALSE,TRUE
15,196712,"p","2020-02-10 06:47:00",829.95,TRUE,829.866666666667,0.0833333333330302,FALSE,TRUE,237.183698827992,0.790612329429515,2.84620438594625,2.16049291876131,47772.0588444004,-6096.12674012479,TRUE,FALSE,TRUE
15,196712,"o","2020-02-10 06:50:00",830,TRUE,829.95,0.0499999999999545,FALSE,TRUE,140.902006263739,0.782788923688153,2.81804012527735,2.15129474725325,47881.4890099096,-6185.79480372348,TRUE,FALSE,TRUE
15,196712,"p","2020-02-10 06:52:00",830.033333333333,TRUE,830,0.033333333332962,FALSE,TRUE,25.3649518482293,0.2113745987376,0.760948555455358,2.08663957621722,47890.4693854462,-6161.98714953367,TRUE,FALSE,TRUE
15,196712,"p","2020-02-10 06:57:00",830.116666666667,TRUE,830.033333333333,0.0833333333340533,FALSE,TRUE,65.3998420936813,0.217999473643721,0.784798105117395,1.99650720418533,47910.7148402175,-6099.58635777353,TRUE,FALSE,TRUE
15,196712,"p","2020-02-10 07:02:00",830.2,TRUE,830.116666666667,0.0833333333330302,FALSE,TRUE,65.399847496062,0.217999491654333,0.784798169955599,1.90380170366084,47930.9602949889,-6037.18556601269,TRUE,FALSE,TRUE
15,196712,"p","2020-02-10 07:07:00",830.283333333333,TRUE,830.2,0.0833333333329165,FALSE,TRUE,65.3998529046785,0.217999509683352,0.784798234860067,1.81109622410316,47951.2057497602,-5974.7847742614,TRUE,FALSE,TRUE
15,196712,"p","2020-02-10 07:12:00",830.366666666667,TRUE,830.283333333333,0.0833333333340533,FALSE,TRUE,65.3998583073877,0.217999527689409,0.784798299681872,1.71839076542296,47971.4512045313,-5912.38398251363,TRUE,FALSE,TRUE
15,196712,"p","2020-02-10 07:17:00",830.45,TRUE,830.366666666667,0.0833333333330302,FALSE,TRUE,65.3998637218967,0.217999545740449,0.784798364665616,1.62568532753838,47991.6966593029,-5849.9831907531,TRUE,FALSE,TRUE
15,196712,"p","2020-02-10 07:22:00",830.533333333333,TRUE,830.45,0.0833333333329165,FALSE,TRUE,65.3998691317375,0.217999563773549,0.784798429584776,1.53297991035628,48011.9421140741,-5787.5823990049,TRUE,FALSE,TRUE
15,196712,"p","2020-02-10 07:27:00",830.616666666667,TRUE,830.533333333333,0.0833333333340533,FALSE,TRUE,65.3998745478707,0.217999581824352,0.784798494567667,1.44027451379772,48032.1875688456,-5725.18160724321,TRUE,FALSE,TRUE
15,196712,"p","2020-02-10 07:32:00",830.7,TRUE,830.616666666667,0.0833333333330302,FALSE,TRUE,65.399879962201,0.217999599874796,0.784798559549267,1.35115639891669,48052.4330236169,-5662.78081549204,TRUE,FALSE,TRUE
15,196712,"p","2020-02-10 07:37:00",830.783333333333,TRUE,830.7,0.0833333333329165,FALSE,TRUE,65.3998853760226,0.217999617921166,0.784798624516197,1.30081350737197,48072.6784783882,-5600.38002373937,TRUE,FALSE,TRUE
15,196712,"p","2020-02-10 07:42:00",830.866666666667,TRUE,830.783333333333,0.0833333333340533,FALSE,TRUE,65.3998908001854,0.217999635998734,0.784798689595444,1.24978063434711,48092.9239331597,-5537.97923197846,TRUE,FALSE,TRUE
15,196712,"p","2020-02-10 12:02:00",835.2,TRUE,835.116666666667,0.0833333333330302,FALSE,TRUE,1083.33879301359,3.61112931005844,13.0000655162104,1.45258066468598,49477.2299271797,-4326.39621027522,TRUE,FALSE,TRUE
15,196712,"p","2020-02-10 12:07:00",835.283333333333,TRUE,835.2,0.0833333333329165,FALSE,TRUE,1083.33743479796,3.61112478267794,13.0000492176406,1.79189314673856,49681.6655741236,-5393.58327936044,TRUE,FALSE,TRUE
15,196712,"o","2020-02-10 12:09:00",835.316666666667,TRUE,835.283333333333,0.0333333333339851,FALSE,TRUE,427.630071463128,3.56358392878972,12.828902143643,2.12645154158493,49762.821166444,-5814.75099841824,TRUE,FALSE,TRUE
15,196712,"p","2020-02-10 12:12:00",835.366666666667,TRUE,835.316666666667,0.0500000000000682,FALSE,TRUE,55.2701748523043,0.307056526956827,1.10540349704458,2.13535719442924,49817.2598191279,-5825.71837281554,TRUE,FALSE,TRUE
15,196712,"p","2020-02-10 12:17:00",835.45,TRUE,835.366666666667,0.0833333333330302,FALSE,TRUE,89.6970492838076,0.298990164280446,1.07636459140961,2.14345620918762,49906.9597961723,-5834.48548250495,TRUE,FALSE,TRUE
15,196712,"p","2020-02-10 12:22:00",835.533333333333,TRUE,835.45,0.0833333333329165,FALSE,TRUE,89.6970509182197,0.298990169728895,1.07636461102402,2.15155522267078,49996.6597732165,-5843.2525922012,TRUE,FALSE,TRUE
15,196712,"p","2020-02-10 12:27:00",835.616666666667,TRUE,835.533333333333,0.0833333333340533,FALSE,TRUE,89.6970525579312,0.298990175190521,1.07636463068587,2.15965423488046,50086.3597502611,-5852.01970189395,TRUE,FALSE,TRUE
15,196712,"p","2020-02-10 12:32:00",835.7,TRUE,835.616666666667,0.0833333333330302,FALSE,TRUE,89.6970542015989,0.298990180673084,1.0763646504231,2.16775324581747,50176.0597273055,-5860.78681158346,TRUE,FALSE,TRUE
15,196712,"o","2020-02-10 12:34:00",835.733333333333,TRUE,835.7,0.033333333332962,FALSE,TRUE,34.9642847898208,0.29136903991842,1.04892854370631,2.17509014085762,50211.0355469401,-5864.09655570034,TRUE,FALSE,TRUE
15,196712,"p","2020-02-10 12:37:00",835.783333333333,TRUE,835.733333333333,0.0499999999999545,FALSE,TRUE,48.5307353493777,0.269615196385677,0.970614706988436,2.18025164972222,50165.1490907788,-5847.62187115757,TRUE,FALSE,TRUE
15,196712,"p","2020-02-10 12:42:00",835.866666666667,TRUE,835.783333333333,0.0833333333340533,FALSE,TRUE,82.4068683264422,0.274689561085767,0.988882419908762,2.18592059323588,50087.1647118716,-5819.83556399452,TRUE,FALSE,TRUE
15,196712,"p","2020-02-10 12:47:00",835.95,TRUE,835.866666666667,0.0833333333330302,FALSE,TRUE,82.4068690513414,0.274689563505471,0.988882428619694,2.19158953516661,50009.1803329642,-5792.04925682808,TRUE,FALSE,TRUE
15,196712,"p","2020-02-10 12:52:00",836.033333333333,TRUE,835.95,0.0833333333329165,FALSE,TRUE,82.4068697802373,0.274689565935498,0.988882437367794,2.19725847551852,49931.1959540567,-5764.26294967345,TRUE,FALSE,TRUE
15,196712,"p","2020-02-10 12:57:00",836.116666666667,TRUE,836.033333333333,0.0833333333340533,FALSE,TRUE,82.4068705129489,0.274689568374123,0.988882446146843,2.20292741428898,49853.2115751494,-5736.4766425091,TRUE,FALSE,TRUE
15,196712,"p","2020-02-10 13:02:00",836.2,TRUE,836.116666666667,0.0833333333330302,FALSE,TRUE,82.406871249086,0.274689570831286,0.98888245499263,2.20859635148111,49775.2271962421,-5708.69033533998,TRUE,FALSE,TRUE
15,196712,"p","2020-02-10 13:07:00",836.283333333333,TRUE,836.2,0.0833333333329165,FALSE,TRUE,82.4068719882907,0.274689573295676,0.988882463864435,2.21426528709304,49697.2428173346,-5680.90402818203,TRUE,FALSE,TRUE
15,196712,"p","2020-02-10 13:12:00",836.366666666667,TRUE,836.283333333333,0.0833333333340533,FALSE,TRUE,82.4068727328508,0.274689575773796,0.988882472785666,2.21993422112785,49619.2584384273,-5653.11772101865,TRUE,FALSE,TRUE
15,196712,"p","2020-02-10 13:17:00",836.45,TRUE,836.366666666667,0.0833333333330302,FALSE,TRUE,82.406873479272,0.274689578265239,0.988882481754861,2.22560315358473,49541.2740595199,-5625.33141385163,TRUE,FALSE,TRUE
15,196712,"p","2020-02-10 13:22:00",836.533333333333,TRUE,836.45,0.0833333333329165,FALSE,TRUE,82.4068742294882,0.274689580766335,0.988882490758806,2.23127208446415,49463.2896806127,-5597.54510668876,TRUE,FALSE,TRUE
15,196712,"p","2020-02-10 13:27:00",836.616666666667,TRUE,836.533333333333,0.0833333333340533,FALSE,TRUE,82.4068749835676,0.274689583276185,0.988882499794267,2.23694101376704,49385.3053017053,-5569.75879953288,TRUE,FALSE,TRUE
15,196712,"p","2020-02-10 13:32:00",836.7,TRUE,836.616666666667,0.0833333333330302,FALSE,TRUE,82.4068757428815,0.274689585810604,0.988882508918175,2.24260994149453,49307.3209227977,-5541.97249236458,TRUE,FALSE,TRUE
15,196712,"p","2020-02-10 13:37:00",836.783333333333,TRUE,836.7,0.0833333333329165,FALSE,TRUE,82.4068765037907,0.274689588347343,0.988882518050435,2.24827886764727,49229.3365438905,-5514.18618519907,TRUE,FALSE,TRUE
15,196712,"p","2020-02-10 13:42:00",836.866666666667,TRUE,836.783333333333,0.0833333333340533,FALSE,TRUE,82.406877269186,0.274689590894913,0.988882527221688,2.25394779222502,49151.3521649831,-5486.39987803495,TRUE,FALSE,TRUE
15,196712,"p","2020-02-10 13:47:00",836.95,TRUE,836.866666666667,0.0833333333330302,FALSE,TRUE,82.4068780376157,0.274689593459718,0.988882536454986,2.25961671522868,49073.3677860757,-5458.61357087225,TRUE,FALSE,TRUE
15,196712,"p","2020-02-10 13:52:00",837.033333333333,TRUE,836.95,0.0833333333329165,FALSE,TRUE,82.4068788115455,0.274689596039859,0.988882545743492,2.26528563665972,48995.3834071684,-5430.82726370215,TRUE,FALSE,TRUE
15,196712,"p","2020-02-10 13:57:00",837.116666666667,TRUE,837.033333333333,0.0833333333340533,FALSE,TRUE,82.4068795864902,0.274689598619261,0.988882555029339,2.27095455651763,48917.3990282611,-5403.04095654693,TRUE,FALSE,TRUE
15,196712,"p","2020-02-10 14:02:00",837.2,TRUE,837.116666666667,0.0833333333330302,FALSE,TRUE,82.4068803672806,0.274689601225268,0.988882564410964,2.27662347480383,48839.4146493537,-5375.25464937691,TRUE,FALSE,TRUE
15,196712,"p","2020-02-10 14:07:00",837.283333333333,TRUE,837.2,0.0833333333329165,FALSE,TRUE,82.4068811501714,0.274689603835279,0.988882573807004,2.2822923915182,48761.4302704463,-5347.46834221475,TRUE,FALSE,TRUE
15,196712,"p","2020-02-10 14:12:00",837.366666666667,TRUE,837.283333333333,0.0833333333340533,FALSE,TRUE,82.406881937452,0.2746896064558,0.98888258324088,2.28796130666138,48683.4458915388,-5319.68203505833,TRUE,FALSE,TRUE
15,196712,"p","2020-02-10 14:17:00",837.45,TRUE,837.366666666667,0.0833333333330302,FALSE,TRUE,82.4068827288365,0.274689609097121,0.988882592749635,2.2936302202355,48605.4615126315,-5291.89572789637,TRUE,FALSE,TRUE
15,196712,"p","2020-02-10 14:22:00",837.533333333333,TRUE,837.45,0.0833333333329165,FALSE,TRUE,82.4068835222037,0.274689611742053,0.988882602271391,2.29929913223906,48527.477133724,-5264.10942072889,TRUE,FALSE,TRUE
15,196712,"p","2020-02-10 14:27:00",837.616666666667,TRUE,837.533333333333,0.0833333333340533,FALSE,TRUE,82.4068843218887,0.274689614403922,0.988882611854121,2.30496804267476,48449.4927548169,-5236.32311355907,TRUE,FALSE,TRUE
15,196712,"p","2020-02-10 14:32:00",837.7,TRUE,837.616666666667,0.0833333333330302,FALSE,TRUE,82.4068851229843,0.274689617077614,0.988882621479409,2.31063695154104,48371.5083759093,-5208.53680640215,TRUE,FALSE,TRUE
15,196712,"p","2020-02-10 14:37:00",837.783333333333,TRUE,837.7,0.0833333333329165,FALSE,TRUE,82.4068859278134,0.274689619760752,0.988882631138708,2.31630585885639,48293.523997002,-5180.75049923586,TRUE,FALSE,TRUE
15,196712,"p","2020-02-10 14:42:00",837.866666666667,TRUE,837.783333333333,0.0833333333340533,FALSE,TRUE,82.4068867376437,0.274689622456439,0.98888264084318,2.33025852258373,48215.5396180947,-5152.96419207013,TRUE,FALSE,TRUE
15,196712,"p","2020-02-10 14:47:00",837.95,TRUE,837.866666666667,0.0833333333330302,FALSE,TRUE,82.4068875505302,0.274689625169433,0.98888265060996,1.99917688801647,48137.555239187,-5125.17788491346,TRUE,FALSE,TRUE
15,196712,"p","2020-02-10 14:52:00",838.033333333333,TRUE,837.95,0.0833333333329165,FALSE,TRUE,82.4068883665025,0.274689627889716,0.988882660402976,1.6655329197996,48059.5708602797,-5097.39157774677,TRUE,FALSE,TRUE
15,196712,"p","2020-02-10 14:57:00",838.116666666667,TRUE,838.033333333333,0.0833333333340533,FALSE,TRUE,82.4068891860868,0.274689630617916,0.988882670224498,1.3318894045936,47981.5864813725,-5069.60527058069,TRUE,FALSE,TRUE
15,196712,"p","2020-02-10 23:07:00",846.283333333333,TRUE,846.2,0.0833333333329165,FALSE,TRUE,158.415274320928,0.528050914405736,1.90098329186065,1.20575320483817,46111.9918543724,2342.72099240032,TRUE,FALSE,TRUE
15,196712,"p","2020-02-10 23:12:00",846.366666666667,TRUE,846.283333333333,0.0833333333340533,FALSE,TRUE,158.415286177955,0.528050953921955,1.90098343411904,1.22793707550303,46269.6678849945,2364.48375109204,TRUE,FALSE,TRUE
15,196712,"p","2020-02-10 23:17:00",846.45,TRUE,846.366666666667,0.0833333333330302,FALSE,TRUE,158.415298061612,0.528050993540627,1.90098357674626,1.25012094691249,46427.3439156165,2386.24650978042,TRUE,FALSE,TRUE
15,196712,"p","2020-02-10 23:22:00",846.533333333333,TRUE,846.45,0.0833333333329165,FALSE,TRUE,158.415309971028,0.528051033239401,1.90098371966184,1.27230481907506,46585.0199462386,2408.00926848271,TRUE,FALSE,TRUE
15,196712,"p","2020-02-10 23:27:00",846.616666666667,TRUE,846.533333333333,0.0833333333340533,FALSE,TRUE,158.415321906121,0.52805107301584,1.90098386285702,1.29448869199445,46742.6959768605,2429.77202716772,TRUE,FALSE,TRUE
15,196712,"p","2020-02-10 23:32:00",846.7,TRUE,846.616666666667,0.0833333333330302,FALSE,TRUE,158.415333867748,0.528051112894413,1.90098400641989,1.31667256568126,46900.3720074825,2451.53478586473,TRUE,FALSE,TRUE
15,196712,"p","2020-02-10 23:37:00",846.783333333333,TRUE,846.7,0.0833333333329165,FALSE,TRUE,158.415345855357,0.528051152853832,1.9009841502738,1.33885644014079,47058.0480381047,2473.29754455669,TRUE,FALSE,TRUE
15,196712,"p","2020-02-10 23:42:00",846.866666666667,TRUE,846.783333333333,0.0833333333340533,FALSE,TRUE,158.415357868041,0.528051192888906,1.90098429440006,1.36104031538023,47215.7240687264,2495.06030325308,TRUE,FALSE,TRUE
15,196712,"o","2020-02-10 23:44:00",846.9,TRUE,846.866666666667,0.033333333332962,FALSE,TRUE,63.7221162425871,0.531017635360809,1.91166348729891,1.38352083163997,47278.8637677793,2505.66991123456,TRUE,FALSE,TRUE
15,196712,"p","2020-02-10 23:47:00",846.95,TRUE,846.9,0.0500000000000682,FALSE,TRUE,244.598876111319,1.35888264506103,4.8919775222197,1.48878784564194,47381.1099091369,2728.74462033832,TRUE,FALSE,TRUE
15,196712,"p","2020-02-10 23:52:00",847.033333333333,TRUE,846.95,0.0833333333329165,FALSE,TRUE,410.592619267563,1.36864206423206,4.92711143123541,1.59503079833189,47551.6356227077,3103.70997626128,TRUE,FALSE,TRUE
15,196712,"o","2020-02-10 23:53:00",847.05,TRUE,847.033333333333,0.0166666666669926,FALSE,TRUE,71.6729379523569,1.19454896584926,4.30037627705732,1.68386443795211,47582.1700601256,3168.81060961804,TRUE,FALSE,TRUE
15,196712,"o","2020-02-10 23:56:00",847.1,TRUE,847.05,0.0500000000000682,FALSE,TRUE,901.663774798397,5.00924319331759,18.0332754959433,2.15416749708672,47296.3196366425,2310.70988204546,TRUE,FALSE,TRUE
15,196712,"p","2020-02-10 23:57:00",847.116666666667,TRUE,847.1,0.0166666666669926,FALSE,TRUE,103.436198811942,1.72393664683198,6.20617192859514,2.29593989833867,47399.7182994037,2300.19535241009,TRUE,FALSE,TRUE
15,196712,"p","2020-02-11 00:02:00",847.2,TRUE,847.116666666667,0.0833333333330302,FALSE,TRUE,542.502254409994,1.80834084803989,6.51002705294361,2.4461527164744,47944.659574438,2286.60935037113,TRUE,FALSE,TRUE
15,196712,"p","2020-02-11 00:07:00",847.283333333333,TRUE,847.2,0.0833333333329165,FALSE,TRUE,542.502336758935,1.80834112253883,6.51002804113978,2.59636555882259,48489.6008495216,2273.02334839419,TRUE,FALSE,TRUE
15,196712,"o","2020-02-11 00:10:00",847.333333333333,TRUE,847.283333333333,0.0500000000000682,FALSE,TRUE,323.503245546133,1.79724025303162,6.47006491091383,2.74546831098086,48814.5401713377,2264.2213623514,TRUE,FALSE,TRUE
15,196712,"p","2020-02-11 00:12:00",847.366666666667,TRUE,847.333333333333,0.0333333333339851,FALSE,TRUE,87.2595666479354,0.727163055385243,2.61778699938687,2.78756334013336,48884.2895394674,2211.19012620085,TRUE,FALSE,TRUE
15,196712,"p","2020-02-11 00:17:00",847.45,TRUE,847.366666666667,0.0833333333330302,FALSE,TRUE,215.166348394324,0.717221161317024,2.58199618074129,2.82866417663701,49053.5993517073,2076.98607368639,TRUE,FALSE,TRUE
15,196712,"p","2020-02-11 00:22:00",847.533333333333,TRUE,847.45,0.0833333333329165,FALSE,TRUE,215.166323075153,0.717221076920763,2.58199587691475,2.8697650014559,49222.9091639469,1942.78202116072,TRUE,FALSE,TRUE
15,196712,"p","2020-02-11 00:27:00",847.616666666667,TRUE,847.533333333333,0.0833333333340533,FALSE,TRUE,215.166297816182,0.71722099271441,2.58199557377187,2.91086581460889,49392.2189761866,1808.57796865341,TRUE,FALSE,TRUE
15,196712,"p","2020-02-11 00:32:00",847.7,TRUE,847.616666666667,0.0833333333330302,FALSE,TRUE,215.166272624151,0.717220908749779,2.58199527149921,2.95196661611742,49561.5287884262,1674.37391612581,TRUE,FALSE,TRUE
15,196712,"p","2020-02-11 00:37:00",847.783333333333,TRUE,847.7,0.0833333333329165,FALSE,TRUE,215.166247498161,0.717220824997458,2.58199496999085,2.99306740600104,49730.8386006658,1540.16986361349,TRUE,FALSE,TRUE
15,196712,"p","2020-02-11 00:42:00",847.866666666667,TRUE,847.783333333333,0.0833333333340533,FALSE,TRUE,215.166222433287,0.717220741438092,2.58199466917713,3.0341681842784,49900.1484129052,1405.96581108665,TRUE,FALSE,TRUE
15,196712,"p","2020-02-11 00:47:00",847.95,TRUE,847.866666666667,0.0833333333330302,FALSE,TRUE,215.166197431296,0.717220658106928,2.58199436918494,3.07526895096963,50069.4582251484,1271.76175858406,TRUE,FALSE,TRUE
15,196712,"o","2020-02-11 00:48:00",847.966666666667,TRUE,847.95,0.0166666666669926,FALSE,TRUE,42.6817462684649,0.711362437793838,2.56090477605782,3.11578389237527,50103.6788753902,1245.95877438312,TRUE,FALSE,TRUE
15,196712,"p","2020-02-11 00:52:00",848.033333333333,TRUE,847.966666666667,0.0666666666659239,FALSE,TRUE,192.837280011743,0.803488666724548,2.89255920020837,3.16551145341772,50291.9848028005,1291.5349527912,TRUE,FALSE,TRUE
15,196712,"p","2020-02-11 00:57:00",848.116666666667,TRUE,848.033333333333,0.0833333333340533,FALSE,TRUE,241.7878855053,0.805959618344036,2.90145462603853,3.21548610636544,50527.8155718096,1349.80245870156,TRUE,FALSE,TRUE
15,196712,"p","2020-02-11 01:02:00",848.2,TRUE,848.116666666667,0.0833333333330302,FALSE,TRUE,241.787922055027,0.805959740186355,2.90145506467088,3.26546076823716,50763.646340819,1408.0699646105,TRUE,FALSE,TRUE
15,196712,"p","2020-02-11 01:07:00",848.283333333333,TRUE,848.2,0.0833333333329165,FALSE,TRUE,241.787958695646,0.805959862322851,2.90145550436226,3.3160659657741,50999.4771098283,1466.33747051539,TRUE,FALSE,TRUE
15,196712,"p","2020-02-11 01:12:00",848.366666666667,TRUE,848.283333333333,0.0833333333340533,FALSE,TRUE,241.787995429219,0.8059599847571,2.90145594512556,3.35482588635399,51235.3078788373,1524.60497642352,TRUE,FALSE,TRUE
15,196712,"p","2020-02-11 01:17:00",848.45,TRUE,848.366666666667,0.0833333333330302,FALSE,TRUE,241.788032254964,0.805960107519479,2.90145638707012,3.39262746487316,51471.1386478468,1582.87248233405,TRUE,FALSE,TRUE
15,196712,"p","2020-02-11 01:22:00",848.533333333333,TRUE,848.45,0.0833333333329165,FALSE,TRUE,241.78806917206,0.805960230577565,2.90145683007923,3.43042906027375,51706.969416856,1641.13998823657,TRUE,FALSE,TRUE
15,196712,"p","2020-02-11 01:27:00",848.616666666667,TRUE,848.533333333333,0.0833333333340533,FALSE,TRUE,241.788106182405,0.805960353934387,2.90145727416379,3.46823067258131,51942.8001858651,1699.40749414157,TRUE,FALSE,TRUE
15,196712,"o","2020-02-11 01:32:00",848.7,TRUE,848.616666666667,0.0833333333330302,FALSE,TRUE,241.196537672979,0.803988458912856,2.89435845208628,3.50592299876987,52178.0594106194,1757.51031372398,TRUE,FALSE,TRUE
15,196712,"p","2020-02-11 01:37:00",848.783333333333,TRUE,848.7,0.0833333333329165,FALSE,TRUE,132.728683616191,0.442428945389516,1.59274420340226,3.4975299627116,52308.4651691481,1785.40036784842,TRUE,FALSE,TRUE
15,196712,"p","2020-02-11 01:42:00",848.866666666667,TRUE,848.783333333333,0.0833333333340533,FALSE,TRUE,132.138106115786,0.440460353715482,1.58565727337573,3.48877090664258,52438.2993834216,1813.12573564343,TRUE,FALSE,TRUE
15,196712,"p","2020-02-11 01:47:00",848.95,TRUE,848.866666666667,0.0833333333330302,FALSE,TRUE,132.138116603781,0.440460388680874,1.58565739925115,3.48001185011847,52568.133597695,1840.85110344013,TRUE,FALSE,TRUE
15,196712,"o","2020-02-11 01:49:00",848.983333333333,TRUE,848.95,0.033333333332962,FALSE,TRUE,53.0080704728256,0.441733920611801,1.59024211420248,3.47138014282558,52620.28337729,1851.66116745872,TRUE,FALSE,TRUE
15,196712,"p","2020-02-11 01:52:00",849.033333333333,TRUE,848.983333333333,0.0499999999999545,FALSE,TRUE,102.235097294002,0.56797276274497,2.04470194588189,3.47537231577614,52722.0134117537,1837.41054474527,TRUE,FALSE,TRUE
15,196712,"p","2020-02-11 01:57:00",849.116666666667,TRUE,849.033333333333,0.0833333333340533,FALSE,TRUE,170.811955450806,0.5693731848311,2.04974346539196,3.47950452695767,52891.9236256686,1813.19270171346,TRUE,FALSE,TRUE
15,196712,"p","2020-02-11 02:02:00",849.2,TRUE,849.116666666667,0.0833333333330302,FALSE,TRUE,170.81196011107,0.569373200372305,2.0497435213403,3.48363673570546,53061.8338395841,1788.97485869495,TRUE,FALSE,TRUE
15,196712,"p","2020-02-11 02:07:00",849.283333333333,TRUE,849.2,0.0833333333329165,FALSE,TRUE,170.811964803179,0.569373216013445,2.0497435776484,3.48776894202142,53231.7440534991,1764.75701566171,TRUE,FALSE,TRUE
15,196712,"p","2020-02-11 02:12:00",849.366666666667,TRUE,849.283333333333,0.0833333333340533,FALSE,TRUE,170.81196952829,0.569373231756046,2.04974363432177,3.49190114590813,53401.6542674144,1740.53917264334,TRUE,FALSE,TRUE
15,196712,"p","2020-02-11 02:17:00",849.45,TRUE,849.366666666667,0.0833333333330302,FALSE,TRUE,170.811974286065,0.569373247622288,2.04974369144024,3.49573670713428,53571.5644813296,1716.32132961324,TRUE,FALSE,TRUE
15,196712,"p","2020-02-11 02:22:00",849.533333333333,TRUE,849.45,0.0833333333329165,FALSE,TRUE,170.811979075815,0.569373263588899,2.04974374892004,3.41678576898707,53741.4746952449,1692.10348658652,TRUE,FALSE,TRUE
15,196712,"o","2020-02-11 02:24:00",849.566666666667,TRUE,849.533333333333,0.0333333333339851,FALSE,TRUE,73.1703079823318,0.609752566507509,2.19510923942703,3.34089681921461,53814.0965485368,1680.65273057995,TRUE,FALSE,TRUE
15,196712,"p","2020-02-11 02:27:00",849.616666666667,TRUE,849.566666666667,0.0500000000000682,FALSE,TRUE,647.100945875381,3.59500525485832,12.94201891749,3.58094244811552,54429.6726818705,1471.64098141213,TRUE,FALSE,TRUE
15,196712,"p","2020-02-11 02:32:00",849.7,TRUE,849.616666666667,0.0833333333330302,FALSE,TRUE,1086.75950763927,3.62253169214406,13.0411140917186,3.44227129799817,55463.3958503066,1120.34870146605,TRUE,FALSE,TRUE
15,196712,"p","2020-02-11 02:37:00",849.783333333333,TRUE,849.7,0.0833333333329165,FALSE,TRUE,1086.7594256762,3.62253141893879,13.0411131081797,3.63213077520885,56497.1190187427,769.056421532285,TRUE,FALSE,TRUE
15,196712,"p","2020-02-11 02:42:00",849.866666666667,TRUE,849.783333333333,0.0833333333340533,FALSE,TRUE,1086.75935208124,3.62253117357283,13.0411122248622,3.81354980776214,57530.8421871773,417.764141589241,TRUE,FALSE,TRUE
15,196712,"p","2020-02-11 02:47:00",849.95,TRUE,849.866666666667,0.0833333333330302,FALSE,TRUE,1086.75928685849,3.62253095620816,13.0411114423494,3.99496879112907,58564.5653556135,66.4718616513934,TRUE,FALSE,TRUE
15,196712,"p","2020-02-11 02:52:00",850.033333333333,TRUE,849.95,0.0833333333329165,FALSE,TRUE,1086.75923000344,3.62253076669624,13.0411107601065,4.17749784249554,59598.2885240491,-284.820418293313,TRUE,FALSE,TRUE
15,196712,"p","2020-02-11 02:57:00",850.116666666667,TRUE,850.033333333333,0.0833333333340533,FALSE,TRUE,1086.75918151725,3.6225306050262,13.0411101780943,4.46703459745963,60632.0116924841,-636.112698232904,TRUE,FALSE,TRUE
15,196712,"p","2020-02-11 03:02:00",850.2,TRUE,850.116666666667,0.0833333333330302,FALSE,TRUE,1086.75914140329,3.62253047135749,13.041109696887,4.75756552846368,61665.7348609199,-987.404978173449,TRUE,FALSE,TRUE
15,196712,"o","2020-02-11 03:06:00",850.266666666667,TRUE,850.2,0.0666666666669471,FALSE,TRUE,865.108657269506,3.60461940527445,12.976629858988,5.04630536129905,62488.4516013023,-1267.55583040065,TRUE,FALSE,TRUE
15,196712,"p","2020-02-11 03:07:00",850.283333333333,TRUE,850.266666666667,0.0166666666659694,FALSE,TRUE,65.1157054872973,1.08526175816703,3.9069423294013,5.08310943784431,62541.3825991785,-1305.94670188646,TRUE,FALSE,TRUE
15,196712,"p","2020-02-11 03:12:00",850.366666666667,TRUE,850.283333333333,0.0833333333340533,FALSE,TRUE,305.96476627704,1.01988255424799,3.67157719529275,5.11337560239413,62784.7286169516,-1493.4862007362,TRUE,FALSE,TRUE
15,196712,"p","2020-02-11 03:17:00",850.45,TRUE,850.366666666667,0.0833333333330302,FALSE,TRUE,305.964724491921,1.01988241497678,3.67157669391641,5.14364176139206,63028.0746346874,-1681.02569957461,TRUE,FALSE,TRUE
15,196712,"p","2020-02-11 03:22:00",850.533333333333,TRUE,850.45,0.0833333333329165,FALSE,TRUE,305.964682924115,1.01988227641882,3.67157619510775,5.17390791489013,63271.4206524228,-1868.56519841724,TRUE,FALSE,TRUE
15,196712,"p","2020-02-11 03:27:00",850.616666666667,TRUE,850.533333333333,0.0833333333340533,FALSE,TRUE,305.964641546142,1.01988213847833,3.67157569852198,5.20417406292727,63514.7666701585,-2056.10469725171,TRUE,FALSE,TRUE
15,196712,"p","2020-02-11 03:32:00",850.7,TRUE,850.616666666667,0.0833333333330302,FALSE,TRUE,305.964600351839,1.01988200117651,3.67157520423543,5.23502601926554,63758.1126878942,-2243.64419609149,TRUE,FALSE,TRUE
15,196712,"p","2020-02-11 03:37:00",850.783333333333,TRUE,850.7,0.0833333333329165,FALSE,TRUE,305.964559342262,1.01988186447931,3.67157471212551,5.25666533904102,64001.4587056299,-2431.1836949309,TRUE,FALSE,TRUE
15,196712,"p","2020-02-11 03:42:00",850.866666666667,TRUE,850.783333333333,0.0833333333340533,FALSE,TRUE,305.964518518465,1.01988172838607,3.67157422218985,5.27805755004522,64244.8047233653,-2618.72319377066,TRUE,FALSE,TRUE
15,196712,"p","2020-02-11 03:47:00",850.95,TRUE,850.866666666667,0.0833333333330302,FALSE,TRUE,305.964477883791,1.01988159294968,3.67157373461885,5.29944973532155,64488.1507411011,-2806.26269261538,TRUE,FALSE,TRUE
15,196712,"p","2020-02-11 03:52:00",851.033333333333,TRUE,850.95,0.0833333333329165,FALSE,TRUE,305.964437430639,1.01988145810723,3.67157324918604,5.32084189489999,64731.4967588368,-2993.80219145692,TRUE,FALSE,TRUE
15,196712,"p","2020-02-11 03:57:00",851.116666666667,TRUE,851.033333333333,0.0833333333340533,FALSE,TRUE,305.96439716613,1.01988132387829,3.67157276596184,5.34223402881211,64974.8427765719,-3181.34169029459,TRUE,FALSE,TRUE
15,196712,"p","2020-02-11 04:02:00",851.2,TRUE,851.116666666667,0.0833333333330302,FALSE,TRUE,305.964357085061,1.01988119028725,3.67157228503409,5.36362613708889,65218.1887943077,-3368.8811891397,TRUE,FALSE,TRUE
15,196712,"p","2020-02-11 04:07:00",851.283333333333,TRUE,851.2,0.0833333333329165,FALSE,TRUE,305.964317192059,1.01988105731196,3.67157180632307,5.38501821976233,65461.5348120437,-3556.42068797742,TRUE,FALSE,TRUE
15,196712,"p","2020-02-11 04:12:00",851.366666666667,TRUE,851.283333333333,0.0833333333340533,FALSE,TRUE,305.964277482958,1.01988092493438,3.67157132976377,5.40641027686233,65704.880829779,-3743.96018681622,TRUE,FALSE,TRUE
15,196712,"p","2020-02-11 04:17:00",851.45,TRUE,851.366666666667,0.0833333333330302,FALSE,TRUE,305.964237960163,1.01988079320425,3.67157085553531,5.42799951029147,65948.2268475148,-3931.49968565117,TRUE,FALSE,TRUE
15,196712,"p","2020-02-11 04:22:00",851.533333333333,TRUE,851.45,0.0833333333329165,FALSE,TRUE,305.964198622835,1.01988066208122,3.67157038349239,5.48574468196064,66191.5728652505,-4119.03918448688,TRUE,FALSE,TRUE
15,196712,"p","2020-02-11 04:27:00",851.616666666667,TRUE,851.533333333333,0.0833333333340533,FALSE,TRUE,305.964159472875,1.01988053156744,3.67156991364277,5.54368669974583,66434.9188829858,-4306.57868333112,TRUE,FALSE,TRUE
15,196712,"p","2020-02-11 04:32:00",851.7,TRUE,851.616666666667,0.0833333333330302,FALSE,TRUE,305.964120508013,1.01988040169709,3.67156944610951,5.60162870104745,66678.2649007216,-4494.11818217082,TRUE,FALSE,TRUE
15,196712,"p","2020-02-11 04:37:00",851.783333333333,TRUE,851.7,0.0833333333329165,FALSE,TRUE,305.964081726417,1.01988027242649,3.67156898073537,5.65944333622892,66921.6109184574,-4681.65768101199,TRUE,FALSE,TRUE
15,196712,"p","2020-02-11 04:42:00",851.866666666667,TRUE,851.783333333333,0.0833333333340533,FALSE,TRUE,305.964043167319,1.01988014388225,3.6715685179761,5.70463407434265,67164.9569362187,-4869.19717986914,TRUE,FALSE,TRUE
15,196712,"o","2020-02-11 04:43:00",851.883333333333,TRUE,851.866666666667,0.0166666666659694,FALSE,TRUE,64.8228086719384,1.08038014457751,3.88936852047902,5.75573477031729,67216.5825077703,-4908.84036113358,TRUE,FALSE,TRUE
15,196712,"o","2020-02-11 04:46:00",851.933333333333,TRUE,851.883333333333,0.0500000000000682,FALSE,TRUE,576.318019025152,3.20176677235759,11.5263603804873,6.01897412751582,67683.3915422781,-5250.9048770346,TRUE,FALSE,TRUE
15,196712,"p","2020-02-11 04:47:00",851.95,TRUE,851.933333333333,0.0166666666669926,FALSE,TRUE,101.243123689349,1.68738539478949,6.07458742124217,6.13077534539342,67653.7283872988,-5153.77557874958,TRUE,FALSE,TRUE
15,196712,"p","2020-02-11 04:52:00",852.033333333333,TRUE,851.95,0.0833333333329165,FALSE,TRUE,542.268031438308,1.8075601048034,6.50721637729225,6.25459403269816,67479.3692275078,-4638.50454913984,TRUE,FALSE,TRUE
15,196712,"o","2020-02-11 04:56:00",852.1,TRUE,852.033333333333,0.0666666666670608,FALSE,TRUE,433.860659731722,1.80775274887149,6.50790989593736,6.37843198282308,67343.1261272439,-4225.15966723509,TRUE,FALSE,TRUE
15,196712,"p","2020-02-11 04:57:00",852.116666666667,TRUE,852.1,0.0166666666669926,FALSE,TRUE,165.057820481073,2.75096367463076,9.90346922867072,6.59659102392727,67425.342638933,-4081.39239236323,TRUE,FALSE,TRUE
15,196712,"p","2020-02-11 05:02:00",852.2,TRUE,852.116666666667,0.0833333333330302,FALSE,TRUE,838.252349999932,2.79417450000994,10.0590282000358,6.81503321727751,67852.6463352379,-3356.91572724742,TRUE,FALSE,TRUE
15,196712,"p","2020-02-11 05:07:00",852.283333333333,TRUE,852.2,0.0833333333329165,FALSE,TRUE,834.405996782951,2.78135332262375,10.0128719614455,6.73366802405405,68280.0591621783,-2636.98472447221,TRUE,FALSE,TRUE
15,196712,"p","2020-02-11 05:12:00",852.366666666667,TRUE,852.283333333333,0.0833333333340533,FALSE,TRUE,459.568314463978,1.53189438153336,5.51481977352009,6.52460429299298,68727.4927000743,-2750.98469123076,TRUE,FALSE,TRUE
15,196712,"p","2020-02-11 05:17:00",852.45,TRUE,852.366666666667,0.0833333333330302,FALSE,TRUE,460.815062772828,1.53605020924835,5.52978075329405,6.31595617202394,69175.0353685769,-2869.53032036058,TRUE,FALSE,TRUE
15,196712,"p","2020-02-11 05:22:00",852.533333333333,TRUE,852.45,0.0833333333329165,FALSE,TRUE,460.815087067992,1.53605029023432,5.52978104484356,6.10730808369008,69622.5780370796,-2988.07594947626,TRUE,FALSE,TRUE
15,196712,"p","2020-02-11 05:27:00",852.616666666667,TRUE,852.533333333333,0.0833333333340533,FALSE,TRUE,460.815112001785,1.53605037332601,5.52978134397364,5.89866002540187,70070.1207055817,-3106.62157859628,TRUE,FALSE,TRUE
15,196712,"p","2020-02-11 05:32:00",852.7,TRUE,852.616666666667,0.0833333333330302,FALSE,TRUE,460.815137575123,1.53605045858933,5.52978165092159,5.69001199459118,70517.6633740847,-3225.16720770874,TRUE,FALSE,TRUE
15,196712,"o","2020-02-11 05:36:00",852.766666666667,TRUE,852.7,0.0666666666669471,FALSE,TRUE,366.522631640706,1.52717763182985,5.49783947458746,5.48047669727154,70872.607279489,-3323.22006241074,TRUE,FALSE,TRUE
15,196712,"p","2020-02-11 05:37:00",852.783333333333,TRUE,852.766666666667,0.0166666666659694,FALSE,TRUE,141.095279401098,2.35158799011667,8.46571676442003,5.35338244914746,70850.5854627565,-3463.01144406312,TRUE,FALSE,TRUE
15,196712,"p","2020-02-11 05:42:00",852.866666666667,TRUE,852.783333333333,0.0833333333340533,FALSE,TRUE,723.816638607505,2.41272212867084,8.68579966321501,5.2341927214871,70725.0252322671,-4178.05010919467,TRUE,FALSE,TRUE
15,196712,"p","2020-02-11 05:47:00",852.95,TRUE,852.866666666667,0.0833333333330302,FALSE,TRUE,723.815957302224,2.41271985768286,8.68579148765828,5.36693853143868,70599.4650017504,-4893.08877435626,TRUE,FALSE,TRUE
15,196712,"p","2020-02-11 05:52:00",853.033333333333,TRUE,852.95,0.0833333333329165,FALSE,TRUE,723.81527839468,2.412717594661,8.68578334077961,5.50622203547999,70473.9047712339,-5608.12743951596,TRUE,FALSE,TRUE
15,196712,"p","2020-02-11 05:57:00",853.116666666667,TRUE,853.033333333333,0.0833333333340533,FALSE,TRUE,723.814601908732,2.41271533967493,8.68577522282974,5.6455053279498,70348.3445407175,-6323.1661046779,TRUE,FALSE,TRUE
15,196712,"p","2020-02-11 06:02:00",853.2,TRUE,853.116666666667,0.0833333333330302,FALSE,TRUE,723.813927851523,2.41271309284719,8.68576713424987,5.78478840959264,70222.7843102011,-7038.20476982747,TRUE,FALSE,TRUE
15,196712,"p","2020-02-11 06:07:00",853.283333333333,TRUE,853.2,0.0833333333329165,FALSE,TRUE,723.813256225891,2.41271085409837,8.68575907475414,5.92407128115464,70097.2240796842,-7753.24343499107,TRUE,FALSE,TRUE
15,196712,"p","2020-02-11 06:12:00",853.366666666667,TRUE,853.283333333333,0.0833333333340533,FALSE,TRUE,723.8125870165,2.41270862336749,8.68575104412296,6.06335394337374,69971.663849168,-8468.28210014633,TRUE,FALSE,TRUE
15,196712,"p","2020-02-11 06:17:00",853.45,TRUE,853.366666666667,0.0833333333330302,FALSE,TRUE,723.811920244708,2.41270640082447,8.6857430429681,6.20263639700826,69846.1036186515,-9183.32076530019,TRUE,FALSE,TRUE
15,196712,"p","2020-02-11 06:22:00",853.533333333333,TRUE,853.45,0.0833333333329165,FALSE,TRUE,723.811255896398,2.4127041863334,8.68573507080023,6.34191864280299,69720.5433881349,-9898.35943045926,TRUE,FALSE,TRUE
15,196712,"o","2020-02-11 06:24:00",853.566666666667,TRUE,853.533333333333,0.0333333333339851,FALSE,TRUE,288.378453606525,2.40315378000738,8.65135360802658,6.48024586150876,69672.5108713333,-10183.5844780822,TRUE,FALSE,TRUE
15,196712,"p","2020-02-11 06:27:00",853.616666666667,TRUE,853.566666666667,0.0500000000000682,FALSE,TRUE,378.923545198852,2.10513080665742,7.5784709039667,6.58877079636378,69838.8482025216,-10525.445187817,TRUE,FALSE,TRUE
15,196712,"o","2020-02-11 06:29:00",853.65,TRUE,853.616666666667,0.033333333332962,FALSE,TRUE,247.486766045272,2.06238971706691,7.42460298144088,6.69302163568264,69949.5384937574,-10747.7196882038,TRUE,FALSE,TRUE
15,196712,"p","2020-02-11 06:32:00",853.7,TRUE,853.65,0.0500000000000682,FALSE,TRUE,221.789920056114,1.23216622253229,4.43579840111623,6.71425013890714,69934.7577191289,-10525.7654391031,TRUE,FALSE,TRUE
15,196712,"p","2020-02-11 06:37:00",853.783333333333,TRUE,853.7,0.0833333333329165,FALSE,TRUE,378.304910878659,1.26101636960184,4.53965893056662,6.73836367013613,69907.3525728205,-10147.3322010156,TRUE,FALSE,TRUE
15,196712,"o","2020-02-11 06:38:00",853.8,TRUE,853.783333333333,0.0166666666669926,FALSE,TRUE,66.9506414963501,1.11584402491735,4.01703848970246,6.74795998013443,69902.6080022129,-10080.351343892,TRUE,FALSE,TRUE
15,196712,"o","2020-02-11 06:42:00",853.866666666667,TRUE,853.8,0.0666666666670608,FALSE,TRUE,971.845790457476,4.04935746021554,14.577686856776,7.05090764683556,69983.9529111817,-11051.6762211353,TRUE,FALSE,TRUE
15,196712,"o","2020-02-11 06:46:00",853.933333333333,TRUE,853.866666666667,0.0666666666660376,FALSE,TRUE,748.508827962119,3.11878678320492,11.2276324195377,7.26079825894793,69301.0576013907,-10737.0846844127,TRUE,FALSE,TRUE
15,196712,"p","2020-02-11 06:47:00",853.95,TRUE,853.933333333333,0.0166666666669926,FALSE,TRUE,10.3647507520504,0.172745845864129,0.621885045110864,7.1760847903776,69301.1543295488,-10726.6898423348,TRUE,FALSE,TRUE
15,196712,"p","2020-02-11 06:52:00",854.033333333333,TRUE,853.95,0.0833333333329165,FALSE,TRUE,48.5810923504767,0.161936974502399,0.582973108208637,7.09029044765813,69325.6515318011,-10684.5461511499,TRUE,FALSE,TRUE
15,196712,"p","2020-02-11 06:57:00",854.116666666667,TRUE,854.033333333333,0.0833333333340533,FALSE,TRUE,48.5810953391218,0.16193698446234,0.582973144064425,7.00449611886171,69350.1487340958,-10642.4024599774,TRUE,FALSE,TRUE
15,196712,"p","2020-02-11 07:02:00",854.2,TRUE,854.116666666667,0.0833333333330302,FALSE,TRUE,48.5810983154677,0.161936994385482,0.582973179787733,6.91870180391204,69374.6459363906,-10600.2587687952,TRUE,FALSE,TRUE
15,196712,"p","2020-02-11 07:07:00",854.283333333333,TRUE,854.2,0.0833333333329165,FALSE,TRUE,48.5811012978565,0.161937004326999,0.582973215577195,6.82685748988698,69399.1431386856,-10558.1150776227,TRUE,FALSE,TRUE
15,196712,"o","2020-02-11 07:12:00",854.366666666667,TRUE,854.283333333333,0.0833333333340533,FALSE,TRUE,47.7144536229356,0.159048178741745,0.57257344347028,6.5225856305254,69422.768105089,-10516.4741676095,TRUE,FALSE,TRUE
15,196712,"p","2020-02-11 07:17:00",854.45,TRUE,854.366666666667,0.0833333333330302,FALSE,TRUE,144.812983069116,0.482709943565478,1.73775579683572,6.402118085403,69286.3757923986,-10567.0716929003,TRUE,FALSE,TRUE
15,196712,"p","2020-02-11 07:22:00",854.533333333333,TRUE,854.45,0.0833333333329165,FALSE,TRUE,145.80140128991,0.486004670968797,1.74961681548767,6.26996254201954,69149.1112438168,-10618.1719993533,TRUE,FALSE,TRUE
15,196712,"p","2020-02-11 07:27:00",854.616666666667,TRUE,854.533333333333,0.0833333333340533,FALSE,TRUE,145.801383439739,0.486004611461597,1.74961660126175,6.13778772827855,69011.8466952352,-10669.2723058081,TRUE,FALSE,TRUE
15,196712,"p","2020-02-11 07:32:00",854.7,TRUE,854.616666666667,0.0833333333330302,FALSE,TRUE,145.801365609247,0.486004552032593,1.74961638731733,5.91129181601873,68874.5821466534,-10720.3726122609,TRUE,FALSE,TRUE
15,196712,"p","2020-02-11 07:37:00",854.783333333333,TRUE,854.7,0.0833333333329165,FALSE,TRUE,145.801347798988,0.486004492665726,1.74961617359661,5.68047481528431,68737.3175980714,-10771.4729187166,TRUE,FALSE,TRUE
15,196712,"p","2020-02-11 07:42:00",854.866666666667,TRUE,854.783333333333,0.0833333333340533,FALSE,TRUE,145.801330009689,0.486004433361429,1.74961596010115,5.45093992635808,68600.0530494896,-10822.573225175,TRUE,FALSE,TRUE
15,196712,"p","2020-02-11 07:47:00",854.95,TRUE,854.866666666667,0.0833333333330302,FALSE,TRUE,145.801312240192,0.486004374135742,1.74961574688867,5.34635092561832,68462.7885009077,-10873.6735316237,TRUE,FALSE,TRUE
15,196712,"p","2020-02-11 07:52:00",855.033333333333,TRUE,854.95,0.0833333333329165,FALSE,TRUE,145.801294490873,0.486004314972009,1.74961553389923,5.24134633619068,68325.523952326,-10924.7738380741,TRUE,FALSE,TRUE
15,196712,"p","2020-02-11 07:57:00",855.116666666667,TRUE,855.033333333333,0.0833333333340533,FALSE,TRUE,145.80127676161,0.486004255867834,1.7496153211242,5.13634173275404,68188.2594037442,-10975.8741445307,TRUE,FALSE,TRUE
15,196712,"p","2020-02-11 08:02:00",855.2,TRUE,855.116666666667,0.0833333333330302,FALSE,TRUE,145.801259052612,0.486004196843808,1.74961510863771,5.03133711510581,68050.9948551624,-11026.9744509852,TRUE,FALSE,TRUE
15,196712,"o","2020-02-11 08:04:00",855.233333333333,TRUE,855.2,0.033333333332962,FALSE,TRUE,58.7974311185252,0.489978592659836,1.76392293357541,4.92672992851287,67995.3749351683,-11046.8579267365,TRUE,FALSE,TRUE
15,196712,"p","2020-02-11 08:07:00",855.283333333333,TRUE,855.233333333333,0.0499999999999545,FALSE,TRUE,163.233327913425,0.906851821742077,3.26466655827148,4.86469734750409,67834.2695839348,-11016.1345192947,TRUE,FALSE,TRUE
15,196712,"p","2020-02-11 08:12:00",855.366666666667,TRUE,855.283333333333,0.0833333333340533,FALSE,TRUE,273.393385182471,0.911311283933697,3.28072062216131,4.72066967688579,67564.57049761,-10964.0010955306,TRUE,FALSE,TRUE
15,196712,"o","2020-02-11 08:16:00",855.433333333333,TRUE,855.366666666667,0.0666666666660376,FALSE,TRUE,215.1764665522,0.896568610642628,3.22764699831346,4.56905432508297,67351.5346473879,-10927.1423029504,TRUE,FALSE,TRUE
15,196712,"p","2020-02-11 08:17:00",855.45,TRUE,855.433333333333,0.0166666666669926,FALSE,TRUE,169.891231045628,2.83152051737176,10.1934738625384,4.61093439105186,67395.8865160326,-11091.6842353109,TRUE,FALSE,TRUE
15,196712,"p","2020-02-11 08:22:00",855.533333333333,TRUE,855.45,0.0833333333329165,FALSE,TRUE,871.061098682453,2.9035369956227,10.4527331842417,4.66001633114803,67629.0018802021,-11933.7635349333,TRUE,FALSE,TRUE
15,196712,"p","2020-02-11 08:27:00",855.616666666667,TRUE,855.533333333333,0.0833333333340533,FALSE,TRUE,187.935873444442,0.626452911476061,2.25523048131382,4.48139008832814,67447.3088549753,-11882.3927782296,TRUE,FALSE,TRUE
15,196712,"p","2020-02-11 08:32:00",855.7,TRUE,855.616666666667,0.0833333333330302,FALSE,TRUE,191.467195152722,0.638223983844728,2.29760634184102,4.3039411774279,67263.3547566483,-11826.1519274188,TRUE,FALSE,TRUE
15,196712,"p","2020-02-11 08:37:00",855.783333333333,TRUE,855.7,0.0833333333329165,FALSE,TRUE,191.467192615086,0.638223975386813,2.29760631139253,4.12649248955674,67079.400658321,-11769.9110766168,TRUE,FALSE,TRUE
15,196712,"p","2020-02-11 08:42:00",855.866666666667,TRUE,855.783333333333,0.0833333333340533,FALSE,TRUE,191.467190120977,0.638223967064408,2.29760628143187,3.94904402392643,66895.4465599941,-11713.6702258149,TRUE,FALSE,TRUE
15,196712,"p","2020-02-11 08:47:00",855.95,TRUE,855.866666666667,0.0833333333330302,FALSE,TRUE,191.467187674061,0.638223958915859,2.29760625209709,3.77159577973557,66711.4924616668,-11657.4293750139,TRUE,FALSE,TRUE
15,196712,"p","2020-02-11 08:52:00",856.033333333333,TRUE,855.95,0.0833333333329165,FALSE,TRUE,191.467185272761,0.638223950912395,2.29760622328462,3.59414775619347,66527.5383633396,-11601.1885242079,TRUE,FALSE,TRUE
15,196712,"o","2020-02-11 08:54:00",856.066666666667,TRUE,856.033333333333,0.0333333333339851,FALSE,TRUE,74.8155807529281,0.623463172928876,2.24446742254395,3.41617869548562,66455.4647209509,-11579.8542686515,TRUE,FALSE,TRUE
15,196712,"p","2020-02-11 08:57:00",856.116666666667,TRUE,856.066666666667,0.0500000000000682,FALSE,TRUE,109.345799462963,0.607476663682296,2.18691598925627,3.26641328118811,66511.3848988399,-11674.2573262819,TRUE,FALSE,TRUE
15,196712,"p","2020-02-11 09:02:00",856.2,TRUE,856.116666666667,0.0833333333330302,FALSE,TRUE,185.181949607642,0.617273165361053,2.22218339529979,3.12190162601752,66607.0985235597,-11833.5325636165,TRUE,FALSE,TRUE
15,196712,"p","2020-02-11 09:07:00",856.283333333333,TRUE,856.2,0.0833333333329165,FALSE,TRUE,185.181922177477,0.61727307392801,2.22218306614083,3.0604123111571,66702.8121482792,-11992.8078009558,TRUE,FALSE,TRUE
15,196712,"p","2020-02-11 09:12:00",856.366666666667,TRUE,856.283333333333,0.0833333333340533,FALSE,TRUE,185.181894786254,0.617272982615514,2.22218273741585,2.99603797245846,66798.5257729987,-12152.0830382875,TRUE,FALSE,TRUE
15,196712,"p","2020-02-11 09:17:00",856.45,TRUE,856.366666666667,0.0833333333330302,FALSE,TRUE,185.181867435648,0.617272891454404,2.22218240923585,2.94618085911217,66894.2393977185,-12311.358275626,TRUE,FALSE,TRUE
15,196712,"p","2020-02-11 09:22:00",856.533333333333,TRUE,856.45,0.0833333333329165,FALSE,TRUE,185.181840128444,0.617272800431236,2.22218208155245,2.60297239313374,66989.9530224381,-12470.633512959,TRUE,FALSE,TRUE
15,196712,"p","2020-02-11 09:27:00",856.616666666667,TRUE,856.533333333333,0.0833333333340533,FALSE,TRUE,185.181812858119,0.617272709521732,2.22218175427823,2.35282098576542,67085.6666471577,-12629.908750295,TRUE,FALSE,TRUE
15,196712,"p","2020-02-11 09:32:00",856.7,TRUE,856.616666666667,0.0833333333330302,FALSE,TRUE,185.181785631749,0.617272618774743,2.22218142758907,2.39727366305648,67181.3802718773,-12789.1839876284,TRUE,FALSE,TRUE
15,196712,"p","2020-02-11 09:37:00",856.783333333333,TRUE,856.7,0.0833333333329165,FALSE,TRUE,185.181758445093,0.617272528153398,2.22218110135223,2.44280721842158,67277.0938966001,-12948.459224959,TRUE,FALSE,TRUE
15,196712,"o","2020-02-11 09:38:00",856.8,TRUE,856.783333333333,0.0166666666669926,FALSE,TRUE,36.7458564039084,0.612430940053164,2.20475138419139,2.48785661398066,67296.6051616177,-12979.7480662014,TRUE,FALSE,TRUE
15,196712,"p","2020-02-11 09:42:00",856.866666666667,TRUE,856.8,0.0666666666670608,FALSE,TRUE,137.436431177807,0.572651796570809,2.06154646765491,2.5289280941992,67427.4860216384,-13023.7291948599,TRUE,FALSE,TRUE
15,196712,"o","2020-02-11 09:44:00",856.9,TRUE,856.866666666667,0.033333333332962,FALSE,TRUE,67.9466721527558,0.56622226794594,2.03840016460539,2.56935662056109,67492.2111214017,-13045.4152150977,TRUE,FALSE,TRUE
15,196712,"p","2020-02-11 09:47:00",856.95,TRUE,856.9,0.0500000000000682,FALSE,TRUE,30.1176853660271,0.167320474255478,0.60235370731972,2.57018385011246,67491.4457795814,-13075.6120273809,TRUE,FALSE,TRUE
15,196712,"p","2020-02-11 09:52:00",857.033333333333,TRUE,856.95,0.0833333333329165,FALSE,TRUE,50.2204900055927,0.167401633352813,0.602645880070127,2.5386530190912,67488.6708760709,-13125.9043128943,TRUE,FALSE,TRUE
15,196712,"o","2020-02-11 09:55:00",857.083333333333,TRUE,857.033333333333,0.0500000000000682,FALSE,TRUE,30.9677474932124,0.172043041628723,0.619354949863402,2.50725685615719,67490.8348913343,-13156.8882505891,TRUE,FALSE,TRUE
15,196712,"p","2020-02-11 09:57:00",857.116666666667,TRUE,857.083333333333,0.0333333333339851,FALSE,TRUE,288.795523925314,2.40662936599723,8.66386571759001,2.69931933161075,67769.9378717417,-13236.1781314899,TRUE,FALSE,TRUE
15,196712,"o","2020-02-11 09:58:00",857.133333333333,TRUE,857.116666666667,0.0166666666659694,FALSE,TRUE,134.502161394045,2.24170268999454,8.07012968398034,2.87488914540695,67899.3765033854,-13274.9813508137,TRUE,FALSE,TRUE
15,196712,"o","2020-02-11 10:00:00",857.166666666667,TRUE,857.133333333333,0.0333333333339851,FALSE,TRUE,585.016051208222,4.87513375997319,17.5504815359035,3.31380207213769,67311.6278541835,-13265.1569964592,TRUE,FALSE,TRUE
15,196712,"p","2020-02-11 10:02:00",857.2,TRUE,857.166666666667,0.0333333333330756,FALSE,TRUE,117.600435192806,0.980003626614289,3.52801305581144,3.36320199146298,67398.3715065471,-13345.2531429612,TRUE,FALSE,TRUE
15,196712,"p","2020-02-11 10:07:00",857.283333333333,TRUE,857.2,0.0833333333329165,FALSE,TRUE,313.810951513578,1.04603650505049,3.76573141818177,3.41920520455445,67639.0078331141,-13548.6510064229,TRUE,FALSE,TRUE
15,196712,"p","2020-02-11 10:12:00",857.366666666667,TRUE,857.283333333333,0.0833333333340533,FALSE,TRUE,313.810909378462,1.04603636458584,3.76573091250901,3.47520840951584,67879.6441596809,-13752.0488698944,TRUE,FALSE,TRUE
15,196712,"p","2020-02-11 10:17:00",857.45,TRUE,857.366666666667,0.0833333333330302,FALSE,TRUE,313.810867444811,1.04603622481984,3.76573040935143,3.53121160641104,68120.2804862482,-13955.4467333534,TRUE,FALSE,TRUE
15,196712,"p","2020-02-11 10:22:00",857.533333333333,TRUE,857.45,0.0833333333329165,FALSE,TRUE,313.810825711183,1.04603608570918,3.76572990855304,3.58721479529757,68360.9168128153,-14158.8445968174,TRUE,FALSE,TRUE
15,196712,"p","2020-02-11 10:27:00",857.616666666667,TRUE,857.533333333333,0.0833333333340533,FALSE,TRUE,313.810784157314,1.04603594718201,3.76572940985523,3.64282053074979,68601.5531393643,-14362.2424602719,TRUE,FALSE,TRUE
15,196712,"o","2020-02-11 10:28:00",857.633333333333,TRUE,857.616666666667,0.0166666666659694,FALSE,TRUE,60.4807562661489,1.00801260447799,3.62884537612075,3.65293660902338,68647.6641099707,-14401.7557560422,TRUE,FALSE,TRUE
15,196712,"p","2020-02-11 10:32:00",857.7,TRUE,857.633333333333,0.0666666666670608,FALSE,TRUE,104.520152980077,0.435500637414414,1.56780229469189,3.60535554437145,68543.0416154882,-14392.6054834492,TRUE,FALSE,TRUE
15,196712,"p","2020-02-11 10:37:00",857.783333333333,TRUE,857.7,0.0833333333329165,FALSE,TRUE,133.281411670446,0.444271372237042,1.59937694005335,3.56012582053089,68409.7431289784,-14379.7097965433,TRUE,FALSE,TRUE
15,196712,"p","2020-02-11 10:42:00",857.866666666667,TRUE,857.783333333333,0.0833333333340533,FALSE,TRUE,133.281405817591,0.444271352721464,1.59937686979727,3.32140090406586,68276.4446424688,-14366.8141096381,TRUE,FALSE,TRUE
15,196712,"p","2020-02-11 10:47:00",857.95,TRUE,857.866666666667,0.0833333333330302,FALSE,TRUE,133.28139998087,0.444271333271182,1.59937679977626,3.07547433783071,68143.146155959,-14353.9184227327,TRUE,FALSE,TRUE
15,196712,"p","2020-02-11 10:52:00",858.033333333333,TRUE,857.95,0.0833333333329165,FALSE,TRUE,133.281394159116,0.444271313865944,1.5993767299174,3.0572561780697,68009.8476694492,-14341.0227358299,TRUE,FALSE,TRUE
15,196712,"p","2020-02-11 10:57:00",858.116666666667,TRUE,858.033333333333,0.0833333333340533,FALSE,TRUE,133.28138835277,0.444271294505395,1.59937666021942,3.03786090913577,67876.5491829397,-14328.1270489196,TRUE,FALSE,TRUE
15,196712,"p","2020-02-11 11:02:00",858.2,TRUE,858.116666666667,0.0833333333330302,FALSE,TRUE,133.281382562341,0.444271275209418,1.59937659075391,3.01846563911803,67743.2506964297,-14315.2313620217,TRUE,FALSE,TRUE
15,196712,"p","2020-02-11 11:07:00",858.283333333333,TRUE,858.2,0.0833333333329165,FALSE,TRUE,133.281376786928,0.444271255958649,1.59937652145113,2.99907036800745,67609.9522099202,-14302.3356751093,TRUE,FALSE,TRUE
15,196712,"p","2020-02-11 11:12:00",858.366666666667,TRUE,858.283333333333,0.0833333333340533,FALSE,TRUE,133.281371026929,0.444271236752592,1.59937645230933,2.97967509579113,67476.6537234107,-14289.439988206,TRUE,FALSE,TRUE
15,196712,"p","2020-02-11 11:17:00",858.45,TRUE,858.366666666667,0.0833333333330302,FALSE,TRUE,133.281365283156,0.444271217612137,1.59937638340369,2.9602798224611,67343.3552369008,-14276.5443013012,TRUE,FALSE,TRUE
15,196712,"o","2020-02-11 11:21:00",858.516666666667,TRUE,858.45,0.0666666666669471,FALSE,TRUE,107.553729068493,0.448140537783501,1.6133059360206,2.94274755894656,67235.7579519947,-14266.4489142594,TRUE,FALSE,TRUE
15,196712,"p","2020-02-11 11:22:00",858.533333333333,TRUE,858.516666666667,0.0166666666659694,FALSE,TRUE,61.1974134497629,1.01995689087205,3.67184480713939,2.98399558166554,67174.5049131191,-14271.8518149539,TRUE,FALSE,TRUE
15,196712,"p","2020-02-11 11:27:00",858.616666666667,TRUE,858.533333333333,0.0833333333340533,FALSE,TRUE,310.835876233906,1.0361195874374,3.73003051477464,3.02588022387317,66863.4472402998,-14299.9721308348,TRUE,FALSE,TRUE
15,196712,"p","2020-02-11 11:32:00",858.7,TRUE,858.616666666667,0.0833333333330302,FALSE,TRUE,310.835824171125,1.03611941390752,3.73002989006707,3.06776485787112,66552.3895674719,-14328.0924467151,TRUE,FALSE,TRUE
15,196712,"p","2020-02-11 11:37:00",858.783333333333,TRUE,858.7,0.0833333333329165,FALSE,TRUE,310.835772295356,1.0361192409897,3.73002926756293,3.10964948370854,66241.3318946443,-14356.2127625942,TRUE,FALSE,TRUE
15,196712,"o","2020-02-11 11:39:00",858.816666666667,TRUE,858.783333333333,0.0333333333339851,FALSE,TRUE,126.349060966303,1.05290884136527,3.79047182891498,3.15321307869963,66114.4076258905,-14359.0926091003,TRUE,FALSE,TRUE
15,196712,"o","2020-02-11 11:42:00",858.866666666667,TRUE,858.816666666667,0.0500000000000682,FALSE,TRUE,1004.72258390314,5.58179213278763,20.0944516780355,3.64966501193527,65657.747283116,-13460.3772995304,TRUE,FALSE,TRUE
15,196712,"p","2020-02-11 11:47:00",858.95,TRUE,858.866666666667,0.0833333333330302,FALSE,TRUE,349.613351863016,1.16537783954763,4.19536022237146,3.70447552493786,65951.0476476829,-13267.3964514762,TRUE,FALSE,TRUE
15,196712,"p","2020-02-11 11:52:00",859.033333333333,TRUE,858.95,0.0833333333329165,FALSE,TRUE,350.586340505292,1.16862113502349,4.20703608608455,3.75961037656273,66250.1391988408,-13081.6305871451,TRUE,FALSE,TRUE
15,196712,"p","2020-02-11 11:57:00",859.116666666667,TRUE,859.033333333333,0.0833333333340533,FALSE,TRUE,350.586462177013,1.16862154057995,4.2070375460878,3.81474527780539,66549.2307499983,-12895.8647228089,TRUE,FALSE,TRUE
15,196712,"p","2020-02-11 12:02:00",859.2,TRUE,859.116666666667,0.0833333333330302,FALSE,TRUE,350.586584126905,1.16862194709394,4.20703900953817,3.87036437850947,66848.3223011561,-12710.0988584733,TRUE,FALSE,TRUE
15,196712,"p","2020-02-11 12:07:00",859.283333333333,TRUE,859.2,0.0833333333329165,FALSE,TRUE,350.586706357704,1.16862235453153,4.20704047631349,3.92996143430554,67147.4138523142,-12524.3329941282,TRUE,FALSE,TRUE
15,196712,"o","2020-02-11 12:11:00",859.35,TRUE,859.283333333333,0.0666666666670608,FALSE,TRUE,279.748438413572,1.16561849338299,4.19622657617878,3.98990105684924,67385.4801345775,-12375.157194207,TRUE,FALSE,TRUE
15,196712,"p","2020-02-11 12:12:00",859.366666666667,TRUE,859.35,0.0166666666669926,FALSE,TRUE,59.5482924853255,0.992471541402685,3.57289754904967,4.07241616356396,67401.7377555156,-12317.6807135932,TRUE,FALSE,TRUE
15,196712,"p","2020-02-11 12:17:00",859.45,TRUE,859.366666666667,0.0833333333330302,FALSE,TRUE,298.882764630663,0.996275882105835,3.58659317558101,4.15530358843927,67476.9910669554,-12027.4827682626,TRUE,FALSE,TRUE
15,196712,"p","2020-02-11 12:22:00",859.533333333333,TRUE,859.45,0.0833333333329165,FALSE,TRUE,298.882877313802,0.996276257717657,3.58659452778357,4.23772691004816,67552.2443783841,-11737.2848229525,TRUE,FALSE,TRUE
15,196712,"p","2020-02-11 12:27:00",859.616666666667,TRUE,859.533333333333,0.0833333333340533,FALSE,TRUE,298.882990171524,0.99627663389647,3.58659588202729,4.09669163683808,67627.4976898129,-11447.0868776214,TRUE,FALSE,TRUE
15,196712,"p","2020-02-11 12:32:00",859.7,TRUE,859.616666666667,0.0833333333330302,FALSE,TRUE,298.883103200011,0.996277010670326,3.58659723841317,3.97214906890566,67702.7510012419,-11156.8889322895,TRUE,FALSE,TRUE
15,196712,"p","2020-02-11 12:37:00",859.783333333333,TRUE,859.7,0.0833333333329165,FALSE,TRUE,298.883216394884,0.996277387987929,3.58659859675655,3.58426343170714,67778.0043126706,-10866.690986968,TRUE,FALSE,TRUE
15,196712,"p","2020-02-11 12:42:00",859.866666666667,TRUE,859.783333333333,0.0833333333340533,FALSE,TRUE,298.883329763015,0.996277765868108,3.58659995712519,3.58589084563252,67853.2576240997,-10576.4930416326,TRUE,FALSE,TRUE
15,196712,"p","2020-02-11 12:47:00",859.95,TRUE,859.866666666667,0.0833333333330302,FALSE,TRUE,298.883443302902,0.996278144346633,3.58660131964788,3.58091500956213,67928.5109355286,-10286.295096314,TRUE,FALSE,TRUE
15,196712,"p","2020-02-11 12:52:00",860.033333333333,TRUE,859.95,0.0833333333329165,FALSE,TRUE,298.883557013046,0.996278523381803,3.58660268417449,3.57593922544173,68003.7642469576,-9996.09715098407,TRUE,FALSE,TRUE
15,196712,"p","2020-02-11 12:57:00",860.116666666667,TRUE,860.033333333333,0.0833333333340533,FALSE,TRUE,298.883670896108,0.99627890297842,3.58660405072231,3.57096349325759,68079.0175583865,-9705.89920565749,TRUE,FALSE,TRUE
15,196712,"p","2020-02-11 13:02:00",860.2,TRUE,860.116666666667,0.0833333333330302,FALSE,TRUE,298.883784946468,0.996279283158517,3.58660541937066,3.56598781300252,68154.2708698151,-9415.70126033211,TRUE,FALSE,TRUE
15,196712,"p","2020-02-11 13:07:00",860.283333333333,TRUE,860.2,0.0833333333329165,FALSE,TRUE,298.883899169754,0.996279663904162,3.58660679005498,3.56101218467474,68229.5241812442,-9125.50331500834,TRUE,FALSE,TRUE
15,196712,"p","2020-02-11 13:12:00",860.366666666667,TRUE,860.283333333333,0.0833333333340533,FALSE,TRUE,298.884013565488,0.996280045209685,3.58660816275487,3.55983892874791,68304.7774926731,-8835.30536967912,TRUE,FALSE,TRUE
15,196712,"o","2020-02-11 13:14:00",860.4,TRUE,860.366666666667,0.033333333332962,FALSE,TRUE,117.394869949335,0.978290582922026,3.52184609851929,3.61411792329867,68334.3153734902,-8721.31707899663,TRUE,FALSE,TRUE
15,196712,"p","2020-02-11 13:17:00",860.45,TRUE,860.4,0.0500000000000682,FALSE,TRUE,58.7686893865204,0.326492718813557,1.1753737877288,3.60234005795632,68317.3342451756,-8777.76853218955,TRUE,FALSE,TRUE
15,196712,"p","2020-02-11 13:22:00",860.533333333333,TRUE,860.45,0.0833333333329165,FALSE,TRUE,101.544463339722,0.338481544467434,1.21853356008276,3.59176107713092,68288.0932917267,-8875.33909993342,TRUE,FALSE,TRUE
15,196712,"p","2020-02-11 13:27:00",860.616666666667,TRUE,860.533333333333,0.0833333333340533,FALSE,TRUE,101.544450081054,0.338481500267255,1.21853340096212,3.58118209383052,68258.8523382783,-8972.90966767863,TRUE,FALSE,TRUE
15,196712,"p","2020-02-11 13:32:00",860.7,TRUE,860.616666666667,0.0833333333330302,FALSE,TRUE,101.544436829941,0.338481456101035,1.21853324196373,3.57060310805403,68229.6113848293,-9070.48023542904,TRUE,FALSE,TRUE
15,196712,"p","2020-02-11 13:37:00",860.783333333333,TRUE,860.7,0.0833333333329165,FALSE,TRUE,101.544423583157,0.33848141194555,1.21853308300398,3.56002411979805,68200.3704313809,-9168.05080316907,TRUE,FALSE,TRUE
15,196712,"p","2020-02-11 13:42:00",860.866666666667,TRUE,860.783333333333,0.0833333333340533,FALSE,TRUE,101.544410341104,0.338481367800755,1.21853292408272,3.54944512905718,68171.1294779322,-9265.62137091107,TRUE,FALSE,TRUE
15,196712,"p","2020-02-11 13:47:00",860.95,TRUE,860.866666666667,0.0833333333330302,FALSE,TRUE,101.54439711174,0.338481323707031,1.21853276534531,3.53886613583202,68141.8885244834,-9363.19193865642,TRUE,FALSE,TRUE
15,196712,"p","2020-02-11 13:52:00",861.033333333333,TRUE,860.95,0.0833333333329165,FALSE,TRUE,101.544383884131,0.338481279615463,1.21853260661567,3.52828714011831,68112.6475710348,-9460.76250640371,TRUE,FALSE,TRUE
15,196712,"p","2020-02-11 13:57:00",861.116666666667,TRUE,861.033333333333,0.0833333333340533,FALSE,TRUE,101.544370666639,0.33848123555254,1.21853244798914,3.51770814191235,68083.4066175862,-9558.33307414442,TRUE,FALSE,TRUE
15,196712,"p","2020-02-11 14:02:00",861.2,TRUE,861.116666666667,0.0833333333330302,FALSE,TRUE,101.544357450899,0.338481191504229,1.21853228941523,3.50674220728442,68054.1656641378,-9655.90364188771,TRUE,FALSE,TRUE
15,196712,"p","2020-02-11 14:07:00",861.283333333333,TRUE,861.2,0.0833333333329165,FALSE,TRUE,101.544344248045,0.338481147495175,1.21853213098263,3.43859463294673,68024.924710689,-9753.4742096325,TRUE,FALSE,TRUE
15,196712,"p","2020-02-11 14:12:00",861.366666666667,TRUE,861.283333333333,0.0833333333340533,FALSE,TRUE,101.544331046888,0.338481103486704,1.21853197255213,3.36883078455166,67995.6837572405,-9851.04477737453,TRUE,FALSE,TRUE
15,196712,"p","2020-02-11 14:17:00",861.45,TRUE,861.366666666667,0.0833333333330302,FALSE,TRUE,101.544317855894,0.338481059520877,1.21853181427516,3.299066949113,67966.4428037916,-9948.61534512084,TRUE,FALSE,TRUE
15,196712,"p","2020-02-11 14:22:00",861.533333333333,TRUE,861.45,0.0833333333329165,FALSE,TRUE,101.544304670726,0.338481015570779,1.2185316560548,3.22930312657111,67937.2018503429,-10046.1859128661,TRUE,FALSE,TRUE
15,196712,"p","2020-02-11 14:27:00",861.616666666667,TRUE,861.533333333333,0.0833333333340533,FALSE,TRUE,101.544291487454,0.33848097162192,1.21853149783891,3.15786033959677,67907.9608968942,-10143.7564806085,TRUE,FALSE,TRUE
15,196712,"p","2020-02-11 14:32:00",861.7,TRUE,861.616666666667,0.0833333333330302,FALSE,TRUE,101.544278320938,0.338480927737691,1.21853133985569,2.63352921909178,67878.7199434457,-10241.3270483502,TRUE,FALSE,TRUE
15,196712,"p","2020-02-11 14:37:00",861.783333333333,TRUE,861.7,0.0833333333329165,FALSE,TRUE,101.544265150975,0.338480883838276,1.21853118181779,2.55083952352084,67849.4789899969,-10338.8976160975,TRUE,FALSE,TRUE
15,196712,"p","2020-02-11 14:42:00",861.866666666667,TRUE,861.783333333333,0.0833333333340533,FALSE,TRUE,101.544251993634,0.338480839975854,1.21853102391308,2.46782549401608,67820.2380365483,-10436.468183843,TRUE,FALSE,TRUE
15,196712,"p","2020-02-11 14:47:00",861.95,TRUE,861.866666666667,0.0833333333330302,FALSE,TRUE,101.544238840954,0.338480796137743,1.21853086609588,2.38481141957186,67790.9970830997,-10534.0387515848,TRUE,FALSE,TRUE
15,196712,"p","2020-02-11 14:52:00",862.033333333333,TRUE,861.95,0.0833333333329165,FALSE,TRUE,101.544225697013,0.338480752325071,1.21853070837026,2.30179730009497,67761.7561296506,-10631.6093193361,TRUE,FALSE,TRUE
15,196712,"p","2020-02-11 14:57:00",862.116666666667,TRUE,862.033333333333,0.0833333333340533,FALSE,TRUE,101.544212556068,0.338480708517302,1.21853055066229,2.21878313549355,67732.5151762023,-10729.1798870745,TRUE,FALSE,TRUE
15,196712,"p","2020-02-11 15:02:00",862.2,TRUE,862.116666666667,0.0833333333330302,FALSE,TRUE,101.544199425371,0.338480664752469,1.21853039310889,2.1360693526305,67703.2742227536,-10826.7504548215,TRUE,FALSE,TRUE
15,196712,"p","2020-02-11 15:07:00",862.283333333333,TRUE,862.2,0.0833333333329165,FALSE,TRUE,101.544186299228,0.338480620999121,1.21853023559684,2.07067026059014,67674.0332693047,-10924.3210225655,TRUE,FALSE,TRUE
15,196712,"p","2020-02-11 15:12:00",862.366666666667,TRUE,862.283333333333,0.0833333333340533,FALSE,TRUE,101.544173180308,0.338480577264769,1.21853007815317,2.00489073010603,67644.7923158562,-11021.8915903065,TRUE,FALSE,TRUE
15,196712,"p","2020-02-11 15:17:00",862.45,TRUE,862.366666666667,0.0833333333330302,FALSE,TRUE,101.54416007012,0.338480533568298,1.21852992084587,1.9391111576911,67615.5513624076,-11119.4621580476,TRUE,FALSE,TRUE
15,196712,"p","2020-02-11 15:22:00",862.533333333333,TRUE,862.45,0.0833333333329165,FALSE,TRUE,101.544146964532,0.338480489883465,1.21852976358047,1.8733315432898,67586.3104089589,-11217.032725797,TRUE,FALSE,TRUE
15,196712,"p","2020-02-11 15:27:00",862.616666666667,TRUE,862.533333333333,0.0833333333340533,FALSE,TRUE,101.544133863542,0.338480446208881,1.21852960635197,1.80755188684365,67557.0694555103,-11314.6032935411,TRUE,FALSE,TRUE
15,196712,"p","2020-02-11 15:32:00",862.7,TRUE,862.616666666667,0.0833333333330302,FALSE,TRUE,101.54412077536,0.338480402585765,1.21852944930875,1.74177218830344,67527.8285020615,-11412.1738612852,TRUE,FALSE,TRUE
15,196712,"p","2020-02-11 15:37:00",862.783333333333,TRUE,862.7,0.0833333333329165,FALSE,TRUE,101.544107687643,0.338480358960502,1.21852929225781,1.67599244761268,67498.5875486128,-11509.744429028,TRUE,FALSE,TRUE
15,196712,"p","2020-02-11 15:42:00",862.866666666667,TRUE,862.783333333333,0.0833333333340533,FALSE,TRUE,101.5440946086,0.338480315359074,1.21852913529267,1.61021266471392,67469.3465951642,-11607.3149967693,TRUE,FALSE,TRUE
15,196712,"p","2020-02-11 15:47:00",862.95,TRUE,862.866666666667,0.0833333333330302,FALSE,TRUE,101.54408153828,0.338480271795498,1.21852897846379,1.54443283955529,67440.1056417154,-11704.8855645237,TRUE,FALSE,TRUE
15,196712,"p","2020-02-11 15:52:00",863.033333333333,TRUE,862.95,0.0833333333329165,FALSE,TRUE,101.544068472551,0.33848022824353,1.21852882167671,1.4786529720818,67410.8646882669,-11802.4561322593,TRUE,FALSE,TRUE
15,196712,"p","2020-02-11 15:57:00",863.116666666667,TRUE,863.033333333333,0.0833333333340533,FALSE,TRUE,101.544055414132,0.338480184710848,1.21852866495905,1.41287306223703,67381.6237348182,-11900.0267000094,TRUE,FALSE,TRUE
15,196712,"p","2020-02-11 16:02:00",863.2,TRUE,863.116666666667,0.0833333333330302,FALSE,TRUE,101.544042363121,0.338480141211636,1.21852850836189,1.34709310996778,67352.3827813694,-11997.5972677537,TRUE,FALSE,TRUE
15,196712,"p","2020-02-11 16:07:00",863.283333333333,TRUE,863.2,0.0833333333329165,FALSE,TRUE,101.544029319367,0.338480097732916,1.2185283518385,1.2813131152201,67323.1418279208,-12095.1678354932,TRUE,FALSE,TRUE
15,196712,"p","2020-02-11 16:12:00",863.366666666667,TRUE,863.283333333333,0.0833333333340533,FALSE,TRUE,101.544016278888,0.338480054260034,1.21852819533612,1.2173320623539,67293.9008744722,-12192.7384032327,TRUE,FALSE,TRUE
15,196712,"p","2020-02-11 16:17:00",863.45,TRUE,863.366666666667,0.0833333333330302,FALSE,TRUE,101.544003248432,0.338480010829338,1.21852803898562,1.21853079155548,67264.6599210236,-12290.3089709794,TRUE,FALSE,TRUE
15,196712,"p","2020-02-11 16:22:00",863.533333333333,TRUE,863.45,0.0833333333329165,FALSE,TRUE,101.543990224019,0.338479967415091,1.21852788269433,1.21853063385025,67235.418967575,-12387.8795387231,TRUE,FALSE,TRUE
15,196712,"o","2020-02-11 16:27:00",863.616666666667,TRUE,863.533333333333,0.0833333333340533,FALSE,TRUE,99.2769280771055,0.330923093587492,1.19132313691497,1.21777479318227,67207.0286875756,-12483.3306228106,TRUE,FALSE,TRUE
15,196712,"p","2020-02-11 16:32:00",863.7,TRUE,863.616666666667,0.0833333333330302,FALSE,TRUE,318.926754920882,1.06308918307347,3.82712105906451,1.29023556587952,67334.6999181505,-12189.9488090702,TRUE,FALSE,TRUE
15,196712,"p","2020-02-11 16:37:00",863.783333333333,TRUE,863.7,0.0833333333329165,FALSE,TRUE,321.202503669292,1.07067501223633,3.85443004405079,1.36345492590859,67463.2218221753,-11894.44751166,TRUE,FALSE,TRUE
15,196712,"p","2020-02-11 16:42:00",863.866666666667,TRUE,863.783333333333,0.0833333333340533,FALSE,TRUE,321.202634288495,1.07067544761907,3.85443161142864,1.43667433389043,67591.7437261997,-11598.9462142579,TRUE,FALSE,TRUE
15,196712,"p","2020-02-11 16:47:00",863.95,TRUE,863.866666666667,0.0833333333330302,FALSE,TRUE,321.202765127215,1.07067588376128,3.85443318154061,1.50989378989585,67720.2656302244,-11303.4449168435,TRUE,FALSE,TRUE
15,196712,"p","2020-02-11 16:52:00",864.033333333333,TRUE,863.95,0.0833333333329165,FALSE,TRUE,321.202896174522,1.0706763205871,3.85443475411355,1.58311329399301,67848.7875342491,-11007.9436194407,TRUE,FALSE,TRUE
15,196712,"o","2020-02-11 16:55:00",864.083333333333,TRUE,864.033333333333,0.0500000000000682,FALSE,TRUE,190.504034144904,1.05835574524802,3.81008068289288,1.65510074496256,67925.1628321946,-10832.7480274395,TRUE,FALSE,TRUE
15,196712,"p","2020-02-11 16:57:00",864.116666666667,TRUE,864.083333333333,0.0333333333339851,FALSE,TRUE,35.8498523777229,0.298748769808516,1.07549557131066,1.65112750279299,67922.5742390499,-10868.6104635429,TRUE,FALSE,TRUE
15,196712,"p","2020-02-11 17:02:00",864.2,TRUE,864.116666666667,0.0833333333330302,FALSE,TRUE,95.0016706473354,0.31667223549227,1.14002004777217,1.6489466115927,67914.2581450147,-10963.5295199107,TRUE,FALSE,TRUE
15,196712,"p","2020-02-11 17:07:00",864.283333333333,TRUE,864.2,0.0833333333329165,FALSE,TRUE,95.0016595349222,0.316672198451325,1.14001991442477,1.64676572108916,67905.9420509803,-11058.4485762709,TRUE,FALSE,TRUE
15,196712,"p","2020-02-11 17:12:00",864.366666666667,TRUE,864.283333333333,0.0833333333340533,FALSE,TRUE,95.0016484389599,0.316672161460463,1.14001978125767,1.64458483128312,67897.6259569451,-11153.3676326502,TRUE,FALSE,TRUE
15,196712,"p","2020-02-11 17:17:00",864.45,TRUE,864.366666666667,0.0833333333330302,FALSE,TRUE,95.00163733819,0.316672124461785,1.14001964806243,1.64240394217222,67889.3098629103,-11248.2866890148,TRUE,FALSE,TRUE
15,196712,"p","2020-02-11 17:22:00",864.533333333333,TRUE,864.45,0.0833333333329165,FALSE,TRUE,95.0016262495903,0.316672087500219,1.14001951500079,1.64022305376005,67880.9937688755,-11343.2057453796,TRUE,FALSE,TRUE
15,196712,"p","2020-02-11 17:27:00",864.616666666667,TRUE,864.533333333333,0.0833333333340533,FALSE,TRUE,95.001615163269,0.316672050541494,1.14001938194938,1.63804216604043,67872.6776748403,-11438.1248017579,TRUE,FALSE,TRUE
15,196712,"p","2020-02-11 17:32:00",864.7,TRUE,864.616666666667,0.0833333333330302,FALSE,TRUE,95.001604083441,0.316672013612622,1.14001924900544,1.63586127901787,67864.3615808056,-11533.0438581171,TRUE,FALSE,TRUE
15,196712,"p","2020-02-11 17:37:00",864.783333333333,TRUE,864.7,0.0833333333329165,FALSE,TRUE,95.0015930087361,0.316671976697371,1.14001911611054,1.63368039269002,67856.0454867708,-11627.9629144825,TRUE,FALSE,TRUE
15,196712,"p","2020-02-11 17:42:00",864.866666666667,TRUE,864.783333333333,0.0833333333340533,FALSE,TRUE,95.0015819405504,0.316671939799099,1.14001898327676,1.63149950705615,67847.7293927356,-11722.881970853,TRUE,FALSE,TRUE
15,196712,"p","2020-02-11 17:47:00",864.95,TRUE,864.866666666667,0.0833333333330302,FALSE,TRUE,95.0015708788316,0.316671902930591,1.14001885055013,1.62931862211671,67839.4132987009,-11817.8010272235,TRUE,FALSE,TRUE
15,196712,"p","2020-02-11 17:52:00",865.033333333333,TRUE,864.95,0.0833333333329165,FALSE,TRUE,95.0015598166242,0.316671866056998,1.14001871780519,1.62713773787068,67831.097204666,-11912.7200835844,TRUE,FALSE,TRUE
15,196712,"p","2020-02-11 17:57:00",865.116666666667,TRUE,865.033333333333,0.0833333333340533,FALSE,TRUE,95.0015487707883,0.316671829233225,1.14001858523961,1.62495685431875,67822.7811106308,-12007.6391399605,TRUE,FALSE,TRUE
15,196712,"p","2020-02-11 18:02:00",865.2,TRUE,865.116666666667,0.0833333333330302,FALSE,TRUE,95.0015377201571,0.316671792401676,1.14001845264603,1.62277597145901,67814.4650165959,-12102.5581963334,TRUE,FALSE,TRUE
15,196712,"p","2020-02-11 18:07:00",865.283333333333,TRUE,865.2,0.0833333333329165,FALSE,TRUE,95.0015266774671,0.316671755593141,1.14001832013531,1.62059508929184,67806.1489225611,-12197.477252702,TRUE,FALSE,TRUE
15,196712,"o","2020-02-11 18:11:00",865.35,TRUE,865.283333333333,0.0666666666670608,FALSE,TRUE,73.0078643944981,0.304199434975277,1.095117965911,1.61716697943254,67800.2850528139,-12270.4658528448,TRUE,FALSE,TRUE
15,196712,"p","2020-02-11 18:12:00",865.366666666667,TRUE,865.35,0.0166666666669926,FALSE,TRUE,91.1040859742032,1.5184014328737,5.4662451583453,1.73515907373156,67827.0980558039,-12183.1014608767,TRUE,FALSE,TRUE
15,196712,"p","2020-02-11 18:17:00",865.45,TRUE,865.366666666667,0.0833333333330302,FALSE,TRUE,470.716668223813,1.56905556075175,5.64860001870631,1.85821658518585,67965.1080981161,-11731.5462764468,TRUE,FALSE,TRUE
15,196712,"p","2020-02-11 18:22:00",865.533333333333,TRUE,865.45,0.0833333333329165,FALSE,TRUE,470.716949266813,1.56905649756389,5.64860339123001,1.98127419468366,68103.1181404355,-11279.9910919859,TRUE,FALSE,TRUE
15,196712,"p","2020-02-11 18:27:00",865.616666666667,TRUE,865.533333333333,0.0833333333340533,FALSE,TRUE,470.717230961062,1.56905743652332,5.64860677148394,2.10433190243995,68241.1281827552,-10828.4359075079,TRUE,FALSE,TRUE
15,196712,"o","2020-02-11 18:32:00",865.7,TRUE,865.616666666667,0.0833333333330302,FALSE,TRUE,467.730595001774,1.55910198334492,5.6127671400417,2.22639406923853,68378.6861791132,-10379.8752917001,TRUE,FALSE,TRUE
15,196712,"p","2020-02-11 18:37:00",865.783333333333,TRUE,865.7,0.0833333333329165,FALSE,TRUE,114.274921124913,0.380916403751614,1.37129905350581,2.23063768243414,68433.3134391055,-10480.6875363351,TRUE,FALSE,TRUE
15,196712,"p","2020-02-11 18:42:00",865.866666666667,TRUE,865.783333333333,0.0833333333340533,FALSE,TRUE,116.701260540778,0.389004201799233,1.40041512647724,2.23569007978971,68487.4886531359,-10584.4943496335,TRUE,FALSE,TRUE
15,196712,"p","2020-02-11 18:47:00",865.95,TRUE,865.866666666667,0.0833333333330302,FALSE,TRUE,116.701248843152,0.389004162811921,1.40041498612292,2.24074247759982,68541.6638671667,-10688.3011629129,TRUE,FALSE,TRUE
15,196712,"p","2020-02-11 18:52:00",866.033333333333,TRUE,865.95,0.0833333333329165,FALSE,TRUE,116.701237150032,0.389004123835387,1.40041484580739,2.24579487586219,68595.8390811974,-10792.1079762062,TRUE,FALSE,TRUE
15,196712,"p","2020-02-11 18:57:00",866.116666666667,TRUE,866.033333333333,0.0833333333340533,FALSE,TRUE,116.701225476226,0.389004084917394,1.40041470570262,2.25084727458064,68650.0142952282,-10895.9147894916,TRUE,FALSE,TRUE
15,196712,"p","2020-02-11 19:02:00",866.2,TRUE,866.116666666667,0.0833333333330302,FALSE,TRUE,116.701213804615,0.389004046016798,1.40041456566047,2.25589967375632,68704.189509259,-10999.7216027747,TRUE,FALSE,TRUE
15,196712,"p","2020-02-11 19:07:00",866.283333333333,TRUE,866.2,0.0833333333329165,FALSE,TRUE,116.701202147431,0.38900400716005,1.40041442577618,2.26095207338939,68758.3647232896,-11103.5284160658,TRUE,FALSE,TRUE
15,196712,"p","2020-02-11 19:12:00",866.366666666667,TRUE,866.283333333333,0.0833333333340533,FALSE,TRUE,116.701190499706,0.389003968328992,1.40041428598437,2.26600447348078,68812.5399373202,-11207.335229353,TRUE,FALSE,TRUE
15,196712,"p","2020-02-11 19:17:00",866.45,TRUE,866.366666666667,0.0833333333330302,FALSE,TRUE,116.701178862943,0.389003929544559,1.40041414636041,2.27181255707649,68866.715151351,-11311.1420426383,TRUE,FALSE,TRUE
15,196712,"p","2020-02-11 19:22:00",866.533333333333,TRUE,866.45,0.0833333333329165,FALSE,TRUE,116.701167234389,0.389003890783243,1.40041400681967,2.20440402784746,68920.8903653818,-11414.9488559303,TRUE,FALSE,TRUE
15,196712,"p","2020-02-11 19:27:00",866.616666666667,TRUE,866.533333333333,0.0833333333340533,FALSE,TRUE,116.701155617586,0.38900385205526,1.40041386739894,2.13623691182936,68975.065579412,-11518.7556692182,TRUE,FALSE,TRUE
15,196712,"p","2020-02-11 19:32:00",866.7,TRUE,866.616666666667,0.0833333333330302,FALSE,TRUE,116.70114401218,0.389003813375348,1.40041372815125,2.06806974840498,69029.240793443,-11622.562482506,TRUE,FALSE,TRUE
15,196712,"p","2020-02-11 19:37:00",866.783333333333,TRUE,866.7,0.0833333333329165,FALSE,TRUE,116.701132413372,0.389003774713187,1.40041358896747,1.99990253750017,69083.4160074737,-11726.3692957881,TRUE,FALSE,TRUE
15,196712,"p","2020-02-11 19:42:00",866.866666666667,TRUE,866.783333333333,0.0833333333340533,FALSE,TRUE,116.701120826839,0.389003736086102,1.40041344990997,1.93173527905008,69137.5912215046,-11830.1761090755,TRUE,FALSE,TRUE
15,196712,"p","2020-02-11 19:47:00",866.95,TRUE,866.866666666667,0.0833333333330302,FALSE,TRUE,116.701109253461,0.389003697512951,1.40041331104662,1.86480007427657,69191.7664355352,-11933.9829223681,TRUE,FALSE,TRUE
15,196712,"o","2020-02-11 19:50:00",867,TRUE,866.95,0.0499999999999545,FALSE,TRUE,72.2774693433125,0.401541496352102,1.44554938686757,1.87507934693093,69226.4705838176,-11997.6626572164,TRUE,FALSE,TRUE
15,196712,"p","2020-02-11 19:52:00",867.033333333333,TRUE,867,0.033333333332962,FALSE,TRUE,231.386159893119,1.92821799913081,6.9415847968709,2.03623392329478,69409.0705952319,-12141.322408599,TRUE,FALSE,TRUE
15,196712,"p","2020-02-11 19:57:00",867.116666666667,TRUE,867.033333333333,0.0833333333340533,FALSE,TRUE,584.916023351297,1.94972007782081,7.01899228015492,2.19953871123173,69871.0681734277,-12503.9609042377,TRUE,FALSE,TRUE
15,196712,"p","2020-02-11 20:02:00",867.2,TRUE,867.116666666667,0.0833333333330302,FALSE,TRUE,584.915894265863,1.94971964755997,7.01899073121589,2.36284345984168,70333.0657516243,-12866.5993998774,TRUE,FALSE,TRUE
15,196712,"o","2020-02-11 20:04:00",867.233333333333,TRUE,867.2,0.033333333332962,FALSE,TRUE,232.71148684931,1.93926239043252,6.98134460555708,2.52510248643875,70515.281360451,-13012.8753099962,TRUE,FALSE,TRUE
15,196712,"p","2020-02-11 20:07:00",867.283333333333,TRUE,867.233333333333,0.0499999999999545,FALSE,TRUE,351.221245989955,1.95122914439041,7.02442491980549,2.68855819212777,70507.5959532712,-13365.0489561962,TRUE,FALSE,TRUE
15,196712,"p","2020-02-11 20:12:00",867.366666666667,TRUE,867.283333333333,0.0833333333340533,FALSE,TRUE,587.504893069857,1.95834964354927,7.05005871677737,2.85272595142855,70490.4812372172,-13954.0392196433,TRUE,FALSE,TRUE
15,196712,"p","2020-02-11 20:17:00",867.45,TRUE,867.366666666667,0.0833333333330302,FALSE,TRUE,587.504482054611,1.9583482735225,7.05005378468098,3.01689357741954,70473.366521169,-14543.0294830336,TRUE,FALSE,TRUE
15,196712,"o","2020-02-11 20:18:00",867.466666666667,TRUE,867.45,0.0166666666669926,FALSE,TRUE,112.514612606095,1.87524354339826,6.75087675623372,3.17275073408963,70470.5460869311,-14655.8410166801,TRUE,FALSE,TRUE
15,196712,"p","2020-02-11 20:22:00",867.533333333333,TRUE,867.466666666667,0.0666666666659239,FALSE,TRUE,273.291168292141,1.13871320122994,4.09936752442779,3.25495486023271,70545.6431344397,-14392.1941397127,TRUE,FALSE,TRUE
15,196712,"p","2020-02-11 20:27:00",867.616666666667,TRUE,867.533333333333,0.0833333333340533,FALSE,TRUE,347.798366282446,1.15932788759814,4.17358039535329,3.33922045869947,70640.2675800475,-14056.4023946539,TRUE,FALSE,TRUE
15,196712,"o","2020-02-11 20:28:00",867.633333333333,TRUE,867.616666666667,0.0166666666659694,FALSE,TRUE,67.4087927830879,1.12347987976513,4.04452756715449,3.41990126007028,70659.0743158315,-13991.4536314948,TRUE,FALSE,TRUE
15,196712,"p","2020-02-11 20:32:00",867.7,TRUE,867.633333333333,0.0666666666670608,FALSE,TRUE,81.1956872949581,0.338315363726992,1.21793530941717,3.42206561351966,70717.3621889001,-14048.4361694938,TRUE,FALSE,TRUE
15,196712,"p","2020-02-11 20:37:00",867.783333333333,TRUE,867.7,0.0833333333329165,FALSE,TRUE,103.337222267626,0.344457407560476,1.24004666721772,3.42484417503554,70790.0743385625,-14122.4263243274,TRUE,FALSE,TRUE
15,196712,"p","2020-02-11 20:42:00",867.866666666667,TRUE,867.783333333333,0.0833333333340533,FALSE,TRUE,103.337216730558,0.344457389098884,1.24004660075598,3.42762273838611,70862.7864882246,-14196.4164791684,TRUE,FALSE,TRUE
15,196712,"p","2020-02-11 20:47:00",867.95,TRUE,867.866666666667,0.0833333333330302,FALSE,TRUE,103.337211199443,0.344457370666065,1.24004653439783,3.43164853195519,70935.4986378871,-14270.4066339996,TRUE,FALSE,TRUE
15,196712,"p","2020-02-11 20:52:00",868.033333333333,TRUE,867.95,0.0833333333329165,FALSE,TRUE,103.337205675276,0.344457352252644,1.24004646810952,3.31425412389308,71008.2107875495,-14344.3967888403,TRUE,FALSE,TRUE
15,196712,"o","2020-02-11 20:57:00",868.116666666667,TRUE,868.033333333333,0.0833333333340533,FALSE,TRUE,102.89135849923,0.342971194994469,1.23469630198009,3.19164568731736,71080.5376610273,-14418.1377182229,TRUE,FALSE,TRUE
15,196712,"p","2020-02-11 21:02:00",868.2,TRUE,868.116666666667,0.0833333333330302,FALSE,TRUE,27.9843558005531,0.0932811860021832,0.335812269607859,3.04406815616118,71082.1831427773,-14446.1566375181,TRUE,FALSE,TRUE
15,196712,"p","2020-02-11 21:07:00",868.283333333333,TRUE,868.2,0.0833333333329165,FALSE,TRUE,27.7163094725219,0.092387698242202,0.332595713671927,2.89640118233307,71083.4433483429,-14473.9263313598,TRUE,FALSE,TRUE
15,196712,"p","2020-02-11 21:12:00",868.366666666667,TRUE,868.283333333333,0.0833333333340533,FALSE,TRUE,27.7163085933054,0.0923876953102198,0.332595703116791,2.7497297535296,71084.7035539082,-14501.6960252043,TRUE,FALSE,TRUE
15,196712,"p","2020-02-11 21:17:00",868.45,TRUE,868.366666666667,0.0833333333330302,FALSE,TRUE,27.7163077056576,0.0923876923525282,0.332595692469101,2.72087688238969,71085.9637594736,-14529.4657190498,TRUE,FALSE,TRUE
15,196712,"p","2020-02-11 21:22:00",868.533333333333,TRUE,868.45,0.0833333333329165,FALSE,TRUE,27.7163068180506,0.092387689393964,0.33259568181827,2.69121523114917,71087.2239650393,-14557.2354128928,TRUE,FALSE,TRUE
15,196712,"p","2020-02-11 21:27:00",868.616666666667,TRUE,868.533333333333,0.0833333333340533,FALSE,TRUE,27.7163059346438,0.0923876864480143,0.332595671212851,2.66155358351278,71088.4841706045,-14585.0051067394,TRUE,FALSE,TRUE
15,196712,"p","2020-02-11 21:32:00",868.7,TRUE,868.616666666667,0.0833333333330302,FALSE,TRUE,27.7163050499029,0.0923876835000126,0.332595660600045,2.63189193947924,71089.7443761703,-14612.7748005783,TRUE,FALSE,TRUE
15,196712,"o","2020-02-11 21:34:00",868.733333333333,TRUE,868.7,0.033333333332962,FALSE,TRUE,10.728655068797,0.0894054589076375,0.321859652067495,2.60193207687826,71088.3490764714,-14623.4445731076,TRUE,FALSE,TRUE
15,196712,"p","2020-02-11 21:37:00",868.783333333333,TRUE,868.733333333333,0.0499999999999545,FALSE,TRUE,210.079477923448,1.16710821068688,4.20158955847278,2.67974249334527,70879.6530319206,-14591.7948606507,TRUE,FALSE,TRUE
15,196712,"p","2020-02-11 21:42:00",868.866666666667,TRUE,868.783333333333,0.0833333333340533,FALSE,TRUE,353.356591310464,1.17785530435804,4.24027909568893,2.75862762306507,70528.6606544612,-14538.3151648618,TRUE,FALSE,TRUE
15,196712,"p","2020-02-11 21:47:00",868.95,TRUE,868.866666666667,0.0833333333330302,FALSE,TRUE,353.356556816035,1.17785518939107,4.24027868180784,2.83751274517128,70177.6682770012,-14484.8354690761,TRUE,FALSE,TRUE
15,196712,"p","2020-02-11 21:52:00",869.033333333333,TRUE,868.95,0.0833333333329165,FALSE,TRUE,355.178672639624,1.18392890880467,4.2621440716968,2.91700524309729,69826.3075109822,-14422.3760044225,TRUE,FALSE,TRUE
15,196712,"o","2020-02-11 21:54:00",869.066666666667,TRUE,869.033333333333,0.0333333333339851,FALSE,TRUE,689.1603958269,5.7430032984452,20.6748118744027,3.45240518386349,69661.2471931557,-13751.0994898034,TRUE,FALSE,TRUE
15,196712,"p","2020-02-11 21:57:00",869.116666666667,TRUE,869.066666666667,0.0500000000000682,FALSE,TRUE,228.068820046661,1.2670490002575,4.56137640092699,3.54020969868371,69662.8766204382,-13522.3636049544,TRUE,FALSE,TRUE
15,196712,"p","2020-02-11 22:02:00",869.2,TRUE,869.116666666667,0.0833333333330302,FALSE,TRUE,368.068744963722,1.2268958165502,4.41682493958073,3.62399889900119,69669.4194238949,-13153.2670140888,TRUE,FALSE,TRUE
15,196712,"p","2020-02-11 22:07:00",869.283333333333,TRUE,869.2,0.0833333333329165,FALSE,TRUE,368.068906296173,1.22689635432671,4.41682687557617,3.70778815696255,69675.962227352,-12784.170423207,TRUE,FALSE,TRUE
15,196712,"o","2020-02-11 22:09:00",869.316666666667,TRUE,869.283333333333,0.0333333333339851,FALSE,TRUE,146.35697822431,1.21964148517874,4.39070934664345,3.79085193187181,69680.7381000623,-12637.4593724377,TRUE,FALSE,TRUE
15,196712,"p","2020-02-11 22:12:00",869.366666666667,TRUE,869.316666666667,0.0500000000000682,FALSE,TRUE,268.541840227358,1.49189911237217,5.37083680453983,3.90114147335773,69922.7176140195,-12518.2898557148,TRUE,FALSE,TRUE
15,196712,"p","2020-02-11 22:17:00",869.45,TRUE,869.366666666667,0.0833333333330302,FALSE,TRUE,450.108719142858,1.50036239714832,5.40130462973394,4.01102356343735,70329.6147228291,-12321.2199704737,TRUE,FALSE,TRUE
15,196712,"p","2020-02-11 22:22:00",869.533333333333,TRUE,869.45,0.0833333333329165,FALSE,TRUE,450.108907414232,1.50036302472161,5.4013068889978,3.96823806599643,70736.5118316383,-12124.1500852293,TRUE,FALSE,TRUE
15,196712,"p","2020-02-11 22:27:00",869.616666666667,TRUE,869.533333333333,0.0833333333340533,FALSE,TRUE,450.109096279866,1.50036365425326,5.40130915531173,3.92330242363968,71143.4089404475,-11927.0801999834,TRUE,FALSE,TRUE
15,196712,"p","2020-02-11 22:32:00",869.7,TRUE,869.616666666667,0.0833333333330302,FALSE,TRUE,450.109285736773,1.5003642857947,5.40131142886092,3.87836688746315,71550.3060492569,-11730.0103147415,TRUE,FALSE,TRUE
15,196712,"p","2020-02-11 22:37:00",869.783333333333,TRUE,869.7,0.0833333333329165,FALSE,TRUE,450.10947579022,1.50036491930824,5.40131370950966,3.83447714035072,71957.2031580663,-11532.9404294987,TRUE,FALSE,TRUE
15,196712,"o","2020-02-11 22:39:00",869.816666666667,TRUE,869.783333333333,0.0333333333339851,FALSE,TRUE,179.19729869782,1.49331082245263,5.37591896082947,3.78868530815695,72119.6488569431,-11455.420028634,TRUE,FALSE,TRUE
15,196712,"p","2020-02-11 22:42:00",869.866666666667,TRUE,869.816666666667,0.0500000000000682,FALSE,TRUE,210.20084337873,1.16778246321357,4.20401686756886,3.70962859012338,72329.2554546669,-11481.3670338796,TRUE,FALSE,TRUE
15,196712,"p","2020-02-11 22:47:00",869.95,TRUE,869.866666666667,0.0833333333330302,FALSE,TRUE,350.093698564028,1.16697899521767,4.20112438278362,3.63049166229289,72678.0778764624,-11526.7912980143,TRUE,FALSE,TRUE
15,196712,"p","2020-02-11 22:52:00",870.033333333333,TRUE,869.95,0.0833333333329165,FALSE,TRUE,350.093737085783,1.16697912362511,4.20112484505041,3.55966522031558,73026.9002982577,-11572.2155621456,TRUE,FALSE,TRUE
15,196712,"p","2020-02-11 22:57:00",870.116666666667,TRUE,870.033333333333,0.0833333333340533,FALSE,TRUE,350.093775887632,1.16697925294869,4.20112531061528,3.56249182548745,73375.7227200525,-11617.6398262849,TRUE,FALSE,TRUE
15,196712,"p","2020-02-11 23:02:00",870.2,TRUE,870.116666666667,0.0833333333330302,FALSE,TRUE,350.093814970869,1.16697938324048,4.20112577966571,3.56325697505169,73724.5451418479,-11663.0640904194,TRUE,FALSE,TRUE
15,196712,"p","2020-02-11 23:07:00",870.283333333333,TRUE,870.2,0.0833333333329165,FALSE,TRUE,350.093854333464,1.16697951445072,4.20112625202258,3.56760693852025,74073.3675636434,-11708.488354549,TRUE,FALSE,TRUE
15,196712,"p","2020-02-11 23:12:00",870.366666666667,TRUE,870.283333333333,0.0833333333340533,FALSE,TRUE,350.093893976352,1.16697964657776,4.20112672767992,3.65047336680532,74422.1899854381,-11753.9126186833,TRUE,FALSE,TRUE
15,196712,"p","2020-02-11 23:17:00",870.45,TRUE,870.366666666667,0.0833333333330302,FALSE,TRUE,350.093933900156,1.16697977967143,4.20112720681716,3.73272560401642,74771.0124072334,-11799.3368828231,TRUE,FALSE,TRUE
15,196712,"p","2020-02-11 23:22:00",870.533333333333,TRUE,870.45,0.0833333333329165,FALSE,TRUE,350.687818142196,1.16895939381317,4.20825381772741,3.81517580448785,75120.406643821,-11844.9900220119,TRUE,FALSE,TRUE
15,196712,"p","2020-02-11 23:27:00",870.616666666667,TRUE,870.533333333333,0.0833333333340533,FALSE,TRUE,460.488077410765,1.53496025802262,5.52585692888144,3.9342260932235,75574.7039783638,-11932.631760888,TRUE,FALSE,TRUE
15,196712,"o","2020-02-11 23:29:00",870.65,TRUE,870.616666666667,0.033333333332962,FALSE,TRUE,180.551872094514,1.50459893413772,5.41655616289578,4.05024025141201,75752.7381941541,-11967.4583594334,TRUE,FALSE,TRUE
15,196712,"p","2020-02-11 23:32:00",870.7,TRUE,870.65,0.0500000000000682,FALSE,TRUE,158.805321946166,0.882251788588609,3.17610643891899,4.10416831077142,75594.1091318493,-11984.7114691509,TRUE,FALSE,TRUE
15,196712,"p","2020-02-11 23:37:00",870.783333333333,TRUE,870.7,0.0833333333329165,FALSE,TRUE,271.407314505348,0.904691048355684,3.25688777408046,4.18530929700677,75322.9185033895,-12013.4135293893,TRUE,FALSE,TRUE
15,196712,"p","2020-02-11 23:42:00",870.866666666667,TRUE,870.783333333333,0.0833333333340533,FALSE,TRUE,342.768749580268,1.14256249859102,4.11322499492768,4.29032677704166,74999.1765289285,-12130.716932302,TRUE,FALSE,TRUE
15,196712,"o","2020-02-11 23:44:00",870.9,TRUE,870.866666666667,0.033333333332962,FALSE,TRUE,128.025040142967,1.06687533453661,3.84075120433179,4.3877755409643,74878.2984156376,-12174.6409938796,TRUE,FALSE,TRUE
15,196712,"p","2020-02-11 23:47:00",870.95,TRUE,870.9,0.0500000000000682,FALSE,TRUE,814.712540443962,4.52618078023806,16.294250808857,4.83115484975285,75646.9312853007,-11893.4860691076,TRUE,FALSE,TRUE
15,196712,"p","2020-02-11 23:52:00",871.033333333333,TRUE,870.95,0.0833333333329165,FALSE,TRUE,1373.28127509375,4.5776042503354,16.4793753012075,5.27967650584699,76942.541496421,-11419.5770580061,TRUE,FALSE,TRUE
15,196712,"o","2020-02-11 23:53:00",871.05,TRUE,871.033333333333,0.0166666666669926,FALSE,TRUE,267.163499301461,4.45272498827062,16.0298099577742,5.71571023602925,77194.6657136619,-11327.5755229468,TRUE,FALSE,TRUE
15,196712,"p","2020-02-11 23:57:00",871.116666666667,TRUE,871.05,0.0666666666670608,FALSE,TRUE,30.9418531430847,0.128924388095424,0.464127797143527,5.71936390648879,77199.9184089977,-11358.1627796207,TRUE,FALSE,TRUE
15,196712,"p","2020-02-12 00:02:00",871.2,TRUE,871.116666666667,0.0833333333330302,FALSE,TRUE,41.643389447232,0.138811298157945,0.499720673368602,5.72430449041382,77197.7369968465,-11399.8721844522,TRUE,FALSE,TRUE
15,196712,"p","2020-02-12 00:07:00",871.283333333333,TRUE,871.2,0.0833333333329165,FALSE,TRUE,41.6433873361674,0.138811291121252,0.499720648036509,5.62147479845726,77195.5555846949,-11441.5815892835,TRUE,FALSE,TRUE
15,196712,"p","2020-02-12 00:12:00",871.366666666667,TRUE,871.283333333333,0.0833333333340533,FALSE,TRUE,41.6433852208684,0.138811284068362,0.499720622646103,5.51757039642829,77193.3741725436,-11483.2909941111,TRUE,FALSE,TRUE
15,196712,"p","2020-02-12 00:17:00",871.45,TRUE,871.366666666667,0.0833333333330302,FALSE,TRUE,41.6433831112257,0.138811277037924,0.499720597336526,5.41366600519298,77191.1927603924,-11525.0003989412,TRUE,FALSE,TRUE
15,196712,"o","2020-02-12 00:20:00",871.5,TRUE,871.45,0.0499999999999545,FALSE,TRUE,25.2352482577717,0.140195823654415,0.504704965155892,5.30929269667795,77190.3493732074,-11550.2960872453,TRUE,FALSE,TRUE
15,196712,"p","2020-02-12 00:22:00",871.533333333333,TRUE,871.5,0.033333333332962,FALSE,TRUE,49.1077664953337,0.409231387465674,1.47323299487643,4.77591550558,77223.5403752876,-11586.7424660507,TRUE,FALSE,TRUE
15,196712,"p","2020-02-12 00:27:00",871.616666666667,TRUE,871.533333333333,0.0833333333340533,FALSE,TRUE,124.047109290908,0.413490364299455,1.48856531147804,4.6905596419842,77307.6815307527,-11678.5335265752,TRUE,FALSE,TRUE
15,196712,"p","2020-02-12 00:32:00",871.7,TRUE,871.616666666667,0.0833333333330302,FALSE,TRUE,124.047100962466,0.413490336543057,1.488565211555,4.60921909398348,77391.8226862177,-11770.3245870999,TRUE,FALSE,TRUE
15,196712,"p","2020-02-12 00:37:00",871.783333333333,TRUE,871.7,0.0833333333329165,FALSE,TRUE,124.047092644891,0.413490308818371,1.48856511174614,4.52787848943265,77475.9638416831,-11862.1156476329,TRUE,FALSE,TRUE
15,196712,"p","2020-02-12 00:42:00",871.866666666667,TRUE,871.783333333333,0.0833333333340533,FALSE,TRUE,124.047084336392,0.413490281117735,1.48856501202385,4.44726336902655,77560.1049971483,-11953.9067081577,TRUE,FALSE,TRUE
15,196712,"p","2020-02-12 00:47:00",871.95,TRUE,871.866666666667,0.0833333333330302,FALSE,TRUE,124.047076042864,0.413490253477718,1.48856491251978,4.3394224831371,77644.2461526136,-12045.6977686805,TRUE,FALSE,TRUE
15,196712,"p","2020-02-12 00:52:00",872.033333333333,TRUE,871.95,0.0833333333329165,FALSE,TRUE,124.047067760854,0.41349022587158,1.48856481313769,4.23073526600943,77728.3873080788,-12137.4888292106,TRUE,FALSE,TRUE
15,196712,"p","2020-02-12 00:57:00",872.116666666667,TRUE,872.033333333333,0.0833333333340533,FALSE,TRUE,124.047059493435,0.413490198307878,1.48856471390836,4.12204798336806,77812.5284635436,-12229.2798897447,TRUE,FALSE,TRUE
15,196712,"o","2020-02-12 01:01:00",872.183333333333,TRUE,872.116666666667,0.0666666666660376,FALSE,TRUE,104.563426585779,0.435680944111524,1.56845139880148,4.01557971235388,77884.6704145427,-12305.5248536074,TRUE,FALSE,TRUE
15,196712,"p","2020-02-12 01:02:00",872.2,TRUE,872.183333333333,0.0166666666669926,FALSE,TRUE,224.620043122607,3.74366738530357,13.4772025870929,4.23991002230477,78075.7844226961,-12425.3759264177,TRUE,FALSE,TRUE
15,196712,"p","2020-02-12 01:07:00",872.283333333333,TRUE,872.2,0.0833333333329165,FALSE,TRUE,1142.87180786456,3.80957269290091,13.7144616944433,4.47083079966404,79048.3430733083,-13034.9168714462,TRUE,FALSE,TRUE
15,196712,"p","2020-02-12 01:12:00",872.366666666667,TRUE,872.283333333333,0.0833333333340533,FALSE,TRUE,348.684929560751,1.16228309852579,4.18421915469286,4.43772802727135,78707.991587144,-12951.9105244629,TRUE,FALSE,TRUE
15,196712,"o","2020-02-12 01:15:00",872.416666666667,TRUE,872.366666666667,0.0499999999999545,FALSE,TRUE,206.999299862712,1.14999611034944,4.139985997258,4.43594939198494,78506.3742007522,-12900.8898060528,TRUE,FALSE,TRUE
15,196712,"p","2020-02-12 01:17:00",872.45,TRUE,872.416666666667,0.0333333333330756,FALSE,TRUE,365.692735282015,3.04743946070702,10.9707820585453,4.62399543853387,78871.4100316469,-12942.8790016598,TRUE,FALSE,TRUE
15,196712,"p","2020-02-12 01:22:00",872.533333333333,TRUE,872.45,0.0833333333329165,FALSE,TRUE,931.554798942728,3.10518266315796,11.1786575873686,4.81781579248716,79801.2181567044,-13050.4722092739,TRUE,FALSE,TRUE
15,196712,"p","2020-02-12 01:27:00",872.616666666667,TRUE,872.533333333333,0.0833333333340533,FALSE,TRUE,931.555127973391,3.10518375988447,11.1786615355841,5.01163624318074,80731.0262817091,-13158.0654168675,TRUE,FALSE,TRUE
15,196712,"o","2020-02-12 01:28:00",872.633333333333,TRUE,872.616666666667,0.0166666666659694,FALSE,TRUE,180.3537959336,3.00589659901909,10.8212277564687,5.1955279647586,80911.1609475088,-13177.842926368,TRUE,FALSE,TRUE
15,196712,"p","2020-02-12 01:32:00",872.7,TRUE,872.633333333333,0.0666666666670608,FALSE,TRUE,204.850359847303,0.853543166025382,3.07275539769138,5.16418432991607,80796.3167761206,-13007.3353256493,TRUE,FALSE,TRUE
15,196712,"o","2020-02-12 01:33:00",872.716666666667,TRUE,872.7,0.0166666666669926,FALSE,TRUE,48.9656565414371,0.81609427567466,2.93793939242878,5.12909579282576,80768.5875077713,-12966.7665383701,TRUE,FALSE,TRUE
15,196712,"p","2020-02-12 01:37:00",872.783333333333,TRUE,872.716666666667,0.0666666666659239,FALSE,TRUE,307.077964772761,1.27949151990076,4.60616947164274,5.14034696684869,81007.2683858786,-13161.9574489139,TRUE,FALSE,TRUE
15,196712,"p","2020-02-12 01:42:00",872.866666666667,TRUE,872.783333333333,0.0833333333340533,FALSE,TRUE,388.163624750751,1.29387874915799,4.65796349696877,5.15283890238317,81308.6676264392,-13409.0628320048,TRUE,FALSE,TRUE
15,196712,"p","2020-02-12 01:47:00",872.95,TRUE,872.866666666667,0.0833333333330302,FALSE,TRUE,388.163573213386,1.29387857738266,4.65796287857758,5.12873073431918,81610.066867,-13656.1682151037,TRUE,FALSE,TRUE
15,196712,"p","2020-02-12 01:52:00",873.033333333333,TRUE,872.95,0.0833333333329165,FALSE,TRUE,388.163522058252,1.29387840686731,4.65796226472232,5.10765868159213,81911.4661075611,-13903.2735981958,TRUE,FALSE,TRUE
15,196712,"o","2020-02-12 01:56:00",873.1,TRUE,873.033333333333,0.0666666666670608,FALSE,TRUE,309.176492241803,1.28823538433323,4.63764738359964,5.1482570411666,82151.3856116766,-14100.2758671698,TRUE,FALSE,TRUE
15,196712,"p","2020-02-12 01:57:00",873.116666666667,TRUE,873.1,0.0166666666669926,FALSE,TRUE,29.9505688353635,0.499176147246297,1.79703413008667,5.10770555105566,82168.3599477887,-14125.0813336186,TRUE,FALSE,TRUE
15,196712,"p","2020-02-12 02:02:00",873.2,TRUE,873.116666666667,0.0833333333330302,FALSE,TRUE,143.609246217675,0.478697487393993,1.72331095461837,5.04131904993595,82247.2321867471,-14245.6984783596,TRUE,FALSE,TRUE
15,196712,"p","2020-02-12 02:07:00",873.283333333333,TRUE,873.2,0.0833333333329165,FALSE,TRUE,143.609231899519,0.478697439667459,1.72331078280285,4.98250126044904,82326.1044256949,-14366.3156230967,TRUE,FALSE,TRUE
15,196712,"p","2020-02-12 02:12:00",873.366666666667,TRUE,873.283333333333,0.0833333333340533,FALSE,TRUE,143.609217612607,0.478697392037888,1.7233106113364,4.57775292162902,82404.9766646427,-14486.9327678254,TRUE,FALSE,TRUE
15,196712,"p","2020-02-12 02:17:00",873.45,TRUE,873.366666666667,0.0833333333330302,FALSE,TRUE,143.609203342981,0.478697344478344,1.72331044012204,4.16786223104332,82483.8489035904,-14607.5499125619,TRUE,FALSE,TRUE
15,196712,"p","2020-02-12 02:22:00",873.533333333333,TRUE,873.45,0.0833333333329165,FALSE,TRUE,143.609189095092,0.478697296986034,1.72331026914972,3.77045946191486,82562.7211425382,-14728.1670572959,TRUE,FALSE,TRUE
15,196712,"p","2020-02-12 02:27:00",873.616666666667,TRUE,873.533333333333,0.0833333333340533,FALSE,TRUE,143.609174863311,0.478697249540234,1.72331009834484,3.80543674805934,82641.5933814861,-14848.7842020263,TRUE,FALSE,TRUE
15,196712,"p","2020-02-12 02:32:00",873.7,TRUE,873.616666666667,0.0833333333330302,FALSE,TRUE,143.609160653362,0.478697202179614,1.72330992784661,3.83942533846151,82720.4656204337,-14969.4013467694,TRUE,FALSE,TRUE
15,196712,"p","2020-02-12 02:37:00",873.783333333333,TRUE,873.7,0.0833333333329165,FALSE,TRUE,143.60914645951,0.478697154867427,1.72330975752274,3.87341392483612,82799.3378593817,-15090.018491492,TRUE,FALSE,TRUE
15,196712,"p","2020-02-12 02:42:00",873.866666666667,TRUE,873.783333333333,0.0833333333340533,FALSE,TRUE,143.609132290508,0.47869710763089,1.7233095874712,3.90740250719238,82878.2100983389,-15210.6356362351,TRUE,FALSE,TRUE
15,196712,"o","2020-02-12 02:43:00",873.883333333333,TRUE,873.866666666667,0.0166666666659694,FALSE,TRUE,29.3853987637366,0.489756646082767,1.76312392589796,3.94249704409686,82895.0741664154,-15234.8285230501,TRUE,FALSE,TRUE
15,196712,"p","2020-02-12 02:47:00",873.95,TRUE,873.883333333333,0.0666666666670608,FALSE,TRUE,246.724898163874,1.02802040901006,3.70087347243623,4.03127950263243,83118.7440058035,-15341.5579083163,TRUE,FALSE,TRUE
15,196712,"p","2020-02-12 02:52:00",874.033333333333,TRUE,873.95,0.0833333333329165,FALSE,TRUE,309.666818471161,1.03222272824237,3.71600182167253,4.0935786367101,83399.6933304096,-15475.0564622315,TRUE,FALSE,TRUE
15,196712,"p","2020-02-12 02:57:00",874.116666666667,TRUE,874.033333333333,0.0833333333340533,FALSE,TRUE,309.666817251769,1.03222272416365,3.71600180698912,4.15545187269651,83680.6426550155,-15608.5550161409,TRUE,FALSE,TRUE
15,196712,"p","2020-02-12 03:02:00",874.2,TRUE,874.116666666667,0.0833333333330302,FALSE,TRUE,309.666816230747,1.03222272077291,3.71600179478248,4.2173251111195,83961.5919796214,-15742.0535700696,TRUE,FALSE,TRUE
15,196712,"p","2020-02-12 03:07:00",874.283333333333,TRUE,874.2,0.0833333333329165,FALSE,TRUE,309.666815400522,1.0322227180069,3.71600178482486,4.27919835203835,84242.5413042275,-15875.5521239893,TRUE,FALSE,TRUE
15,196712,"o","2020-02-12 03:09:00",874.316666666667,TRUE,874.283333333333,0.0333333333339851,FALSE,TRUE,121.750442125194,1.01458701769011,3.65251326368439,4.33930802569559,84352.6584816963,-15928.7515072758,TRUE,FALSE,TRUE
15,196712,"p","2020-02-12 03:12:00",874.366666666667,TRUE,874.316666666667,0.0500000000000682,FALSE,TRUE,99.1788345068143,0.550993525037105,1.98357669013358,4.35305835285153,84271.7277030102,-15986.7916462818,TRUE,FALSE,TRUE
15,196712,"p","2020-02-12 03:17:00",874.45,TRUE,874.366666666667,0.0833333333330302,FALSE,TRUE,168.169879023414,0.560566263413419,2.01803854828831,4.36776595660571,84133.0721512429,-16083.1918141631,TRUE,FALSE,TRUE
15,196712,"p","2020-02-12 03:22:00",874.533333333333,TRUE,874.45,0.0833333333329165,FALSE,TRUE,168.169847548534,0.560566158497918,2.0180381705925,4.38247355262472,83994.4165994753,-16179.5919820483,TRUE,FALSE,TRUE
15,196712,"p","2020-02-12 03:27:00",874.616666666667,TRUE,874.533333333333,0.0833333333340533,FALSE,TRUE,168.169816105633,0.560566053680599,2.01803779325016,4.39496206358162,83855.7610477083,-16275.992149932,TRUE,FALSE,TRUE
15,196712,"p","2020-02-12 03:32:00",874.7,TRUE,874.616666666667,0.0833333333330302,FALSE,TRUE,168.169784695434,0.560565948986818,2.01803741635255,4.07665191994995,83717.1054959409,-16372.3923178182,TRUE,FALSE,TRUE
15,196712,"p","2020-02-12 03:37:00",874.783333333333,TRUE,874.7,0.0833333333329165,FALSE,TRUE,167.047560981576,0.556825203274707,2.00457073178894,3.75137717098733,83579.6598964405,-16468.5559149563,TRUE,FALSE,TRUE
15,196712,"p","2020-02-12 03:42:00",874.866666666667,TRUE,874.783333333333,0.0833333333340533,FALSE,TRUE,99.2170126919009,0.330723375636812,1.19060415229252,3.66822119869843,83664.1878151952,-16521.3190894094,TRUE,FALSE,TRUE
15,196712,"p","2020-02-12 03:47:00",874.95,TRUE,874.866666666667,0.0833333333330302,FALSE,TRUE,100.116422887762,0.333721409627088,1.20139707465752,3.5865937286262,83749.9256862164,-16573.845693135,TRUE,FALSE,TRUE
15,196712,"p","2020-02-12 03:52:00",875.033333333333,TRUE,874.95,0.0833333333329165,FALSE,TRUE,100.116421447455,0.33372140482652,1.20139705737547,3.31522192303815,83835.6635572377,-16626.3722968596,TRUE,FALSE,TRUE
15,196712,"p","2020-02-12 03:57:00",875.116666666667,TRUE,875.033333333333,0.0833333333340533,FALSE,TRUE,100.116420011619,0.333721400035847,1.20139704012905,3.03807579672593,83921.4014282591,-16678.8989005773,TRUE,FALSE,TRUE
15,196712,"p","2020-02-12 04:02:00",875.2,TRUE,875.116666666667,0.0833333333330302,FALSE,TRUE,100.116418585187,0.33372139528517,1.20139702302661,2.760929560266,84007.1392992808,-16731.425504285,TRUE,FALSE,TRUE
15,196712,"p","2020-02-12 04:07:00",875.283333333333,TRUE,875.2,0.0833333333329165,FALSE,TRUE,100.116417165543,0.33372139055348,1.20139700599253,2.49371203941944,84092.8771703023,-16783.9521080014,TRUE,FALSE,TRUE
15,196712,"p","2020-02-12 04:12:00",875.366666666667,TRUE,875.283333333333,0.0833333333340533,FALSE,TRUE,100.116415750004,0.333721385830462,1.20139698898966,2.44172986139995,84178.6150413237,-16836.4787117184,TRUE,FALSE,TRUE
15,196712,"p","2020-02-12 04:17:00",875.45,TRUE,875.366666666667,0.0833333333330302,FALSE,TRUE,100.116414341591,0.333721381139851,1.20139697210346,2.39349257194647,84264.3529123452,-16889.005315441,TRUE,FALSE,TRUE
15,196712,"o","2020-02-12 04:21:00",875.516666666667,TRUE,875.45,0.0666666666669471,FALSE,TRUE,78.5528552541704,0.327303563557667,1.1782928288076,2.29827377631216,84331.1643797796,-16930.9570493585,TRUE,FALSE,TRUE
15,196712,"p","2020-02-12 04:22:00",875.533333333333,TRUE,875.516666666667,0.0166666666659694,FALSE,TRUE,47.5015699136178,0.791692831926751,2.8500941949363,2.24805518458904,84284.1117154728,-16938.9522552864,TRUE,FALSE,TRUE
15,196712,"p","2020-02-12 04:27:00",875.616666666667,TRUE,875.533333333333,0.0833333333340533,FALSE,TRUE,246.182482439444,0.820608274791056,2.9541897892478,2.20072815432988,84039.9542471209,-16978.5805396369,TRUE,FALSE,TRUE
15,196712,"p","2020-02-12 04:32:00",875.7,TRUE,875.616666666667,0.0833333333330302,FALSE,TRUE,246.182438488102,0.82060812829666,2.95418926186798,2.15340112647281,83795.7967787759,-17018.2088239796,TRUE,FALSE,TRUE
15,196712,"o","2020-02-12 04:33:00",875.716666666667,TRUE,875.7,0.0166666666669926,FALSE,TRUE,46.4720916813895,0.774534861341346,2.78832550082884,2.10203107417362,83749.5541164515,-17024.6822308253,TRUE,FALSE,TRUE
15,196712,"p","2020-02-12 04:37:00",875.783333333333,TRUE,875.716666666667,0.0666666666659239,FALSE,TRUE,259.565147012059,1.08152144589563,3.89347720522427,2.16026560403856,83935.7316410007,-16842.3738273643,TRUE,FALSE,TRUE
15,196712,"p","2020-02-12 04:42:00",875.866666666667,TRUE,875.783333333333,0.0833333333340533,FALSE,TRUE,328.024530073742,1.09341510023636,3.9362943608509,2.22173736532279,84171.6895859025,-16612.6730104992,TRUE,FALSE,TRUE
15,196712,"o","2020-02-12 04:45:00",875.916666666667,TRUE,875.866666666667,0.0499999999999545,FALSE,TRUE,193.692816223916,1.07607120124496,3.87385632448185,2.28147474148054,84309.7135894438,-16475.7157263027,TRUE,FALSE,TRUE
15,196712,"o","2020-02-12 04:47:00",875.95,TRUE,875.916666666667,0.0333333333330756,FALSE,TRUE,167.767951596953,1.39806626331875,5.0330385479475,2.37341162860863,84143.490621114,-16447.7047829634,TRUE,FALSE,TRUE
15,196712,"p","2020-02-12 04:52:00",876.033333333333,TRUE,875.95,0.0833333333329165,FALSE,TRUE,561.709664133418,1.87236554712076,6.74051596963473,2.51277844887287,83582.1970223782,-16506.7964536139,TRUE,FALSE,TRUE
15,196712,"p","2020-02-12 04:57:00",876.116666666667,TRUE,876.033333333333,0.0833333333340533,FALSE,TRUE,562.527212161537,1.87509070718892,6.75032654588012,2.65241778989316,83020.1512695542,-16566.585879328,TRUE,FALSE,TRUE
15,196712,"p","2020-02-12 05:02:00",876.2,TRUE,876.116666666667,0.0833333333330302,FALSE,TRUE,562.527003409303,1.87509001137117,6.7503240409362,2.79205706607625,82458.1055167298,-16626.3753050349,TRUE,FALSE,TRUE
15,196712,"p","2020-02-12 05:07:00",876.283333333333,TRUE,876.2,0.0833333333329165,FALSE,TRUE,562.526795819592,1.87508931940802,6.75032154986887,2.93169627779909,81896.0597639052,-16686.164730742,TRUE,FALSE,TRUE
15,196712,"p","2020-02-12 05:12:00",876.366666666667,TRUE,876.283333333333,0.0833333333340533,FALSE,TRUE,562.526589363566,1.87508863119568,6.75031907230447,3.07133542543192,81334.0140111111,-16745.9541564519,TRUE,FALSE,TRUE
15,196712,"o","2020-02-12 05:13:00",876.383333333333,TRUE,876.366666666667,0.0166666666659694,FALSE,TRUE,109.346918413887,1.8224486403077,6.56081510510772,3.2057105786996,81224.9367087953,-16759.1217845167,TRUE,FALSE,TRUE
15,196712,"p","2020-02-12 05:17:00",876.45,TRUE,876.383333333333,0.0666666666670608,FALSE,TRUE,229.164249259605,0.954851038576042,3.43746373887375,3.25222001794893,81266.2983967175,-16985.2272631553,TRUE,FALSE,TRUE
15,196712,"p","2020-02-12 05:22:00",876.533333333333,TRUE,876.45,0.0833333333329165,FALSE,TRUE,288.707913687703,0.962359712297158,3.46449496426977,3.24565394827764,81322.1653169693,-17269.3712901273,TRUE,FALSE,TRUE
15,196712,"p","2020-02-12 05:27:00",876.616666666667,TRUE,876.533333333333,0.0833333333340533,FALSE,TRUE,288.70782750259,0.96235942500032,3.46449393000115,3.23866761795343,81378.0322372207,-17553.5153171038,TRUE,FALSE,TRUE
15,196712,"p","2020-02-12 05:32:00",876.7,TRUE,876.616666666667,0.0833333333330302,FALSE,TRUE,288.707741474004,0.962359138250182,3.46449289770066,3.23168125936209,81433.8991574725,-17837.6593440807,TRUE,FALSE,TRUE
15,196712,"p","2020-02-12 05:37:00",876.783333333333,TRUE,876.7,0.0833333333329165,FALSE,TRUE,288.707655598879,0.962358852001076,3.46449186720387,3.2246948724849,81489.7660777241,-18121.8033710519,TRUE,FALSE,TRUE
15,196712,"p","2020-02-12 05:42:00",876.866666666667,TRUE,876.783333333333,0.0833333333340533,FALSE,TRUE,288.707569876201,0.962358566245687,3.46449083848447,3.21770845730878,81545.6329979758,-18405.9473980218,TRUE,FALSE,TRUE
15,196712,"p","2020-02-12 05:47:00",876.95,TRUE,876.866666666667,0.0833333333330302,FALSE,TRUE,288.707484310045,0.962358281036983,3.46448981173314,3.21248558364347,81601.4999182276,-18690.0914249894,TRUE,FALSE,TRUE
15,196712,"p","2020-02-12 05:52:00",877.033333333333,TRUE,876.95,0.0833333333329165,FALSE,TRUE,288.707398896359,0.962357996326012,3.46448878677364,3.25362203077236,81657.3668384793,-18974.2354519623,TRUE,FALSE,TRUE
15,196712,"p","2020-02-12 05:57:00",877.116666666667,TRUE,877.033333333333,0.0833333333340533,FALSE,TRUE,288.707313639417,0.962357712123076,3.46448776364307,3.29380117564332,81713.2337587309,-19258.379478941,TRUE,FALSE,TRUE
15,196712,"o","2020-02-12 06:00:00",877.166666666667,TRUE,877.116666666667,0.0499999999999545,FALSE,TRUE,169.240674280341,0.940225968224971,3.3848134856099,3.33176715661603,81746.7345485687,-19424.7962388303,TRUE,FALSE,TRUE
15,196712,"p","2020-02-12 06:02:00",877.2,TRUE,877.166666666667,0.0333333333330756,FALSE,TRUE,184.804579932794,1.54003816611852,5.54413739802668,3.42971436785982,81767.6643328068,-19240.6259422551,TRUE,FALSE,TRUE
15,196712,"p","2020-02-12 06:07:00",877.283333333333,TRUE,877.2,0.0833333333329165,FALSE,TRUE,469.20781238716,1.56402604129836,5.63049374867409,3.53006037709098,81819.3237257021,-18772.8634548283,TRUE,FALSE,TRUE
15,196712,"p","2020-02-12 06:12:00",877.366666666667,TRUE,877.283333333333,0.0833333333340533,FALSE,TRUE,80.6950876014185,0.268983625335737,0.968341051208655,3.50127621929708,81757.8525274098,-18825.6392666565,TRUE,FALSE,TRUE
15,196712,"o","2020-02-12 06:17:00",877.45,TRUE,877.366666666667,0.0833333333330302,FALSE,TRUE,80.0953278599226,0.266984426200713,0.961143934322568,3.49490232435347,81699.9712304146,-18881.4529837081,TRUE,FALSE,TRUE
15,196712,"p","2020-02-12 06:22:00",877.533333333333,TRUE,877.45,0.0833333333329165,FALSE,TRUE,716.394842788627,2.38798280930737,8.59673811350653,3.7003284643215,82413.8109855653,-18974.0516348307,TRUE,FALSE,TRUE
15,196712,"o","2020-02-12 06:24:00",877.566666666667,TRUE,877.533333333333,0.0333333333339851,FALSE,TRUE,284.64513925528,2.37204282708095,8.53935417749141,3.90416060654694,82697.0420132399,-19013.7880114021,TRUE,FALSE,TRUE
15,196712,"o","2020-02-12 06:25:00",877.583333333333,TRUE,877.566666666667,0.0166666666660831,FALSE,TRUE,110.392491794406,1.83987486330452,6.62354950789627,4.05477595287381,82695.0289325433,-19124.4892637674,TRUE,FALSE,TRUE
15,196712,"p","2020-02-12 06:27:00",877.616666666667,TRUE,877.583333333333,0.0333333333339851,FALSE,TRUE,147.051271244953,1.22542726035065,4.41153813726233,4.14394653938036,82561.4225181086,-19187.4709681682,TRUE,FALSE,TRUE
15,196712,"p","2020-02-12 06:32:00",877.7,TRUE,877.616666666667,0.0833333333330302,FALSE,TRUE,369.090461598155,1.23030153866499,4.42908553919397,4.23360455419151,82223.1355890269,-19339.1775362386,TRUE,FALSE,TRUE
15,196712,"p","2020-02-12 06:37:00",877.783333333333,TRUE,877.7,0.0833333333329165,FALSE,TRUE,369.090331456617,1.23030110486154,4.42908397750156,4.32326252609461,81884.8486599449,-19490.8841043114,TRUE,FALSE,TRUE
15,196712,"p","2020-02-12 06:42:00",877.866666666667,TRUE,877.783333333333,0.0833333333340533,FALSE,TRUE,369.090201640134,1.23030067212315,4.42908241964333,4.41292045519294,81546.5617308637,-19642.5906723783,TRUE,FALSE,TRUE
15,196712,"p","2020-02-12 06:47:00",877.95,TRUE,877.866666666667,0.0833333333330302,FALSE,TRUE,369.090072152881,1.23030024051408,4.42908086585068,4.50322012288859,81208.2748017818,-19794.2972404408,TRUE,FALSE,TRUE
15,196712,"p","2020-02-12 06:52:00",878.033333333333,TRUE,877.95,0.0833333333329165,FALSE,TRUE,369.089942966314,1.23029980989387,4.42907931561792,4.5470808206853,80869.9878727285,-19946.0038085171,TRUE,FALSE,TRUE
15,196712,"o","2020-02-12 06:53:00",878.05,TRUE,878.033333333333,0.0166666666669926,FALSE,TRUE,70.7995049170427,1.1799917485943,4.2479702949395,4.58301916806562,80805.5501398409,-19976.0907967736,TRUE,FALSE,TRUE
15,196712,"p","2020-02-12 06:57:00",878.116666666667,TRUE,878.05,0.0666666666670608,FALSE,TRUE,219.422668017446,0.914261116733951,3.29134002024223,4.59238446690935,81009.3852073673,-20059.9773589445,TRUE,FALSE,TRUE
15,196712,"p","2020-02-12 07:02:00",878.2,TRUE,878.116666666667,0.0833333333330302,FALSE,TRUE,277.866396879937,0.926221322936493,3.33439676257137,4.60755311306887,81268.203607972,-20164.5176549561,TRUE,FALSE,TRUE
15,196712,"p","2020-02-12 07:07:00",878.283333333333,TRUE,878.2,0.0833333333329165,FALSE,TRUE,277.866401731504,0.926221339109647,3.33439682079473,4.59202310239027,81527.0220085767,-20269.0579509736,TRUE,FALSE,TRUE
15,196712,"p","2020-02-12 07:12:00",878.366666666667,TRUE,878.283333333333,0.0833333333340533,FALSE,TRUE,277.866406724341,0.9262213557398,3.33439688066328,4.57530372794061,81785.840409181,-20373.5982469829,TRUE,FALSE,TRUE
15,196712,"p","2020-02-12 07:17:00",878.45,TRUE,878.366666666667,0.0833333333330302,FALSE,TRUE,277.866411857028,0.926221372860128,3.33439694229646,4.56031874510213,82044.6588097856,-20478.1385429994,TRUE,FALSE,TRUE
15,196712,"p","2020-02-12 07:22:00",878.533333333333,TRUE,878.45,0.0833333333329165,FALSE,TRUE,277.866417128533,0.926221390433076,3.33439700555907,4.51313425781356,82303.4772103904,-20582.6788390082,TRUE,FALSE,TRUE
15,196712,"p","2020-02-12 07:27:00",878.616666666667,TRUE,878.533333333333,0.0833333333340533,FALSE,TRUE,277.866422541402,0.926221408463337,3.33439707046801,4.41851984394782,82562.2956109946,-20687.2191350264,TRUE,FALSE,TRUE
15,196712,"p","2020-02-12 07:32:00",878.7,TRUE,878.616666666667,0.0833333333330302,FALSE,TRUE,277.866428092863,0.926221426979581,3.33439713712649,4.32363291592688,82821.1140115994,-20791.7594310387,TRUE,FALSE,TRUE
15,196712,"p","2020-02-12 07:37:00",878.783333333333,TRUE,878.7,0.0833333333329165,FALSE,TRUE,277.866433753535,0.92622144584975,3.3343972050591,4.22874605937474,83079.9324121741,-20896.2997270413,TRUE,FALSE,TRUE
15,196712,"o","2020-02-12 07:38:00",878.8,TRUE,878.783333333333,0.0166666666669926,FALSE,TRUE,52.0570244360284,0.867617073916841,3.12342146610063,4.12799883482562,83128.2920346138,-20916.1997515311,TRUE,FALSE,TRUE
15,196712,"p","2020-02-12 07:42:00",878.866666666667,TRUE,878.8,0.0666666666670608,FALSE,TRUE,300.232550230375,1.25096895928583,4.503488253429,4.06558686763464,82833.7073118128,-20851.2828096007,TRUE,FALSE,TRUE
15,196712,"p","2020-02-12 07:47:00",878.95,TRUE,878.866666666667,0.0833333333330302,FALSE,TRUE,379.696713303239,1.2656557110154,4.55636055965544,4.00990757470541,82461.2213361723,-20768.876588783,TRUE,FALSE,TRUE
15,196712,"p","2020-02-12 07:52:00",879.033333333333,TRUE,878.95,0.0833333333329165,FALSE,TRUE,379.696673187463,1.26565557729788,4.55636007827235,4.04098802857759,82088.7353605451,-20686.470367966,TRUE,FALSE,TRUE
15,196712,"o","2020-02-12 07:53:00",879.05,TRUE,879.033333333333,0.0166666666669926,FALSE,TRUE,74.3992820349274,1.23998803389121,4.46395692200835,4.068750860737,82015.7258168858,-20670.4279886124,TRUE,FALSE,TRUE
15,196712,"p","2020-02-12 07:57:00",879.116666666667,TRUE,879.05,0.0666666666670608,FALSE,TRUE,78.3936961145915,0.326640400475533,1.17590544171192,4.00517895828452,81936.9650062108,-20669.1763876274,TRUE,FALSE,TRUE
15,196712,"o","2020-02-12 07:59:00",879.15,TRUE,879.116666666667,0.033333333332962,FALSE,TRUE,38.7219486276373,0.322682905233906,1.16165845884206,3.94121133498289,81898.0744720409,-20668.0052106625,TRUE,FALSE,TRUE
15,196712,"p","2020-02-12 08:02:00",879.2,TRUE,879.15,0.0500000000000682,FALSE,TRUE,120.380971971663,0.66878317761944,2.40761943942998,3.91185376754473,81812.1150527437,-20583.0572347484,TRUE,FALSE,TRUE
15,196712,"o","2020-02-12 08:03:00",879.216666666667,TRUE,879.2,0.0166666666669926,FALSE,TRUE,41.0153981201356,0.68358996865556,2.46092388716002,3.88397690778572,81782.7163303027,-20554.2268795106,TRUE,FALSE,TRUE
15,196712,"p","2020-02-12 08:07:00",879.283333333333,TRUE,879.216666666667,0.0666666666659239,FALSE,TRUE,260.351574511748,1.08479822714437,3.90527361771973,3.89622090239645,81570.3669520614,-20401.7126735046,TRUE,FALSE,TRUE
15,196712,"p","2020-02-12 08:12:00",879.366666666667,TRUE,879.283333333333,0.0833333333340533,FALSE,TRUE,326.295789809461,1.08765263268881,3.9155494776797,3.90875036603273,81304.1040653118,-20210.745632271,TRUE,FALSE,TRUE
15,196712,"p","2020-02-12 08:17:00",879.45,TRUE,879.366666666667,0.0833333333330302,FALSE,TRUE,326.295814848078,1.08765271616422,3.91554977819118,3.92127986643685,81037.8411785615,-20019.7785910456,TRUE,FALSE,TRUE
15,196712,"p","2020-02-12 08:22:00",879.533333333333,TRUE,879.45,0.0833333333329165,FALSE,TRUE,326.295840116364,1.08765280039332,3.91555008141595,3.93602254965368,80771.5782918116,-19828.81154981,TRUE,FALSE,TRUE
15,196712,"o","2020-02-12 08:27:00",879.616666666667,TRUE,879.533333333333,0.0833333333340533,FALSE,TRUE,326.488450816226,1.08829483604468,3.91786140976086,3.8908482166463,80504.8341521674,-19638.1828408889,TRUE,FALSE,TRUE
15,196712,"p","2020-02-12 08:32:00",879.7,TRUE,879.616666666667,0.0833333333330302,FALSE,TRUE,375.861517454137,1.25287172485168,4.51033820946605,3.85973278500163,80149.8010766209,-19509.6233687347,TRUE,FALSE,TRUE
15,196712,"p","2020-02-12 08:37:00",879.783333333333,TRUE,879.7,0.0833333333329165,FALSE,TRUE,376.197016762614,1.25399005588165,4.51436420117395,3.95823342805622,79794.2867481792,-19381.4022289018,TRUE,FALSE,TRUE
15,196712,"p","2020-02-12 08:42:00",879.866666666667,TRUE,879.783333333333,0.0833333333340533,FALSE,TRUE,376.197002682512,1.25399000893087,4.51436403215114,4.05693398632924,79438.7724197381,-19253.1810890728,TRUE,FALSE,TRUE
15,196712,"p","2020-02-12 08:47:00",879.95,TRUE,879.866666666667,0.0833333333330302,FALSE,TRUE,376.196988950911,1.25398996317426,4.51436386742735,3.94353470171593,79083.2580912965,-19124.9599492396,TRUE,FALSE,TRUE
15,196712,"p","2020-02-12 08:52:00",880.033333333333,TRUE,879.95,0.0833333333329165,FALSE,TRUE,376.196975565447,1.25398991855776,4.51436370680795,3.83172941086361,78727.743762855,-18996.7388094058,TRUE,FALSE,TRUE
15,196712,"p","2020-02-12 08:57:00",880.116666666667,TRUE,880.033333333333,0.0833333333340533,FALSE,TRUE,376.196962526709,1.25398987507819,4.5143635502815,3.77314091204098,78372.2294344138,-18868.5176695723,TRUE,FALSE,TRUE
15,196712,"p","2020-02-12 09:02:00",880.2,TRUE,880.116666666667,0.0833333333330302,FALSE,TRUE,376.196949836341,1.25398983279236,4.51436339805251,3.77599716928515,78016.7151059722,-18740.2965297441,TRUE,FALSE,TRUE
15,196712,"p","2020-02-12 09:07:00",880.283333333333,TRUE,880.2,0.0833333333329165,FALSE,TRUE,376.196937492233,1.25398979164705,4.51436324992938,3.77836599458335,77661.2007775308,-18612.0753899021,TRUE,FALSE,TRUE
15,196712,"p","2020-02-12 09:12:00",880.366666666667,TRUE,880.283333333333,0.0833333333340533,FALSE,TRUE,376.196925495352,1.25398975164034,4.51436310590522,3.78073485926123,77305.6864490897,-18483.8542500751,TRUE,FALSE,TRUE
15,196712,"p","2020-02-12 09:17:00",880.45,TRUE,880.366666666667,0.0833333333330302,FALSE,TRUE,376.196913867372,1.2539897128958,4.51436296642488,3.7831037633385,76950.172120638,-18355.6331102031,TRUE,FALSE,TRUE
15,196712,"o","2020-02-12 09:18:00",880.466666666667,TRUE,880.45,0.0166666666669926,FALSE,TRUE,77.6842606526745,1.29473767751926,4.66105563906933,3.78954750703902,76877.907482946,-18326.1747669103,TRUE,FALSE,TRUE
15,196712,"o","2020-02-12 09:20:00",880.5,TRUE,880.466666666667,0.033333333332962,FALSE,TRUE,393.701675853278,3.28084729881387,11.8110502757299,3.99460225593102,76653.086362155,-18001.2659795898,TRUE,FALSE,TRUE
15,196712,"p","2020-02-12 09:22:00",880.533333333333,TRUE,880.5,0.033333333332962,FALSE,TRUE,86.0707070244323,0.717255891878261,2.58212121076174,3.94832867025941,76600.7799784542,-18070.0116141906,TRUE,FALSE,TRUE
15,196712,"p","2020-02-12 09:27:00",880.616666666667,TRUE,880.533333333333,0.0833333333340533,FALSE,TRUE,222.870076452024,0.742900254833662,2.67444091740118,3.93119258406938,76476.0292008569,-18255.6417849457,TRUE,FALSE,TRUE
15,196712,"o","2020-02-12 09:32:00",880.7,TRUE,880.616666666667,0.0833333333330302,FALSE,TRUE,223.292460334203,0.744308201116719,2.67950952402019,3.91300127188741,76350.2014492201,-18441.0582705847,TRUE,FALSE,TRUE
15,196712,"p","2020-02-12 09:37:00",880.783333333333,TRUE,880.7,0.0833333333329165,FALSE,TRUE,353.337754749328,1.17779251583699,4.24005305701315,3.93815838956014,76026.7958897473,-18587.2728460626,TRUE,FALSE,TRUE
15,196712,"p","2020-02-12 09:42:00",880.866666666667,TRUE,880.783333333333,0.0833333333340533,FALSE,TRUE,354.22663779994,1.18075545932293,4.25071965356256,3.96361179991845,75702.3133562366,-18733.2737364135,TRUE,FALSE,TRUE
15,196712,"o","2020-02-12 09:43:00",880.883333333333,TRUE,880.866666666667,0.0166666666659694,FALSE,TRUE,70.4102304105943,1.17350384022567,4.2246138248124,3.98834004665501,75637.5348106714,-18761.665140585,TRUE,FALSE,TRUE
15,196712,"o","2020-02-12 09:45:00",880.916666666667,TRUE,880.883333333333,0.0333333333339851,FALSE,TRUE,117.165706145362,0.976380884525589,3.51497118429212,3.99335599606426,75519.826558665,-18759.4310222383,TRUE,FALSE,TRUE
15,196712,"p","2020-02-12 09:47:00",880.95,TRUE,880.916666666667,0.0333333333330756,FALSE,TRUE,169.194308203991,1.40995256837749,5.07582924615897,4.04172911205568,75651.4149824913,-18651.9889208307,TRUE,FALSE,TRUE
15,196712,"p","2020-02-12 09:52:00",881.033333333333,TRUE,880.95,0.0833333333329165,FALSE,TRUE,431.924713665674,1.43974904555945,5.18309656401401,4.09308187391366,75989.0161972876,-18379.7678633485,TRUE,FALSE,TRUE
15,196712,"p","2020-02-12 09:57:00",881.116666666667,TRUE,881.033333333333,0.0833333333340533,FALSE,TRUE,431.924919869602,1.43974973288623,5.18309903839044,4.14443470261731,76326.6174120839,-18107.5468058652,TRUE,FALSE,TRUE
15,196712,"p","2020-02-12 10:02:00",881.2,TRUE,881.116666666667,0.0833333333330302,FALSE,TRUE,431.925126593757,1.43975042198443,5.18310151914394,4.20164803742407,76664.2186268807,-17835.3257483736,TRUE,FALSE,TRUE
15,196712,"p","2020-02-12 10:07:00",881.283333333333,TRUE,881.2,0.0833333333329165,FALSE,TRUE,431.925333841591,1.4397511128125,5.18310400612502,4.22052625277674,77001.8198416774,-17563.1046908922,TRUE,FALSE,TRUE
15,196712,"o","2020-02-12 10:09:00",881.316666666667,TRUE,881.283333333333,0.0333333333339851,FALSE,TRUE,171.610725339368,1.43008937780011,5.14832176008038,4.23696961945521,77134.8127585291,-17453.5518307671,TRUE,FALSE,TRUE
15,196712,"p","2020-02-12 10:12:00",881.366666666667,TRUE,881.316666666667,0.0500000000000682,FALSE,TRUE,237.034502634033,1.31685834796505,4.74069005267419,4.24208989652192,77111.5801520334,-17216.9491514497,TRUE,FALSE,TRUE
15,196712,"p","2020-02-12 10:17:00",881.45,TRUE,881.366666666667,0.0833333333330302,FALSE,TRUE,396.501190188149,1.3216706339653,4.75801428227509,4.25025815652933,77069.4465260955,-16821.5039573653,TRUE,FALSE,TRUE
15,196712,"p","2020-02-12 10:22:00",881.533333333333,TRUE,881.45,0.0833333333329165,FALSE,TRUE,396.501363202484,1.32167121068156,4.7580163584536,4.34976123754994,77027.3129001575,-16426.0587632758,TRUE,FALSE,TRUE
15,196712,"p","2020-02-12 10:27:00",881.616666666667,TRUE,881.533333333333,0.0833333333340533,FALSE,TRUE,396.501536617359,1.32167178871311,4.7580184393672,4.44966012589786,76985.1792742193,-16030.6135691956,TRUE,FALSE,TRUE
15,196712,"p","2020-02-12 10:32:00",881.7,TRUE,881.616666666667,0.0833333333330302,FALSE,TRUE,396.501710434083,1.32167236811842,4.7580205252263,4.51494904494775,76943.0456482811,-15635.168375116,TRUE,FALSE,TRUE
15,196712,"p","2020-02-12 10:37:00",881.783333333333,TRUE,881.7,0.0833333333329165,FALSE,TRUE,396.501884651158,1.3216729488438,4.75802261583769,4.57875734296658,76900.9120223429,-15239.7231810334,TRUE,FALSE,TRUE
15,196712,"p","2020-02-12 10:42:00",881.866666666667,TRUE,881.783333333333,0.0833333333340533,FALSE,TRUE,396.502059262881,1.32167353086485,4.75802471111346,4.60244487333863,76858.778396405,-14844.2779869467,TRUE,FALSE,TRUE
15,196712,"p","2020-02-12 10:47:00",881.95,TRUE,881.866666666667,0.0833333333330302,FALSE,TRUE,396.502234276191,1.32167411425878,4.7580268113316,4.62584702149562,76816.6447704668,-14448.8327928669,TRUE,FALSE,TRUE
15,196712,"p","2020-02-12 10:52:00",882.033333333333,TRUE,881.95,0.0833333333329165,FALSE,TRUE,396.502409688164,1.32167469896716,4.75802891628177,4.64924921977592,76774.5111445284,-14053.3875987881,TRUE,FALSE,TRUE
15,196712,"o","2020-02-12 10:57:00",882.116666666667,TRUE,882.033333333333,0.0833333333340533,FALSE,TRUE,395.817694369081,1.31939231455221,4.74981233238794,4.67242317119181,76736.833137454,-13658.1848489706,TRUE,FALSE,TRUE
15,196712,"o","2020-02-12 11:00:00",882.166666666667,TRUE,882.116666666667,0.0499999999999545,FALSE,TRUE,505.64415429642,2.80913419053822,10.1128830859376,4.84450710664116,77199.5055233334,-13448.649696898,TRUE,FALSE,TRUE
15,196712,"p","2020-02-12 11:02:00",882.2,TRUE,882.166666666667,0.0333333333330756,FALSE,TRUE,93.7976744708303,0.781647287262962,2.81393023414666,4.79738466288229,77265.4064334632,-13381.397854084,TRUE,FALSE,TRUE
15,196712,"p","2020-02-12 11:07:00",882.283333333333,TRUE,882.2,0.0833333333329165,FALSE,TRUE,226.868253734721,0.756227512452853,2.72241904483027,4.74760840853941,77421.6944358717,-13215.7599980274,TRUE,FALSE,TRUE
15,196712,"o","2020-02-12 11:10:00",882.333333333333,TRUE,882.283333333333,0.0500000000000682,FALSE,TRUE,134.934030856174,0.7496335047555,2.6986806171198,4.69717275812187,77513.4954966801,-13116.1715480794,TRUE,FALSE,TRUE
15,196712,"p","2020-02-12 11:12:00",882.366666666667,TRUE,882.333333333333,0.0333333333339851,FALSE,TRUE,114.87659849819,0.957304987466194,3.4462979548783,4.66750426055106,77431.7136498247,-13034.8600936548,TRUE,FALSE,TRUE
15,196712,"p","2020-02-12 11:17:00",882.45,TRUE,882.366666666667,0.0833333333330302,FALSE,TRUE,291.045564109611,0.970151880368899,3.49254676932804,4.63912045673218,77222.3296810923,-12831.0671168493,TRUE,FALSE,TRUE
15,196712,"p","2020-02-12 11:22:00",882.533333333333,TRUE,882.45,0.0833333333329165,FALSE,TRUE,291.045603813126,0.970152012715272,3.49254724577498,4.61073667049588,77012.9457123599,-12627.2741400347,TRUE,FALSE,TRUE
15,196712,"o","2020-02-12 11:24:00",882.566666666667,TRUE,882.533333333333,0.0333333333339851,FALSE,TRUE,110.658334754928,0.922152789606372,3.31975004258294,4.57755296617729,76935.1406302719,-12547.9846901501,TRUE,FALSE,TRUE
15,196712,"o","2020-02-12 11:27:00",882.616666666667,TRUE,882.566666666667,0.0500000000000682,FALSE,TRUE,539.618907548725,2.99788281971105,10.7923781509598,4.75194226898369,77463.4880456211,-12669.6126548775,TRUE,FALSE,TRUE
15,196712,"p","2020-02-12 11:32:00",882.7,TRUE,882.616666666667,0.0833333333330302,FALSE,TRUE,537.158783093782,1.79052927698579,6.44590539714883,4.80559622151823,77990.8093079039,-12554.7270551957,TRUE,FALSE,TRUE
15,196712,"p","2020-02-12 11:37:00",882.783333333333,TRUE,882.7,0.0833333333329165,FALSE,TRUE,535.605215202907,1.78535071735195,6.42726258246703,4.85873232196385,78516.1437414904,-12438.0836339815,TRUE,FALSE,TRUE
15,196712,"p","2020-02-12 11:42:00",882.866666666667,TRUE,882.783333333333,0.0833333333340533,FALSE,TRUE,535.605432036309,1.7853514401056,6.42726518438017,4.90779369822248,79041.4781750763,-12321.4402127607,TRUE,FALSE,TRUE
15,196712,"p","2020-02-12 11:47:00",882.95,TRUE,882.866666666667,0.0833333333330302,FALSE,TRUE,535.605649874015,1.78535216625321,6.42726779851156,4.75824418496641,79566.8126086627,-12204.7967915463,TRUE,FALSE,TRUE
15,196712,"o","2020-02-12 11:49:00",882.983333333333,TRUE,882.95,0.033333333332962,FALSE,TRUE,210.332601460126,1.75277167885391,6.30997804387407,4.86179576366398,79772.9161083161,-12158.122283388,TRUE,FALSE,TRUE
15,196712,"p","2020-02-12 11:52:00",883.033333333333,TRUE,882.983333333333,0.0499999999999545,FALSE,TRUE,147.230992852924,0.817949960294766,2.94461985706116,4.86930073421009,79643.6829399545,-12086.2461732728,TRUE,FALSE,TRUE
15,196712,"p","2020-02-12 11:57:00",883.116666666667,TRUE,883.033333333333,0.0833333333340533,FALSE,TRUE,251.259238172774,0.837530793902011,3.01511085804724,4.87862299348862,79421.577203049,-11966.4240902776,TRUE,FALSE,TRUE
15,196712,"p","2020-02-12 12:02:00",883.2,TRUE,883.116666666667,0.0833333333330302,FALSE,TRUE,251.259245249777,0.837530817502304,3.01511094300829,4.84459682365515,79199.471466143,-11846.6020073068,TRUE,FALSE,TRUE
15,196712,"p","2020-02-12 12:07:00",883.283333333333,TRUE,883.2,0.0833333333329165,FALSE,TRUE,251.259252433127,0.837530841447946,3.01511102921261,4.81027436186765,78977.3657292373,-11726.7799243237,TRUE,FALSE,TRUE
15,196712,"p","2020-02-12 12:12:00",883.366666666667,TRUE,883.283333333333,0.0833333333340533,FALSE,TRUE,251.259259717627,0.837530865718186,3.01511111658547,4.7766770644169,78755.2599923317,-11606.9578413398,TRUE,FALSE,TRUE
15,196712,"p","2020-02-12 12:17:00",883.45,TRUE,883.366666666667,0.0833333333330302,FALSE,TRUE,251.259267106009,0.83753089035641,3.01511120528308,4.76279206499999,78533.154255426,-11487.1357583615,TRUE,FALSE,TRUE
15,196712,"p","2020-02-12 12:22:00",883.533333333333,TRUE,883.45,0.0833333333329165,FALSE,TRUE,251.259274597771,0.837530915330094,3.01511129518834,4.70554989969525,78311.0485185198,-11367.3136753886,TRUE,FALSE,TRUE
15,196712,"p","2020-02-12 12:27:00",883.616666666667,TRUE,883.533333333333,0.0833333333340533,FALSE,TRUE,251.259282191731,0.837530940631866,3.01511138627472,4.64532808920249,78088.9427816145,-11247.4915924017,TRUE,FALSE,TRUE
15,196712,"p","2020-02-12 12:32:00",883.7,TRUE,883.616666666667,0.0833333333330302,FALSE,TRUE,251.259289891799,0.837530966309045,3.01511147871256,4.58510621254477,77866.8370447086,-11127.669509414,TRUE,FALSE,TRUE
15,196712,"p","2020-02-12 12:37:00",883.783333333333,TRUE,883.7,0.0833333333329165,FALSE,TRUE,251.259297690952,0.837530992307363,3.01511157230651,4.52488426957706,77644.7313078026,-11007.8474264407,TRUE,FALSE,TRUE
15,196712,"p","2020-02-12 12:42:00",883.866666666667,TRUE,883.783333333333,0.0833333333340533,FALSE,TRUE,251.259305594845,0.837531018642245,3.01511166711208,4.46466226016004,77422.6255708972,-10888.0253434598,TRUE,FALSE,TRUE
15,196712,"o","2020-02-12 12:47:00",883.95,TRUE,883.866666666667,0.0833333333330302,FALSE,TRUE,248.90576647708,0.829685888259952,2.98686919773583,4.40462191120602,77202.6394765262,-10769.2533072533,TRUE,FALSE,TRUE
15,196712,"p","2020-02-12 12:52:00",884.033333333333,TRUE,883.95,0.0833333333329165,FALSE,TRUE,183.4942318492,0.611647439500394,2.20193078220142,4.33410082035956,77371.5154256001,-10843.1191004381,TRUE,FALSE,TRUE
15,196712,"p","2020-02-12 12:57:00",884.116666666667,TRUE,884.033333333333,0.0833333333340533,FALSE,TRUE,185.846575988367,0.619488586622538,2.23015891184114,4.26388261562528,77542.5110172091,-10918.0349404098,TRUE,FALSE,TRUE
15,196712,"p","2020-02-12 13:02:00",884.2,TRUE,884.116666666667,0.0833333333330302,FALSE,TRUE,185.84657530979,0.619488584368219,2.23015890372559,4.19366435299395,77713.5066088182,-10992.9507803807,TRUE,FALSE,TRUE
15,196712,"p","2020-02-12 13:07:00",884.283333333333,TRUE,884.2,0.0833333333329165,FALSE,TRUE,185.846574669014,0.619488582233144,2.23015889603932,4.12344603234595,77884.5022004277,-11067.8666203403,TRUE,FALSE,TRUE
15,196712,"p","2020-02-12 13:12:00",884.366666666667,TRUE,884.283333333333,0.0833333333340533,FALSE,TRUE,185.846574070171,0.619488580228552,2.23015888882279,4.05322765355696,78055.4977920369,-11142.7824603067,TRUE,FALSE,TRUE
15,196712,"p","2020-02-12 13:17:00",884.45,TRUE,884.366666666667,0.0833333333330302,FALSE,TRUE,185.846573517859,0.619488578395118,2.23015888222242,3.98300921651209,78226.4933836463,-11217.6983002663,TRUE,FALSE,TRUE
15,196712,"p","2020-02-12 13:22:00",884.533333333333,TRUE,884.45,0.0833333333329165,FALSE,TRUE,185.846573001735,0.61948857667555,2.23015887603198,3.91279072109316,78397.4889752556,-11292.61414023,TRUE,FALSE,TRUE
15,196712,"p","2020-02-12 13:27:00",884.616666666667,TRUE,884.533333333333,0.0833333333340533,FALSE,TRUE,185.846572531845,0.619488575100799,2.23015887036288,3.84257216717737,78568.4845668647,-11367.5299801995,TRUE,FALSE,TRUE
15,196712,"p","2020-02-12 13:32:00",884.7,TRUE,884.616666666667,0.0833333333330302,FALSE,TRUE,185.846572101792,0.619488573674894,2.23015886522962,3.77235355464814,78739.480158474,-11442.445820163,TRUE,FALSE,TRUE
15,196712,"p","2020-02-12 13:37:00",884.783333333333,TRUE,884.7,0.0833333333329165,FALSE,TRUE,185.846571713141,0.619488572380235,2.23015886056885,3.70236318043094,78910.4757500837,-11517.361660116,TRUE,FALSE,TRUE
15,196712,"p","2020-02-12 13:42:00",884.866666666667,TRUE,884.783333333333,0.0833333333340533,FALSE,TRUE,185.846571367851,0.619488571220819,2.23015885639495,3.4833986184992,79081.4713416924,-11592.2775000934,TRUE,FALSE,TRUE
15,196712,"p","2020-02-12 13:47:00",884.95,TRUE,884.866666666667,0.0833333333330302,FALSE,TRUE,185.846571063076,0.619488570212508,2.23015885276503,3.46718274679416,79252.4669333019,-11667.1933400557,TRUE,FALSE,TRUE
15,196712,"p","2020-02-12 13:52:00",885.033333333333,TRUE,884.95,0.0833333333329165,FALSE,TRUE,185.846570801342,0.619488569340906,2.23015884962726,3.45350885248296,79423.4625249111,-11742.1091800231,TRUE,FALSE,TRUE
15,196712,"p","2020-02-12 13:57:00",885.116666666667,TRUE,885.033333333333,0.0833333333340533,FALSE,TRUE,185.846570578054,0.619488568588161,2.23015884691738,3.44049435886623,79594.4581165203,-11817.0250199853,TRUE,FALSE,TRUE
15,196712,"p","2020-02-12 14:02:00",885.2,TRUE,885.116666666667,0.0833333333330302,FALSE,TRUE,185.846570401255,0.619488568006435,2.23015884482317,3.40671271692025,79765.4537081296,-11891.9408599491,TRUE,FALSE,TRUE
15,196712,"p","2020-02-12 14:07:00",885.283333333333,TRUE,885.2,0.0833333333329165,FALSE,TRUE,185.846570262951,0.619488567546268,2.23015884316657,3.37164638563799,79936.4492997389,-11966.856699915,TRUE,FALSE,TRUE
15,196712,"p","2020-02-12 14:12:00",885.366666666667,TRUE,885.283333333333,0.0833333333340533,FALSE,TRUE,185.846570168869,0.619488567224211,2.23015884200716,3.33658004108888,80107.4448913479,-12041.7725398823,TRUE,FALSE,TRUE
15,196712,"p","2020-02-12 14:17:00",885.45,TRUE,885.366666666667,0.0833333333330302,FALSE,TRUE,185.846570114564,0.619488567050801,2.23015884138289,3.30631361883333,80278.4404829572,-12116.68837985,TRUE,FALSE,TRUE
15,196712,"p","2020-02-12 14:22:00",885.533333333333,TRUE,885.45,0.0833333333329165,FALSE,TRUE,185.846570103275,0.619488567014014,2.23015884125045,3.06847419356362,80449.4360745666,-12191.6042198095,TRUE,FALSE,TRUE
15,196712,"p","2020-02-12 14:27:00",885.616666666667,TRUE,885.533333333333,0.0833333333340533,FALSE,TRUE,185.846570132747,0.619488567103805,2.2301588415737,2.95137012257542,80620.4316661759,-12266.5200597759,TRUE,FALSE,TRUE
15,196712,"p","2020-02-12 14:32:00",885.7,TRUE,885.616666666667,0.0833333333330302,FALSE,TRUE,185.846570205628,0.619488567354348,2.23015884247565,2.83478390757566,80791.4272577851,-12341.4358997374,TRUE,FALSE,TRUE
15,196712,"p","2020-02-12 14:37:00",885.783333333333,TRUE,885.7,0.0833333333329165,FALSE,TRUE,185.846570318583,0.619488567731708,2.23015884383415,2.71819762033827,80962.4228493945,-12416.3517397089,TRUE,FALSE,TRUE
15,196712,"p","2020-02-12 14:42:00",885.866666666667,TRUE,885.783333333333,0.0833333333340533,FALSE,TRUE,185.846570473592,0.619488568239953,2.23015884566383,2.60161126053695,81133.4184410035,-12491.2675796686,TRUE,FALSE,TRUE
15,196712,"p","2020-02-12 14:47:00",885.95,TRUE,885.866666666667,0.0833333333330302,FALSE,TRUE,185.846570672489,0.619488568910551,2.23015884807798,2.48828294954261,81304.4140326129,-12566.1834196287,TRUE,FALSE,TRUE
15,196712,"p","2020-02-12 14:52:00",886.033333333333,TRUE,885.95,0.0833333333329165,FALSE,TRUE,185.846570911669,0.619488569708663,2.23015885095119,2.468436810484,81475.4096242221,-12641.0992596035,TRUE,FALSE,TRUE
15,196712,"p","2020-02-12 14:57:00",886.116666666667,TRUE,886.033333333333,0.0833333333340533,FALSE,TRUE,185.846571192498,0.619488570636308,2.23015885429071,2.44663258815743,81646.405215831,-12716.0150995769,TRUE,FALSE,TRUE
15,196712,"p","2020-02-12 15:02:00",886.2,TRUE,886.116666666667,0.0833333333330302,FALSE,TRUE,185.846571514349,0.61948857171675,2.2301588581803,2.42482836357888,81817.4008074404,-12790.9309395353,TRUE,FALSE,TRUE
15,196712,"p","2020-02-12 15:07:00",886.283333333333,TRUE,886.2,0.0833333333329165,FALSE,TRUE,185.846571880235,0.619488572937215,2.23015886257398,2.4030241367278,81988.3963990498,-12865.8467795034,TRUE,FALSE,TRUE
15,196712,"p","2020-02-12 15:12:00",886.366666666667,TRUE,886.283333333333,0.0833333333340533,FALSE,TRUE,185.846572285962,0.619488574281187,2.23015886741227,2.3812199075841,82159.3919906591,-12940.7626194603,TRUE,FALSE,TRUE
15,196712,"p","2020-02-12 15:17:00",886.45,TRUE,886.366666666667,0.0833333333330302,FALSE,TRUE,185.846572734691,0.619488575784556,2.2301588728244,2.35941567612692,82330.3875822682,-13015.6784594259,TRUE,FALSE,TRUE
15,196712,"p","2020-02-12 15:22:00",886.533333333333,TRUE,886.45,0.0833333333329165,FALSE,TRUE,185.846573224713,0.619488577418809,2.23015887870771,2.33761144233579,82501.3831738778,-13090.5942993887,TRUE,FALSE,TRUE
15,196712,"p","2020-02-12 15:27:00",886.616666666667,TRUE,886.533333333333,0.0833333333340533,FALSE,TRUE,185.846573756211,0.619488579182019,2.23015888505527,2.3158072061908,82672.378765487,-13165.5101393492,TRUE,FALSE,TRUE
15,196712,"p","2020-02-12 15:32:00",886.7,TRUE,886.616666666667,0.0833333333330302,FALSE,TRUE,185.846574331044,0.619488581105734,2.23015889198064,2.29400296767047,82843.374357096,-13240.4259793244,TRUE,FALSE,TRUE
15,196712,"p","2020-02-12 15:37:00",886.783333333333,TRUE,886.7,0.0833333333329165,FALSE,TRUE,185.846574945732,0.61948858315554,2.23015889935995,2.27219872675529,83014.3699487054,-13315.3418192916,TRUE,FALSE,TRUE
15,196712,"p","2020-02-12 15:42:00",886.866666666667,TRUE,886.783333333333,0.0833333333340533,FALSE,TRUE,185.846575603679,0.619488585340245,2.23015890722488,2.25039448342509,83185.3655403145,-13390.2576592502,TRUE,FALSE,TRUE
15,196712,"p","2020-02-12 15:47:00",886.95,TRUE,886.866666666667,0.0833333333330302,FALSE,TRUE,185.846576302221,0.619488587676324,2.23015891563477,2.22937475336673,83356.361131924,-13465.1734992148,TRUE,FALSE,TRUE
15,196712,"p","2020-02-12 15:52:00",887.033333333333,TRUE,886.95,0.0833333333329165,FALSE,TRUE,185.846577044071,0.619488590150002,2.23015892454001,2.23015886843169,83527.3567235331,-13540.0893391856,TRUE,FALSE,TRUE
15,196712,"p","2020-02-12 15:57:00",887.116666666667,TRUE,887.033333333333,0.0833333333340533,FALSE,TRUE,185.846577825899,0.619488592747645,2.23015893389152,2.2301588690442,83698.3523151422,-13615.0051791436,TRUE,FALSE,TRUE
15,196712,"o","2020-02-12 16:02:00",887.2,TRUE,887.116666666667,0.0833333333330302,FALSE,TRUE,186.269061976683,0.620896873257868,2.23522874372833,2.23029969793316,83869.5570354852,-13690.498454042,TRUE,FALSE,TRUE
15,196712,"p","2020-02-12 16:07:00",887.283333333333,TRUE,887.2,0.0833333333329165,FALSE,TRUE,276.079970724966,0.920266569087822,3.31295964871616,2.26037749661863,84079.1277657632,-13871.9258786829,TRUE,FALSE,TRUE
15,196712,"p","2020-02-12 16:12:00",887.366666666667,TRUE,887.283333333333,0.0833333333340533,FALSE,TRUE,276.61454652575,0.922048488411199,3.31937455828032,2.2906334874369,84288.9076247752,-14053.9307382276,TRUE,FALSE,TRUE
15,196712,"p","2020-02-12 16:17:00",887.45,TRUE,887.366666666667,0.0833333333330302,FALSE,TRUE,276.614519021977,0.922048396743279,3.3193742282758,2.32088946927171,84498.6874837868,-14235.9355977994,TRUE,FALSE,TRUE
15,196712,"p","2020-02-12 16:22:00",887.533333333333,TRUE,887.45,0.0833333333329165,FALSE,TRUE,276.614491649982,0.922048305504554,3.31937389981639,2.35114544215461,84708.4673427987,-14417.9404573642,TRUE,FALSE,TRUE
15,196712,"p","2020-02-12 16:27:00",887.616666666667,TRUE,887.533333333333,0.0833333333340533,FALSE,TRUE,276.61446441893,0.9220482147218,3.31937357299848,2.38140140611671,84918.2472018105,-14599.9453169227,TRUE,FALSE,TRUE
15,196712,"p","2020-02-12 16:32:00",887.7,TRUE,887.616666666667,0.0833333333330302,FALSE,TRUE,276.614437322143,0.922048124410497,3.31937324787779,2.41165736119027,85128.0270608222,-14781.9501764916,TRUE,FALSE,TRUE
15,196712,"p","2020-02-12 16:37:00",887.783333333333,TRUE,887.7,0.0833333333329165,FALSE,TRUE,276.614410363835,0.922048034550728,3.31937292438262,2.44191330740732,85337.8069198342,-14963.9550360416,TRUE,FALSE,TRUE
15,196712,"p","2020-02-12 16:42:00",887.866666666667,TRUE,887.783333333333,0.0833333333340533,FALSE,TRUE,276.61438354261,0.922047945134065,3.31937260248263,2.47216924479865,85547.5867788457,-15145.9598956075,TRUE,FALSE,TRUE
15,196712,"p","2020-02-12 16:47:00",887.95,TRUE,887.866666666667,0.0833333333330302,FALSE,TRUE,276.614356858879,0.922047856199617,3.31937228231862,2.50242517339736,85757.3666378575,-15327.9647551683,TRUE,FALSE,TRUE
15,196712,"p","2020-02-12 16:52:00",888.033333333333,TRUE,887.95,0.0833333333329165,FALSE,TRUE,276.61433031172,0.922047767710347,3.31937196375725,2.5326810932343,85967.1464968696,-15509.9696147268,TRUE,FALSE,TRUE
15,196712,"p","2020-02-12 16:57:00",888.116666666667,TRUE,888.033333333333,0.0833333333340533,FALSE,TRUE,276.614303904157,0.922047679672557,3.3193716468212,2.56293700434274,86176.926355881,-15691.974474297,TRUE,FALSE,TRUE
15,196712,"p","2020-02-12 17:02:00",888.2,TRUE,888.116666666667,0.0833333333330302,FALSE,TRUE,276.614277628712,0.92204759209906,3.31937133155662,2.59319290675201,86386.706214893,-15873.9793338519,TRUE,FALSE,TRUE
15,196712,"p","2020-02-12 17:07:00",888.283333333333,TRUE,888.2,0.0833333333329165,FALSE,TRUE,276.614251493542,0.922047504983087,3.31937101793911,2.62344880049569,86596.4860739046,-16055.98419342,TRUE,FALSE,TRUE
15,196712,"p","2020-02-12 17:12:00",888.366666666667,TRUE,888.283333333333,0.0833333333340533,FALSE,TRUE,276.614225497253,0.92204741831621,3.31937070593836,2.65370468560489,86806.2659329161,-16237.9890529896,TRUE,FALSE,TRUE
15,196712,"p","2020-02-12 17:17:00",888.45,TRUE,888.366666666667,0.0833333333330302,FALSE,TRUE,276.614199634836,0.922047332119474,3.31937039563011,2.68396056211175,87016.0457919279,-16419.9939125475,TRUE,FALSE,TRUE
15,196712,"p","2020-02-12 17:22:00",888.533333333333,TRUE,888.45,0.0833333333329165,FALSE,TRUE,276.614173910031,0.922047246371382,3.31937008693698,2.71421643004749,87225.8256509398,-16601.9987721109,TRUE,FALSE,TRUE
15,196712,"p","2020-02-12 17:27:00",888.616666666667,TRUE,888.533333333333,0.0833333333340533,FALSE,TRUE,276.61414832434,0.922047161073166,3.3193697798634,2.74447228944443,87435.6055099516,-16784.0036316708,TRUE,FALSE,TRUE
15,196712,"p","2020-02-12 17:32:00",888.7,TRUE,888.616666666667,0.0833333333330302,FALSE,TRUE,276.614122883178,0.922047076280614,3.31936947461021,2.77472814033705,87645.385368966,-16966.0084912367,TRUE,FALSE,TRUE
15,196712,"o","2020-02-12 17:33:00",888.716666666667,TRUE,888.7,0.0166666666669926,FALSE,TRUE,56.3029160888982,0.938381934796621,3.37817496526784,2.80661747704354,87687.6215547087,-17003.5795268352,TRUE,FALSE,TRUE
15,196712,"p","2020-02-12 17:37:00",888.783333333333,TRUE,888.716666666667,0.0666666666659239,FALSE,TRUE,379.282037764822,1.5803418240377,5.68923056653571,2.90270280262332,87896.7392089942,-17321.6100146408,TRUE,FALSE,TRUE
15,196712,"p","2020-02-12 17:42:00",888.866666666667,TRUE,888.783333333333,0.0833333333340533,FALSE,TRUE,475.513071405623,1.58504357133838,5.70615685681818,2.9992583028661,88158.4865442795,-17720.610703999,TRUE,FALSE,TRUE
15,196712,"p","2020-02-12 17:47:00",888.95,TRUE,888.866666666667,0.0833333333330302,FALSE,TRUE,475.512923856975,1.58504307952901,5.70615508630445,3.09581375384814,88420.2338795654,-18119.6113933573,TRUE,FALSE,TRUE
15,196712,"p","2020-02-12 17:52:00",889.033333333333,TRUE,888.95,0.0833333333329165,FALSE,TRUE,475.512777001355,1.58504259001244,5.7061533240448,3.19236915578575,88681.9812148509,-18518.612082732,TRUE,FALSE,TRUE
15,196712,"p","2020-02-12 17:57:00",889.116666666667,TRUE,889.033333333333,0.0833333333340533,FALSE,TRUE,475.512630838536,1.58504210278143,5.70615157001314,3.28892450889222,88943.728550136,-18917.6127721,TRUE,FALSE,TRUE
15,196712,"p","2020-02-12 18:02:00",889.2,TRUE,889.116666666667,0.0833333333330302,FALSE,TRUE,475.512485365644,1.58504161789125,5.70614982440849,3.38547981338762,89205.4758854219,-19316.6134614585,TRUE,FALSE,TRUE
15,196712,"p","2020-02-12 18:07:00",889.283333333333,TRUE,889.2,0.0833333333329165,FALSE,TRUE,475.512340588592,1.58504113530324,5.70614808709165,3.48203506948983,89467.2232207074,-19715.6141508248,TRUE,FALSE,TRUE
15,196712,"p","2020-02-12 18:12:00",889.366666666667,TRUE,889.283333333333,0.0833333333340533,FALSE,TRUE,475.512196502709,1.58504065499533,5.7061463579832,3.57859027741091,89728.9705559928,-20114.6148401909,TRUE,FALSE,TRUE
15,196712,"p","2020-02-12 18:17:00",889.45,TRUE,889.366666666667,0.0833333333330302,FALSE,TRUE,475.512053112741,1.58504017704823,5.70614463737365,3.67514543737385,89990.7178912784,-20513.6155295591,TRUE,FALSE,TRUE
15,196712,"p","2020-02-12 18:22:00",889.533333333333,TRUE,889.45,0.0833333333329165,FALSE,TRUE,475.511910409996,1.58503970137458,5.7061429249485,3.7717005495931,90252.4652265642,-20912.6162189174,TRUE,FALSE,TRUE
15,196712,"o","2020-02-12 18:24:00",889.566666666667,TRUE,889.533333333333,0.0333333333339851,FALSE,TRUE,188.253705178186,1.5687808764542,5.64761115523514,3.86662977912795,90354.6482231809,-21071.512559704,TRUE,FALSE,TRUE
15,196712,"p","2020-02-12 18:27:00",889.616666666667,TRUE,889.566666666667,0.0500000000000682,FALSE,TRUE,200.932789883684,1.11629327713005,4.01865579766819,3.9163102485254,90234.2544963822,-21233.2873502644,TRUE,FALSE,TRUE
15,196712,"p","2020-02-12 18:32:00",889.7,TRUE,889.616666666667,0.0833333333330302,FALSE,TRUE,336.461801448778,1.12153933816667,4.03754161740003,3.96651532380805,90029.4050558878,-21501.7387762636,TRUE,FALSE,TRUE
15,196712,"p","2020-02-12 18:37:00",889.783333333333,TRUE,889.7,0.0833333333329165,FALSE,TRUE,336.461659771087,1.12153886590923,4.03753991727324,4.01672035163134,89824.5556153938,-21770.1902022579,TRUE,FALSE,TRUE
15,196712,"p","2020-02-12 18:42:00",889.866666666667,TRUE,889.783333333333,0.0833333333340533,FALSE,TRUE,336.461518338336,1.12153839445143,4.03753822002515,4.06692533206148,89619.7061748995,-22038.6416282607,TRUE,FALSE,TRUE
15,196712,"p","2020-02-12 18:47:00",889.95,TRUE,889.866666666667,0.0833333333330302,FALSE,TRUE,336.461377148442,1.12153792383222,4.037536525796,4.11713026516994,89414.8567344053,-22307.0930542585,TRUE,FALSE,TRUE
15,196712,"p","2020-02-12 18:52:00",890.033333333333,TRUE,889.95,0.0833333333329165,FALSE,TRUE,336.461236207871,1.12153745403185,4.03753483451465,4.16719432324733,89210.0072939108,-22575.5444802534,TRUE,FALSE,TRUE
15,196712,"p","2020-02-12 18:57:00",890.116666666667,TRUE,890.033333333333,0.0833333333340533,FALSE,TRUE,336.461095511817,1.1215369850297,4.03753314610692,4.18732136484152,89005.1578534169,-22843.9959062491,TRUE,FALSE,TRUE
15,196712,"p","2020-02-12 19:02:00",890.2,TRUE,890.116666666667,0.0833333333330302,FALSE,TRUE,336.460955060764,1.12153651687329,4.03753146074385,4.20727016768773,88800.3084129227,-23112.4473322442,TRUE,FALSE,TRUE
15,196712,"p","2020-02-12 19:07:00",890.283333333333,TRUE,890.2,0.0833333333329165,FALSE,TRUE,336.460814854586,1.1215360495209,4.03752977827523,4.22721893296549,88595.4589724283,-23380.8987582444,TRUE,FALSE,TRUE
15,196712,"p","2020-02-12 19:12:00",890.366666666667,TRUE,890.283333333333,0.0833333333340533,FALSE,TRUE,336.460674893706,1.12153558296933,4.03752809868959,4.24716766071197,88390.6095319342,-23649.3501842445,TRUE,FALSE,TRUE
15,196712,"o","2020-02-12 19:17:00",890.45,TRUE,890.366666666667,0.0833333333330302,FALSE,TRUE,334.333957663231,1.11444652554816,4.01200749197336,4.26640749179461,88187.2742652385,-23916.2715749909,TRUE,FALSE,TRUE
15,196712,"p","2020-02-12 19:22:00",890.533333333333,TRUE,890.45,0.0833333333329165,FALSE,TRUE,75.3556097823306,0.251185365942358,0.90426731739249,4.19932121594779,88261.72391172,-23902.4981673495,TRUE,FALSE,TRUE
15,196712,"p","2020-02-12 19:27:00",890.616666666667,TRUE,890.533333333333,0.0833333333340533,FALSE,TRUE,77.1250894717734,0.257083631570357,0.925501073653285,4.13282477564976,88337.6877320005,-23887.1947244547,TRUE,FALSE,TRUE
15,196712,"p","2020-02-12 19:32:00",890.7,TRUE,890.616666666667,0.0833333333330302,FALSE,TRUE,77.1250941310344,0.257083647104383,0.925501129575779,4.06632834584679,88413.6515522809,-23871.8912815662,TRUE,FALSE,TRUE
15,196712,"p","2020-02-12 19:37:00",890.783333333333,TRUE,890.7,0.0833333333329165,FALSE,TRUE,77.1250987922816,0.257083662642225,0.925501185512009,3.99983192649105,88489.6153725616,-23856.5878386631,TRUE,FALSE,TRUE
15,196712,"p","2020-02-12 19:42:00",890.866666666667,TRUE,890.783333333333,0.0833333333340533,FALSE,TRUE,77.1251034566248,0.257083678186528,0.925501241471501,3.93333551753867,88565.579192842,-23841.2843957686,TRUE,FALSE,TRUE
15,196712,"p","2020-02-12 19:47:00",890.95,TRUE,890.866666666667,0.0833333333330302,FALSE,TRUE,77.1251081231303,0.257083693744703,0.925501297480931,3.86683911894588,88641.5430131224,-23825.9809528791,TRUE,FALSE,TRUE
15,196712,"p","2020-02-12 19:52:00",891.033333333333,TRUE,890.95,0.0833333333329165,FALSE,TRUE,77.1251127947177,0.257083709317012,0.925501353541242,3.80034273066768,88717.5068334029,-23810.6775099833,TRUE,FALSE,TRUE
15,196712,"p","2020-02-12 19:57:00",891.116666666667,TRUE,891.033333333333,0.0833333333340533,FALSE,TRUE,77.1251174675312,0.257083724889549,0.925501409602378,3.73384635265832,88793.4706536835,-23795.3740670857,TRUE,FALSE,TRUE
15,196712,"p","2020-02-12 20:02:00",891.2,TRUE,891.116666666667,0.0833333333330302,FALSE,TRUE,77.1251221432488,0.257083740478431,0.925501465722353,3.66734998487454,88869.4344739638,-23780.0706242008,TRUE,FALSE,TRUE
15,196712,"p","2020-02-12 20:07:00",891.283333333333,TRUE,891.2,0.0833333333329165,FALSE,TRUE,77.1251268229809,0.257083756077889,0.925501521880401,3.60085362727039,88945.3982942443,-23764.7671813014,TRUE,FALSE,TRUE
15,196712,"p","2020-02-12 20:12:00",891.366666666667,TRUE,891.283333333333,0.0833333333340533,FALSE,TRUE,77.1251315059754,0.257083771684363,0.925501578063708,3.53435727980168,89021.3621145249,-23749.4637384106,TRUE,FALSE,TRUE
15,196712,"p","2020-02-12 20:17:00",891.45,TRUE,891.366666666667,0.0833333333330302,FALSE,TRUE,77.1251361905719,0.257083787302842,0.92550163429023,3.46786094242465,89097.3259348054,-23734.1602955122,TRUE,FALSE,TRUE
15,196712,"p","2020-02-12 20:22:00",891.533333333333,TRUE,891.45,0.0833333333329165,FALSE,TRUE,77.1251408790991,0.257083802931616,0.925501690553818,3.40136461508975,89173.2897550862,-23718.8568526176,TRUE,FALSE,TRUE
15,196712,"p","2020-02-12 20:27:00",891.616666666667,TRUE,891.533333333333,0.0833333333340533,FALSE,TRUE,77.1251455702836,0.257083818565391,0.925501746835407,3.33323480346663,89249.2535753664,-23703.5534097342,TRUE,FALSE,TRUE
15,196712,"p","2020-02-12 20:32:00",891.7,TRUE,891.616666666667,0.0833333333330302,FALSE,TRUE,77.1251502645912,0.257083834216239,0.925501803178461,3.20090900448448,89325.2173956471,-23688.2499668321,TRUE,FALSE,TRUE
15,196712,"p","2020-02-12 20:37:00",891.783333333333,TRUE,891.7,0.0833333333329165,FALSE,TRUE,77.1251549616561,0.257083849873473,0.925501859544502,3.06811303233799,89401.1812159275,-23672.9465239475,TRUE,FALSE,TRUE
15,196712,"p","2020-02-12 20:42:00",891.866666666667,TRUE,891.783333333333,0.0833333333340533,FALSE,TRUE,77.1251596624842,0.257083865539393,0.925501915941814,2.93531711093903,89477.1450362078,-23657.643081051,TRUE,FALSE,TRUE
15,196712,"p","2020-02-12 20:47:00",891.95,TRUE,891.866666666667,0.0833333333330302,FALSE,TRUE,77.1251643646162,0.257083881216322,0.925501972378761,2.80252124005942,89553.1088564885,-23642.3396381557,TRUE,FALSE,TRUE
15,196712,"p","2020-02-12 20:52:00",892.033333333333,TRUE,891.95,0.0833333333329165,FALSE,TRUE,77.1251690723704,0.257083896909187,0.925502028873074,2.66972541947219,89629.0726767692,-23627.0361952555,TRUE,FALSE,TRUE
15,196712,"p","2020-02-12 20:57:00",892.116666666667,TRUE,892.033333333333,0.0833333333340533,FALSE,TRUE,77.1251737805154,0.257083912599497,0.925502085358188,2.53692964894302,89705.0364970493,-23611.732752367,TRUE,FALSE,TRUE
15,196712,"p","2020-02-12 21:02:00",892.2,TRUE,892.116666666667,0.0833333333330302,FALSE,TRUE,77.1251784931922,0.257083928311576,0.925502141921674,2.40413392824385,89781.00031733,-23596.4293094701,TRUE,FALSE,TRUE
15,196712,"p","2020-02-12 21:07:00",892.283333333333,TRUE,892.2,0.0833333333329165,FALSE,TRUE,77.1251832085586,0.257083944029815,0.925502198507333,2.2713382571473,89856.9641376106,-23581.1258665766,TRUE,FALSE,TRUE
15,196712,"p","2020-02-12 21:12:00",892.366666666667,TRUE,892.283333333333,0.0833333333340533,FALSE,TRUE,77.125187926612,0.257083959753152,0.925502255111348,2.13854263541779,89932.9279578907,-23565.8224236854,TRUE,FALSE,TRUE
15,196712,"p","2020-02-12 21:17:00",892.45,TRUE,892.366666666667,0.0833333333330302,FALSE,TRUE,77.1251926479991,0.257083975494266,0.925502311779356,2.00574706282976,90008.8917781715,-23550.5189807956,TRUE,FALSE,TRUE
15,196712,"p","2020-02-12 21:22:00",892.533333333333,TRUE,892.45,0.0833333333329165,FALSE,TRUE,77.125197372145,0.257083991241769,0.925502368470369,1.87457737430852,90084.8555984521,-23535.2155378983,TRUE,FALSE,TRUE
15,196712,"p","2020-02-12 21:27:00",892.616666666667,TRUE,892.533333333333,0.0833333333340533,FALSE,TRUE,77.1252020993333,0.257084006995557,0.925502425184003,1.78865644729507,90160.8194187324,-23519.9120950016,TRUE,FALSE,TRUE
15,196712,"p","2020-02-12 21:32:00",892.7,TRUE,892.616666666667,0.0833333333330302,FALSE,TRUE,77.125206829666,0.257084022766489,0.925502481959359,1.70221091575505,90236.783239013,-23504.6086521085,TRUE,FALSE,TRUE
15,196712,"p","2020-02-12 21:37:00",892.783333333333,TRUE,892.7,0.0833333333329165,FALSE,TRUE,77.1252115632425,0.257084038545428,0.925502538763539,1.61576543301867,90312.7470592934,-23489.3052092206,TRUE,FALSE,TRUE
15,196712,"p","2020-02-12 21:42:00",892.866666666667,TRUE,892.783333333333,0.0833333333340533,FALSE,TRUE,77.1252162989731,0.257084054327689,0.925502595579681,1.52931999900629,90388.7108795741,-23474.0017663171,TRUE,FALSE,TRUE
15,196712,"p","2020-02-12 21:47:00",892.95,TRUE,892.866666666667,0.0833333333330302,FALSE,TRUE,77.1252210375543,0.257084070126116,0.925502652454019,1.44287461363568,90464.6746998545,-23458.6983234307,TRUE,FALSE,TRUE
15,196712,"p","2020-02-12 21:52:00",893.033333333333,TRUE,892.95,0.0833333333329165,FALSE,TRUE,77.1252257813421,0.257084085939093,0.925502709380735,1.35642927682641,90540.638520135,-23443.3948805323,TRUE,FALSE,TRUE
15,196712,"p","2020-02-12 21:57:00",893.116666666667,TRUE,893.033333333333,0.0833333333340533,FALSE,TRUE,77.1252305252285,0.257084101748541,0.925502766294746,1.26998398849829,90616.6023404155,-23428.0914376425,TRUE,FALSE,TRUE
15,196712,"p","2020-02-13 05:57:00",901.116666666667,TRUE,901.033333333333,0.0833333333340533,FALSE,TRUE,258.694411528449,0.862314705087381,3.10433293831457,1.2256570002206,96568.4338859945,-22568.5502582628,TRUE,FALSE,TRUE
15,196712,"p","2020-02-13 06:02:00",901.2,TRUE,901.116666666667,0.0833333333330302,FALSE,TRUE,258.694338948043,0.86231446316328,3.10433206738781,1.2861799363443,96339.6942514228,-22691.789846834,TRUE,FALSE,TRUE
15,196712,"o","2020-02-13 06:05:00",901.25,TRUE,901.2,0.0499999999999545,FALSE,TRUE,152.897392980506,0.849429961003582,3.05794785961289,1.34541442060783,96208.5492288213,-22771.6629644872,TRUE,FALSE,TRUE
15,196712,"p","2020-02-13 06:07:00",901.283333333333,TRUE,901.25,0.033333333332962,FALSE,TRUE,597.336240488599,4.97780200412712,17.9200872148576,1.81748610753779,96563.3761715448,-23254.8849352093,TRUE,FALSE,TRUE
15,196712,"o","2020-02-13 06:12:00",901.366666666667,TRUE,901.283333333333,0.0833333333340533,FALSE,TRUE,1505.70311447649,5.01901038154495,18.0684373735618,2.29367863056299,97459.3056296151,-24471.8292451378,TRUE,FALSE,TRUE
15,196712,"p","2020-02-13 06:17:00",901.45,TRUE,901.366666666667,0.0833333333330302,FALSE,TRUE,302.474067836175,1.00824689279092,3.62968881404731,2.36879480306523,97183.9035839224,-24600.1379549004,TRUE,FALSE,TRUE
15,196712,"p","2020-02-13 06:22:00",901.533333333333,TRUE,901.45,0.0833333333329165,FALSE,TRUE,305.835422269179,1.01945140756903,3.6700250672485,2.44503142539641,96902.1167441356,-24722.5126364881,TRUE,FALSE,TRUE
15,196712,"p","2020-02-13 06:27:00",901.616666666667,TRUE,901.533333333333,0.0833333333340533,FALSE,TRUE,305.835326942249,1.01945108979869,3.67002392327527,2.52126801430117,96620.3299043491,-24844.8873180755,TRUE,FALSE,TRUE
15,196712,"o","2020-02-13 06:29:00",901.65,TRUE,901.616666666667,0.033333333332962,FALSE,TRUE,121.564626285884,1.01303855239366,3.64693878861716,2.59686334781512,96509.0162709083,-24895.0872961283,TRUE,FALSE,TRUE
15,196712,"p","2020-02-13 06:32:00",901.7,TRUE,901.65,0.0500000000000682,FALSE,TRUE,211.150407409402,1.17305781893952,4.22300814818227,2.68846060633143,96494.4491387806,-25106.3660493569,TRUE,FALSE,TRUE
15,196712,"p","2020-02-13 06:37:00",901.783333333333,TRUE,901.7,0.0833333333329165,FALSE,TRUE,353.83857775413,1.179461925853,4.2460629330708,2.78069827388647,96472.5057560243,-25460.580813797,TRUE,FALSE,TRUE
15,196712,"p","2020-02-13 06:42:00",901.866666666667,TRUE,901.783333333333,0.0833333333340533,FALSE,TRUE,353.838434906081,1.17946144967675,4.24606121883629,2.87293589217068,96450.5623732684,-25814.7955782255,TRUE,FALSE,TRUE
15,196712,"p","2020-02-13 06:47:00",901.95,TRUE,901.866666666667,0.0833333333330302,FALSE,TRUE,353.838292350732,1.17946097450673,4.24605950822423,2.96517346128334,96428.6189905122,-26169.0103426532,TRUE,FALSE,TRUE
15,196712,"p","2020-02-13 06:52:00",902.033333333333,TRUE,901.95,0.0833333333329165,FALSE,TRUE,353.838150071129,1.179460500243,4.24605780087479,3.0574109813134,96406.675607756,-26523.2251070835,TRUE,FALSE,TRUE
15,196712,"p","2020-02-13 06:57:00",902.116666666667,TRUE,902.033333333333,0.0833333333340533,FALSE,TRUE,353.838008084222,1.17946002693722,4.24605609697397,3.14964845235707,96384.732225,-26877.4398715125,TRUE,FALSE,TRUE
15,196712,"p","2020-02-13 07:02:00",902.2,TRUE,902.116666666667,0.0833333333330302,FALSE,TRUE,353.837866371679,1.17945955457655,4.2460543964756,3.24188587450642,96362.7888422438,-27231.6546359431,TRUE,FALSE,TRUE
15,196712,"p","2020-02-13 07:07:00",902.283333333333,TRUE,902.2,0.0833333333329165,FALSE,TRUE,353.8377249476,1.17945908316457,4.24605269939244,3.33412324785611,96340.8454594876,-27585.8694003761,TRUE,FALSE,TRUE
15,196712,"p","2020-02-13 07:12:00",902.366666666667,TRUE,902.283333333333,0.0833333333340533,FALSE,TRUE,353.837583794619,1.17945861263854,4.24605100549875,3.42636057249386,96318.9020767437,-27940.0841647914,TRUE,FALSE,TRUE
15,196712,"o","2020-02-13 07:13:00",902.383333333333,TRUE,902.366666666667,0.0166666666659694,FALSE,TRUE,69.7155973465486,1.16192662249109,4.18293584096791,3.51684469645601,96315.8840385834,-28009.9425062329,TRUE,FALSE,TRUE
15,196712,"p","2020-02-13 07:17:00",902.45,TRUE,902.383333333333,0.0666666666670608,FALSE,TRUE,229.553016389829,0.956470901618635,3.44329524582709,3.58678324666938,96500.3136533917,-28148.2169118479,TRUE,FALSE,TRUE
15,196712,"p","2020-02-13 07:22:00",902.533333333333,TRUE,902.45,0.0833333333329165,FALSE,TRUE,287.574655295843,0.958582184324272,3.45089586356738,3.65693292349098,96732.5639698907,-28319.8291545617,TRUE,FALSE,TRUE
15,196712,"o","2020-02-13 07:23:00",902.55,TRUE,902.533333333333,0.0166666666669926,FALSE,TRUE,56.9884247626728,0.949807079359307,3.4193054856935,3.72620508815194,96777.2704126183,-28355.5467851875,TRUE,FALSE,TRUE
15,196712,"p","2020-02-13 07:27:00",902.616666666667,TRUE,902.55,0.0666666666670608,FALSE,TRUE,349.129655914457,1.45470689963497,5.23694483868589,3.84596723317615,96706.1217721983,-28698.4377871452,TRUE,FALSE,TRUE
15,196712,"p","2020-02-13 07:32:00",902.7,TRUE,902.616666666667,0.0833333333330302,FALSE,TRUE,438.558078463339,1.46186026154978,5.26269694157921,3.96644471272655,96615.0064459344,-29128.7955172166,TRUE,FALSE,TRUE
15,196712,"p","2020-02-13 07:37:00",902.783333333333,TRUE,902.7,0.0833333333329165,FALSE,TRUE,438.557850206315,1.46185950069503,5.26269420250211,4.0869221145245,96523.8911196703,-29559.1532472965,TRUE,FALSE,TRUE
15,196712,"o","2020-02-13 07:41:00",902.85,TRUE,902.783333333333,0.0666666666670608,FALSE,TRUE,348.972448776593,1.45405186989387,5.23458673161795,4.20661875157475,96453.0243795332,-29901.9419385124,TRUE,FALSE,TRUE
15,196712,"p","2020-02-13 07:42:00",902.866666666667,TRUE,902.85,0.0166666666669926,FALSE,TRUE,63.2657164502826,1.05442860748409,3.79594298694273,4.28635306071562,96507.9049657501,-29933.9670432959,TRUE,FALSE,TRUE
15,196712,"o","2020-02-13 07:45:00",902.916666666667,TRUE,902.866666666667,0.0499999999999545,FALSE,TRUE,191.591129193498,1.06439516218707,3.83182258387345,4.36708402365714,96677.7755992899,-30024.3880715448,TRUE,FALSE,TRUE
15,196712,"p","2020-02-13 07:47:00",902.95,TRUE,902.916666666667,0.0333333333330756,FALSE,TRUE,56.8008663190409,0.473340552662334,1.7040259895844,4.38870952397545,96729.5518514283,-30000.4192287373,TRUE,FALSE,TRUE
15,196712,"o","2020-02-13 07:49:00",902.983333333333,TRUE,902.95,0.033333333332962,FALSE,TRUE,55.1952097310807,0.459960081097464,1.65585629195087,4.40899697546614,96779.2319219865,-29975.8122570174,TRUE,FALSE,TRUE
15,196712,"p","2020-02-13 07:52:00",903.033333333333,TRUE,902.983333333333,0.0499999999999545,FALSE,TRUE,64.1837495728026,0.356576386515894,1.28367499145722,4.41894605582557,96717.9485309315,-29995.8643499306,TRUE,FALSE,TRUE
15,196712,"p","2020-02-13 07:57:00",903.116666666667,TRUE,903.033333333333,0.0833333333340533,FALSE,TRUE,109.21197668358,0.364039922275453,1.31054372019163,4.43061279008988,96613.7287226445,-30030.1573026143,TRUE,FALSE,TRUE
15,196712,"p","2020-02-13 08:02:00",903.2,TRUE,903.116666666667,0.0833333333330302,FALSE,TRUE,109.211965560785,0.364039885203941,1.31054358673419,4.3822790891684,96509.5089143574,-30064.4502552911,TRUE,FALSE,TRUE
15,196712,"p","2020-02-13 08:07:00",903.283333333333,TRUE,903.2,0.0833333333329165,FALSE,TRUE,109.211954449225,0.364039848165904,1.31054345339725,4.33245153066912,96405.2891060704,-30098.7432079556,TRUE,FALSE,TRUE
15,196712,"o","2020-02-13 08:11:00",903.35,TRUE,903.283333333333,0.0666666666670608,FALSE,TRUE,86.6155371401179,0.360898071415024,1.29923305709409,4.28230981880052,96323.1061676158,-30127.3342659959,TRUE,FALSE,TRUE
15,196712,"p","2020-02-13 08:12:00",903.366666666667,TRUE,903.35,0.0166666666669926,FALSE,TRUE,53.2629767416399,0.887716279009973,3.1957786044359,4.28484995195986,96345.3157950803,-30175.9394978343,TRUE,FALSE,TRUE
15,196712,"p","2020-02-13 08:17:00",903.45,TRUE,903.366666666667,0.0833333333330302,FALSE,TRUE,274.040902416451,0.913469674724826,3.28849082900937,4.2899654489236,96462.3284732157,-30424.7491364367,TRUE,FALSE,TRUE
15,196712,"p","2020-02-13 08:22:00",903.533333333333,TRUE,903.45,0.0833333333329165,FALSE,TRUE,274.040849422714,0.913469498080281,3.28849019308901,4.2950809524153,96579.3411513617,-30673.5587750552,TRUE,FALSE,TRUE
15,196712,"p","2020-02-13 08:27:00",903.616666666667,TRUE,903.533333333333,0.0833333333340533,FALSE,TRUE,274.040796548918,0.913469321821834,3.2884895585586,4.30148488849713,96696.3538295076,-30922.3684136713,TRUE,FALSE,TRUE
15,196712,"p","2020-02-13 08:32:00",903.7,TRUE,903.616666666667,0.0833333333330302,FALSE,TRUE,274.040743807753,0.913469146029165,3.288488925705,3.89505160268733,96813.3665076537,-31171.1780522852,TRUE,FALSE,TRUE
15,196712,"p","2020-02-13 08:37:00",903.783333333333,TRUE,903.7,0.0833333333329165,FALSE,TRUE,274.040691194285,0.913468970652187,3.28848829434787,3.48449746159806,96930.3791857998,-31419.9876908974,TRUE,FALSE,TRUE
15,196712,"p","2020-02-13 08:42:00",903.866666666667,TRUE,903.783333333333,0.0833333333340533,FALSE,TRUE,274.04063871757,0.91346879571734,3.28848766458242,3.4750196518907,97047.3918639457,-31668.7973295123,TRUE,FALSE,TRUE
15,196712,"p","2020-02-13 08:47:00",903.95,TRUE,903.866666666667,0.0833333333330302,FALSE,TRUE,274.04058637402,0.913468621250057,3.28848703650021,3.4644213732588,97164.4045420912,-31917.6069681315,TRUE,FALSE,TRUE
15,196712,"p","2020-02-13 08:52:00",904.033333333333,TRUE,903.95,0.0833333333329165,FALSE,TRUE,274.040534160384,0.913468447205849,3.28848640994106,3.45382310899952,97281.4172202375,-32166.416606744,TRUE,FALSE,TRUE
15,196712,"o","2020-02-13 08:54:00",904.066666666667,TRUE,904.033333333333,0.0333333333339851,FALSE,TRUE,111.639639134738,0.930330326104628,3.34918917397666,3.44555228637061,97327.2303888873,-32268.6267264155,TRUE,FALSE,TRUE
15,196712,"p","2020-02-13 08:57:00",904.116666666667,TRUE,904.066666666667,0.0500000000000682,FALSE,TRUE,445.892869162473,2.4771826064548,8.91785738323729,3.57596476512214,97288.0570708918,-32714.137222138,TRUE,FALSE,TRUE
15,196712,"o","2020-02-13 09:00:00",904.166666666667,TRUE,904.116666666667,0.0499999999999545,FALSE,TRUE,444.454212564853,2.46919006980698,8.88908425130514,3.70493757951754,97246.6749225388,-33157.9997096999,TRUE,FALSE,TRUE
15,196712,"p","2020-02-13 09:02:00",904.2,TRUE,904.166666666667,0.0333333333330756,FALSE,TRUE,116.729570298191,0.972746419159114,3.50188710897281,3.68426607646578,97130.8402083074,-33139.6043551194,TRUE,FALSE,TRUE
15,196712,"p","2020-02-13 09:07:00",904.283333333333,TRUE,904.2,0.0833333333329165,FALSE,TRUE,296.686424891747,0.988954749644104,3.56023709871877,3.66521545397951,96838.2111033575,-33082.7802876951,TRUE,FALSE,TRUE
15,196712,"p","2020-02-13 09:12:00",904.366666666667,TRUE,904.283333333333,0.0833333333340533,FALSE,TRUE,296.686388207202,0.988954627348795,3.56023665845566,3.64616486669009,96545.5819984083,-33025.9562202648,TRUE,FALSE,TRUE
15,196712,"p","2020-02-13 09:17:00",904.45,TRUE,904.366666666667,0.0833333333330302,FALSE,TRUE,296.686351694015,0.988954505650314,3.56023622034113,3.6271143145614,96252.9528934588,-32969.1321528334,TRUE,FALSE,TRUE
15,196712,"p","2020-02-13 09:22:00",904.533333333333,TRUE,904.45,0.0833333333329165,FALSE,TRUE,296.686315335137,0.988954384455404,3.56023578403946,3.60806379754929,95960.323788523,-32912.3080854107,TRUE,FALSE,TRUE
15,196712,"o","2020-02-13 09:23:00",904.55,TRUE,904.533333333333,0.0166666666669926,FALSE,TRUE,57.5486135341949,0.959143558884494,3.45291681198418,3.58603224512128,95903.3469004562,-32902.4544876543,TRUE,FALSE,TRUE
15,196712,"p","2020-02-13 09:27:00",904.616666666667,TRUE,904.55,0.0666666666670608,FALSE,TRUE,176.809576825344,0.736706570101243,2.65214365236447,3.54175704086755,95897.5023365441,-33079.695754333,TRUE,FALSE,TRUE
15,196712,"o","2020-02-13 09:28:00",904.633333333333,TRUE,904.616666666667,0.0166666666659694,FALSE,TRUE,45.4523142823206,0.757538571403703,2.72713885705333,3.50131823575881,95898.1814927907,-33125.2787282483,TRUE,FALSE,TRUE
15,196712,"p","2020-02-13 09:32:00",904.7,TRUE,904.633333333333,0.0666666666670608,FALSE,TRUE,399.789719277666,1.66579049698043,5.99684578912954,3.57225019529499,96152.226386091,-33435.9013970264,TRUE,FALSE,TRUE
15,196712,"p","2020-02-13 09:37:00",904.783333333333,TRUE,904.7,0.0833333333329165,FALSE,TRUE,501.981058511022,1.67327019504511,6.0237727021624,3.64371899636708,96471.9738327284,-33825.298299653,TRUE,FALSE,TRUE
15,196712,"p","2020-02-13 09:42:00",904.866666666667,TRUE,904.783333333333,0.0833333333340533,FALSE,TRUE,501.980953610907,1.67326984535523,6.02377144327884,3.71606527296667,96791.7212793651,-34214.6952022847,TRUE,FALSE,TRUE
15,196712,"o","2020-02-13 09:44:00",904.9,TRUE,904.866666666667,0.033333333332962,FALSE,TRUE,198.306437977617,1.65255364983189,5.94919313939479,3.73584994798636,96918.1457994789,-34368.436347673,TRUE,FALSE,TRUE
15,196712,"p","2020-02-13 09:47:00",904.95,TRUE,904.9,0.0500000000000682,FALSE,TRUE,31.1633863065022,0.173129923924776,0.623267726129195,3.60697691422386,96947.4000393589,-34379.5842318226,TRUE,FALSE,TRUE
15,196712,"p","2020-02-13 09:52:00",905.033333333333,TRUE,904.95,0.0833333333329165,FALSE,TRUE,48.5111252833632,0.161703750945353,0.58213350340327,3.47696133924889,96993.6996749233,-34394.8013459596,TRUE,FALSE,TRUE
15,196712,"p","2020-02-13 09:57:00",905.116666666667,TRUE,905.033333333333,0.0833333333340533,FALSE,TRUE,48.5111259229015,0.161703753074941,0.582133511069789,3.347726527567,97039.9993104873,-34410.0184601054,TRUE,FALSE,TRUE
15,196712,"p","2020-02-13 10:02:00",905.2,TRUE,905.116666666667,0.0833333333330302,FALSE,TRUE,48.5111265631854,0.161703755211206,0.582133518760343,3.25845404233971,97086.2989460519,-34425.2355742441,TRUE,FALSE,TRUE
15,196712,"p","2020-02-13 10:07:00",905.283333333333,TRUE,905.2,0.0833333333329165,FALSE,TRUE,48.5111272037894,0.161703757346774,0.582133526448385,3.16818490185568,97132.5985816161,-34440.4526883876,TRUE,FALSE,TRUE
15,196712,"p","2020-02-13 10:12:00",905.366666666667,TRUE,905.283333333333,0.0833333333340533,FALSE,TRUE,48.5111278451935,0.161703759482581,0.582133534137292,3.13702122253771,97178.8982171804,-34455.669802526,TRUE,FALSE,TRUE
15,196712,"p","2020-02-13 10:17:00",905.45,TRUE,905.366666666667,0.0833333333330302,FALSE,TRUE,48.5111284873981,0.161703761625249,0.582133541850895,3.10719559059048,97225.1978527448,-34470.8869166688,TRUE,FALSE,TRUE
15,196712,"p","2020-02-13 10:22:00",905.533333333333,TRUE,905.45,0.0833333333329165,FALSE,TRUE,48.5111291321457,0.161703763774628,0.58213354958866,3.08770832831636,97271.4974883088,-34486.1040308155,TRUE,FALSE,TRUE
15,196712,"p","2020-02-13 10:27:00",905.616666666667,TRUE,905.533333333333,0.0833333333340533,FALSE,TRUE,48.5111297741936,0.161703765912582,0.582133557285294,3.06747471268007,97317.7971238732,-34501.3211449518,TRUE,FALSE,TRUE
15,196712,"p","2020-02-13 10:32:00",905.7,TRUE,905.616666666667,0.0833333333330302,FALSE,TRUE,48.5111304195496,0.161703768065753,0.582133565036713,3.04724110096625,97364.0967594376,-34516.5382590923,TRUE,FALSE,TRUE
15,196712,"o","2020-02-13 10:36:00",905.766666666667,TRUE,905.7,0.0666666666669471,FALSE,TRUE,42.1073571530001,0.175447321470096,0.631610357292344,3.02838184829667,97404.5009900383,-34529.0714129208,TRUE,FALSE,TRUE
15,196712,"p","2020-02-13 10:37:00",905.783333333333,TRUE,905.766666666667,0.0166666666659694,FALSE,TRUE,131.040369644703,2.18400616083642,7.86242217901111,3.21069265723881,97535.1908454787,-34545.0882999772,TRUE,FALSE,TRUE
15,196712,"o","2020-02-13 10:41:00",905.85,TRUE,905.783333333333,0.0666666666670608,FALSE,TRUE,533.011818713771,2.22088257796092,7.9951772806593,3.34400928713391,98066.2424784856,-34614.4446046413,TRUE,FALSE,TRUE
15,196712,"p","2020-02-13 10:42:00",905.866666666667,TRUE,905.85,0.0166666666669926,FALSE,TRUE,163.437929276535,2.72396548788899,9.80627575640036,3.52505886845032,98013.8537087158,-34769.8051145842,TRUE,FALSE,TRUE
15,196712,"p","2020-02-13 10:47:00",905.95,TRUE,905.866666666667,0.0833333333330302,FALSE,TRUE,843.781211631716,2.81260403878262,10.1253745396174,3.71497232252056,97726.0804741147,-35565.8621959972,TRUE,FALSE,TRUE
15,196712,"p","2020-02-13 10:52:00",906.033333333333,TRUE,905.95,0.0833333333329165,FALSE,TRUE,843.780362642706,2.81260120882309,10.1253643517631,3.90488551122068,97438.3072394678,-36361.9192774428,TRUE,FALSE,TRUE
15,196712,"o","2020-02-13 10:57:00",906.116666666667,TRUE,906.033333333333,0.0833333333340533,FALSE,TRUE,840.324087475602,2.80108029156114,10.0838890496201,4.09364662577388,97151.4729696427,-37154.6300432366,TRUE,FALSE,TRUE
15,196712,"p","2020-02-13 11:02:00",906.2,TRUE,906.116666666667,0.0833333333330302,FALSE,TRUE,211.623360633099,0.705411202112896,2.53948032760643,4.07284084891995,97036.8978299098,-37333.437699662,TRUE,FALSE,TRUE
15,196712,"p","2020-02-13 11:07:00",906.283333333333,TRUE,906.2,0.0833333333329165,FALSE,TRUE,208.31163095162,0.694372103175539,2.49973957143194,4.05093117966577,96923.2616549984,-37508.8990404292,TRUE,FALSE,TRUE
15,196712,"p","2020-02-13 11:12:00",906.366666666667,TRUE,906.283333333333,0.0833333333340533,FALSE,TRUE,208.311578743956,0.694371929140519,2.49973894490587,4.02902151045482,96809.6254800871,-37684.3603811999,TRUE,FALSE,TRUE
15,196712,"o","2020-02-13 11:16:00",906.433333333333,TRUE,906.366666666667,0.0666666666660376,FALSE,TRUE,165.082047587124,0.687841864952839,2.47623071383022,4.00645885222951,96721.6688369889,-37824.7407276391,TRUE,FALSE,TRUE
15,196712,"p","2020-02-13 11:17:00",906.45,TRUE,906.433333333333,0.0166666666669926,FALSE,TRUE,90.6202782382615,1.51033797060816,5.43721669418937,4.06445961667987,96805.4937888284,-37860.2398826507,TRUE,FALSE,TRUE
15,196712,"p","2020-02-13 11:22:00",906.533333333333,TRUE,906.45,0.0833333333329165,FALSE,TRUE,466.681930790601,1.55560643597645,5.60018316951523,3.97230199963203,97239.3800320249,-38037.7920268169,TRUE,FALSE,TRUE
15,196712,"o","2020-02-13 11:26:00",906.6,TRUE,906.533333333333,0.0666666666670608,FALSE,TRUE,371.325652360433,1.54719021815932,5.56988478537357,3.88010201446727,97584.3760661183,-38179.6360748951,TRUE,FALSE,TRUE
15,196712,"p","2020-02-13 11:27:00",906.616666666667,TRUE,906.6,0.0166666666669926,FALSE,TRUE,30.1658608321116,0.502764347192028,1.8099516498913,3.83310380727056,97594.8938553692,-38208.0124379853,TRUE,FALSE,TRUE
15,196712,"p","2020-02-13 11:32:00",906.7,TRUE,906.616666666667,0.0833333333330302,FALSE,TRUE,146.566359336376,0.488554531123032,1.75879631204291,3.78306378541845,97636.9179993141,-38348.9059170851,TRUE,FALSE,TRUE
15,196712,"p","2020-02-13 11:37:00",906.783333333333,TRUE,906.7,0.0833333333329165,FALSE,TRUE,146.566342157537,0.488554473860899,1.75879610589924,3.73302377006966,97678.9421432403,-38489.7993961867,TRUE,FALSE,TRUE
15,196712,"p","2020-02-13 11:42:00",906.866666666667,TRUE,906.783333333333,0.0833333333340533,FALSE,TRUE,146.566324995781,0.488554416648382,1.75879589993418,3.68298376116947,97720.9662871664,-38630.6928752879,TRUE,FALSE,TRUE
15,196712,"p","2020-02-13 11:47:00",906.95,TRUE,906.866666666667,0.0833333333330302,FALSE,TRUE,146.566307861613,0.488554359540486,1.75879569434575,3.63294375867798,97762.9904310926,-38771.5863543865,TRUE,FALSE,TRUE
15,196712,"p","2020-02-13 11:52:00",907.033333333333,TRUE,906.95,0.0833333333329165,FALSE,TRUE,146.566290746847,0.488554302491932,1.75879548897096,3.58588483303872,97805.0145750188,-38912.4798334858,TRUE,FALSE,TRUE
15,196712,"p","2020-02-13 11:57:00",907.116666666667,TRUE,907.033333333333,0.0833333333340533,FALSE,TRUE,146.566273650188,0.488554245496406,1.75879528378706,3.56106960057824,97847.0387189446,-39053.373312596,TRUE,FALSE,TRUE
15,196712,"p","2020-02-13 12:02:00",907.2,TRUE,907.116666666667,0.0833333333330302,FALSE,TRUE,146.566256573088,0.488554188578737,1.75879507888345,3.53417116229574,97889.0628628707,-39194.2667916982,TRUE,FALSE,TRUE
15,196712,"p","2020-02-13 12:07:00",907.283333333333,TRUE,907.2,0.0833333333329165,FALSE,TRUE,146.566239515423,0.488554131720521,1.75879487419388,3.41644752576975,97931.087006797,-39335.1602707967,TRUE,FALSE,TRUE
15,196712,"p","2020-02-13 12:12:00",907.366666666667,TRUE,907.283333333333,0.0833333333340533,FALSE,TRUE,146.566222483904,0.488554074942126,1.75879466979165,3.29797591375945,97973.1111507227,-39476.0537499053,TRUE,FALSE,TRUE
15,196712,"o","2020-02-13 12:17:00",907.45,TRUE,907.366666666667,0.0833333333330302,FALSE,TRUE,146.509554928703,0.488365183097453,1.75811465915083,3.17948544753367,98015.5904707728,-39616.7518201953,TRUE,FALSE,TRUE
15,196712,"p","2020-02-13 12:22:00",907.533333333333,TRUE,907.45,0.0833333333329165,FALSE,TRUE,163.241305566834,0.544137685225502,1.95889566681181,3.06864385107303,98141.5747755695,-39721.6008890004,TRUE,FALSE,TRUE
15,196712,"p","2020-02-13 12:27:00",907.616666666667,TRUE,907.533333333333,0.0833333333340533,FALSE,TRUE,163.46505966166,0.544883532200824,1.96158071592297,3.10581921190064,98268.0142564894,-39826.2545490078,TRUE,FALSE,TRUE
15,196712,"p","2020-02-13 12:32:00",907.7,TRUE,907.616666666667,0.0833333333330302,FALSE,TRUE,163.465055516527,0.544883518390405,1.96158066620546,3.14413718864514,98394.4537374101,-39930.9082090081,TRUE,FALSE,TRUE
15,196712,"p","2020-02-13 12:37:00",907.783333333333,TRUE,907.7,0.0833333333329165,FALSE,TRUE,163.465051403525,0.544883504681142,1.96158061685211,3.18245516380576,98520.8932183303,-40035.5618690089,TRUE,FALSE,TRUE
15,196712,"p","2020-02-13 12:42:00",907.866666666667,TRUE,907.783333333333,0.0833333333340533,FALSE,TRUE,163.465047314529,0.544883491043721,1.96158056775739,3.22077313738902,98647.3326992506,-40140.2155290163,TRUE,FALSE,TRUE
15,196712,"p","2020-02-13 12:47:00",907.95,TRUE,907.866666666667,0.0833333333330302,FALSE,TRUE,163.465043256427,0.544883477523406,1.96158051908426,3.25909110940668,98773.7721801708,-40244.8691890176,TRUE,FALSE,TRUE
15,196712,"p","2020-02-13 12:52:00",908.033333333333,TRUE,907.95,0.0833333333329165,FALSE,TRUE,163.465039226489,0.544883464091024,1.96158047072769,3.29740907986752,98900.2116610911,-40349.5228490241,TRUE,FALSE,TRUE
15,196712,"p","2020-02-13 12:57:00",908.116666666667,TRUE,908.033333333333,0.0833333333340533,FALSE,TRUE,163.465035224172,0.544883450742531,1.96158042267311,3.33572704877925,99026.6511420115,-40454.1765090237,TRUE,FALSE,TRUE
15,196712,"p","2020-02-13 13:02:00",908.2,TRUE,908.116666666667,0.0833333333330302,FALSE,TRUE,163.465031250677,0.544883437504239,1.96158037501526,3.37404501615221,99153.0906229319,-40558.8301690247,TRUE,FALSE,TRUE
15,196712,"p","2020-02-13 13:07:00",908.283333333333,TRUE,908.2,0.0833333333329165,FALSE,TRUE,163.46502730517,0.544883424353294,1.96158032767186,3.41236298199628,99279.5301038524,-40663.4838290263,TRUE,FALSE,TRUE
15,196712,"p","2020-02-13 13:12:00",908.366666666667,TRUE,908.283333333333,0.0833333333340533,FALSE,TRUE,163.465023394534,0.544883411310405,1.96158028071746,3.45068094632075,99405.9695847795,-40768.1374890362,TRUE,FALSE,TRUE
15,196712,"o","2020-02-13 13:13:00",908.383333333333,TRUE,908.366666666667,0.0166666666659694,FALSE,TRUE,33.3378144976192,0.555630241650232,2.00026886994083,3.48869923833876,99432.0749931933,-40789.0913964879,TRUE,FALSE,TRUE
15,196712,"p","2020-02-13 13:17:00",908.45,TRUE,908.383333333333,0.0666666666670608,FALSE,TRUE,237.054808671994,0.987728369460805,3.5558221300589,3.3690714592012,99653.6993836619,-40876.2295787586,TRUE,FALSE,TRUE
15,196712,"p","2020-02-13 13:22:00",908.533333333333,TRUE,908.45,0.0833333333329165,FALSE,TRUE,297.275548234654,0.990918494120469,3.56730657883369,3.24607505081716,99931.7517620437,-40985.1812759138,TRUE,FALSE,TRUE
15,196712,"p","2020-02-13 13:27:00",908.616666666667,TRUE,908.533333333333,0.0833333333340533,FALSE,TRUE,297.275569245728,0.990918564143865,3.56730683091792,3.07277035844264,100209.804140425,-41094.1329730646,TRUE,FALSE,TRUE
15,196712,"p","2020-02-13 13:32:00",908.7,TRUE,908.616666666667,0.0833333333330302,FALSE,TRUE,297.275590429961,0.990918634770143,3.56730708517252,2.8906018180414,100487.856518808,-41203.0846702191,TRUE,FALSE,TRUE
15,196712,"p","2020-02-13 13:37:00",908.783333333333,TRUE,908.7,0.0833333333329165,FALSE,TRUE,297.27561178541,0.990918705956323,3.56730734144276,2.70843356775472,100765.90889719,-41312.036367372,TRUE,FALSE,TRUE
15,196712,"p","2020-02-13 13:42:00",908.866666666667,TRUE,908.783333333333,0.0833333333340533,FALSE,TRUE,297.275633307135,0.990918777681889,3.5673075996548,2.5274174163668,101043.961275571,-41420.9880645255,TRUE,FALSE,TRUE
15,196712,"p","2020-02-13 13:47:00",908.95,TRUE,908.866666666667,0.0833333333330302,FALSE,TRUE,297.275655006607,0.99091885002563,3.56730786009227,2.55596818115807,101322.013653953,-41529.9397616832,TRUE,FALSE,TRUE
15,196712,"p","2020-02-13 13:52:00",909.033333333333,TRUE,908.95,0.0833333333329165,FALSE,TRUE,297.275676875554,0.990918922923471,3.56730812252449,2.58562286313286,101600.066032335,-41638.8914588346,TRUE,FALSE,TRUE
15,196712,"p","2020-02-13 13:57:00",909.116666666667,TRUE,909.033333333333,0.0833333333340533,FALSE,TRUE,297.275698912995,0.990918996368089,3.56730838692512,2.61527756985562,101878.118410717,-41747.8431559861,TRUE,FALSE,TRUE
15,196712,"p","2020-02-13 14:02:00",909.2,TRUE,909.116666666667,0.0833333333330302,FALSE,TRUE,297.275721124889,0.990919070419901,3.56730865351164,2.64558529040232,102156.170789098,-41856.7948531409,TRUE,FALSE,TRUE
15,196712,"p","2020-02-13 14:07:00",909.283333333333,TRUE,909.2,0.0833333333329165,FALSE,TRUE,297.27574350728,0.990919145029224,3.5673089221052,2.59364340784443,102434.22316748,-41965.7465503,TRUE,FALSE,TRUE
15,196712,"p","2020-02-13 14:12:00",909.366666666667,TRUE,909.283333333333,0.0833333333340533,FALSE,TRUE,297.275766060126,0.990919220191857,3.56730919269069,2.53717468626597,102712.275545862,-42074.6982474472,TRUE,FALSE,TRUE
15,196712,"p","2020-02-13 14:17:00",909.45,TRUE,909.366666666667,0.0833333333330302,FALSE,TRUE,297.275788785338,0.990919295954732,3.56730946543704,2.48154759404551,102990.327924245,-42183.6499445995,TRUE,FALSE,TRUE
15,196712,"p","2020-02-13 14:22:00",909.533333333333,TRUE,909.45,0.0833333333329165,FALSE,TRUE,297.275811681869,0.990919372277854,3.56730974020027,2.53036309655409,103268.380302626,-42292.6016417549,TRUE,FALSE,TRUE
15,196712,"p","2020-02-13 14:27:00",909.616666666667,TRUE,909.533333333333,0.0833333333340533,FALSE,TRUE,297.275834746999,0.9909194491481,3.56731001693316,2.5805995883566,103546.432681007,-42401.5533389074,TRUE,FALSE,TRUE
15,196712,"p","2020-02-13 14:32:00",909.7,TRUE,909.616666666667,0.0833333333330302,FALSE,TRUE,297.275857986964,0.990919526626817,3.56731029585654,2.63083609363319,103824.485059389,-42510.5050360632,TRUE,FALSE,TRUE
15,196712,"p","2020-02-13 14:37:00",909.783333333333,TRUE,909.7,0.0833333333329165,FALSE,TRUE,297.275881397836,0.99091960466441,3.56731057679188,2.6810726124348,104102.537437771,-42619.4567332211,TRUE,FALSE,TRUE
15,196712,"p","2020-02-13 14:42:00",909.866666666667,TRUE,909.783333333333,0.0833333333340533,FALSE,TRUE,297.275904979038,0.990919683254899,3.56731085971764,2.73130914480624,104380.589816153,-42728.4084303807,TRUE,FALSE,TRUE
15,196712,"p","2020-02-13 14:47:00",909.95,TRUE,909.866666666667,0.0833333333330302,FALSE,TRUE,297.275928730691,0.990919762439242,3.56731114478127,2.78154569080097,104658.642194535,-42837.3601275253,TRUE,FALSE,TRUE
15,196712,"p","2020-02-13 14:52:00",910.033333333333,TRUE,909.95,0.0833333333329165,FALSE,TRUE,297.275952654849,0.990919842187786,3.56731143187603,2.83178225047011,104936.694572917,-42946.3118246805,TRUE,FALSE,TRUE
15,196712,"p","2020-02-13 14:57:00",910.116666666667,TRUE,910.033333333333,0.0833333333340533,FALSE,TRUE,297.275976750934,0.990919922494551,3.56731172098038,2.88201882386169,105214.746951299,-43055.2635218328,TRUE,FALSE,TRUE
15,196712,"p","2020-02-13 15:02:00",910.2,TRUE,910.116666666667,0.0833333333330302,FALSE,TRUE,297.276001017193,0.990920003394248,3.56731201221929,2.93225541102906,105492.799329681,-43164.2152189895,TRUE,FALSE,TRUE
15,196712,"p","2020-02-13 15:07:00",910.283333333333,TRUE,910.2,0.0833333333329165,FALSE,TRUE,297.2760254548,0.99092008485429,3.56731230547544,2.98249201202028,105770.851708063,-43273.1669161424,TRUE,FALSE,TRUE
15,196712,"p","2020-02-13 15:12:00",910.366666666667,TRUE,910.283333333333,0.0833333333340533,FALSE,TRUE,297.276050063842,0.990920166870911,3.56731260073528,3.03274751039762,106048.904086444,-43382.1186132945,TRUE,FALSE,TRUE
15,196712,"p","2020-02-13 15:17:00",910.45,TRUE,910.366666666667,0.0833333333330302,FALSE,TRUE,297.276074845435,0.990920249488388,3.5673128981582,3.07742576682391,106326.956464826,-43491.0703104553,TRUE,FALSE,TRUE
15,196712,"p","2020-02-13 15:22:00",910.533333333333,TRUE,910.45,0.0833333333329165,FALSE,TRUE,297.276099796267,0.99092033265918,3.56731319757305,3.12202944686975,106605.008843208,-43600.0220076024,TRUE,FALSE,TRUE
15,196712,"p","2020-02-13 15:27:00",910.616666666667,TRUE,910.533333333333,0.0833333333340533,FALSE,TRUE,297.27612492004,0.990920416391572,3.56731349900966,3.16663313666986,106883.06122159,-43708.9737047587,TRUE,FALSE,TRUE
15,196712,"o","2020-02-13 15:30:00",910.666666666667,TRUE,910.616666666667,0.0499999999999545,FALSE,TRUE,178.027824658307,0.989043470324826,3.56055649316937,3.21104913323423,107049.362281163,-43774.7633762949,TRUE,FALSE,TRUE
15,196712,"p","2020-02-13 15:32:00",910.7,TRUE,910.666666666667,0.0333333333330756,FALSE,TRUE,103.286511106566,0.860720925894703,3.09859533322093,3.24263287671933,107121.769578911,-43848.9821752568,TRUE,FALSE,TRUE
15,196712,"p","2020-02-13 15:37:00",910.783333333333,TRUE,910.7,0.0833333333329165,FALSE,TRUE,258.048650487334,0.860162168295414,3.09658380586349,3.27416074579653,107301.46190464,-44035.5758057696,TRUE,FALSE,TRUE
15,196712,"p","2020-02-13 15:42:00",910.866666666667,TRUE,910.783333333333,0.0833333333340533,FALSE,TRUE,258.048635299936,0.860162117659023,3.09658362357248,3.30568861115333,107481.154230368,-44222.1694362877,TRUE,FALSE,TRUE
15,196712,"p","2020-02-13 15:47:00",910.95,TRUE,910.866666666667,0.0833333333330302,FALSE,TRUE,258.048620226333,0.860162067424238,3.09658344272726,3.3372164728215,107660.846556097,-44408.7630668076,TRUE,FALSE,TRUE
15,196712,"p","2020-02-13 15:52:00",911.033333333333,TRUE,910.95,0.0833333333329165,FALSE,TRUE,258.048605262873,0.860162017547212,3.09658326316996,3.3687443308258,107840.538881826,-44595.3566973242,TRUE,FALSE,TRUE
15,196712,"p","2020-02-13 15:57:00",911.116666666667,TRUE,911.033333333333,0.0833333333340533,FALSE,TRUE,258.048590408478,0.860161968020829,3.09658308487498,3.40027218519255,108020.231207556,-44781.9503278477,TRUE,FALSE,TRUE
15,196712,"p","2020-02-13 16:02:00",911.2,TRUE,911.116666666667,0.0833333333330302,FALSE,TRUE,258.048575669079,0.860161918900059,3.09658290804021,3.43180003595152,108199.923533285,-44968.5439583558,TRUE,FALSE,TRUE
15,196712,"p","2020-02-13 16:07:00",911.283333333333,TRUE,911.2,0.0833333333329165,FALSE,TRUE,258.048561036988,0.860161870127595,3.09658273245934,3.46225319879925,108379.615859013,-45155.1375888811,TRUE,FALSE,TRUE
15,196712,"p","2020-02-13 16:12:00",911.366666666667,TRUE,911.283333333333,0.0833333333340533,FALSE,TRUE,258.048546516479,0.860161821714166,3.096582558171,3.44949654402459,108559.308184743,-45341.7312193907,TRUE,FALSE,TRUE
15,196712,"p","2020-02-13 16:17:00",911.45,TRUE,911.366666666667,0.0833333333330302,FALSE,TRUE,258.048532111172,0.860161773707036,3.09658238534533,3.43642087198325,108739.000510472,-45528.3248499133,TRUE,FALSE,TRUE
15,196712,"p","2020-02-13 16:22:00",911.533333333333,TRUE,911.45,0.0833333333329165,FALSE,TRUE,258.048517813777,0.860161726050225,3.09658221378081,3.42334518817388,108918.692836201,-45714.9184804231,TRUE,FALSE,TRUE
15,196712,"p","2020-02-13 16:27:00",911.616666666667,TRUE,911.533333333333,0.0833333333340533,FALSE,TRUE,258.048503627644,0.86016167875138,3.09658204350497,3.41026949257201,109098.38516193,-45901.5121109461,TRUE,FALSE,TRUE
15,196712,"p","2020-02-13 16:32:00",911.7,TRUE,911.616666666667,0.0833333333330302,FALSE,TRUE,258.048489552822,0.86016163184587,3.09658187464513,3.39719378516096,109278.077487658,-46088.1057414635,TRUE,FALSE,TRUE
15,196712,"p","2020-02-13 16:37:00",911.783333333333,TRUE,911.7,0.0833333333329165,FALSE,TRUE,258.048475590213,0.860161585305014,3.09658170709805,3.38411806592327,109457.769813388,-46274.6993719768,TRUE,FALSE,TRUE
15,196712,"p","2020-02-13 16:42:00",911.866666666667,TRUE,911.783333333333,0.0833333333340533,FALSE,TRUE,258.048461737161,0.860161539116437,3.09658154081917,3.37104233483235,109637.462139117,-46461.2930024986,TRUE,FALSE,TRUE
15,196712,"p","2020-02-13 16:47:00",911.95,TRUE,911.866666666667,0.0833333333330302,FALSE,TRUE,258.048447996947,0.860161493326285,3.09658137597463,3.35796659187264,109817.154464846,-46647.8866330179,TRUE,FALSE,TRUE
15,196712,"p","2020-02-13 16:52:00",912.033333333333,TRUE,911.95,0.0833333333329165,FALSE,TRUE,258.04843436658,0.860161447892904,3.09658121241445,3.34489083702512,109996.846790575,-46834.4802635273,TRUE,FALSE,TRUE
15,196712,"p","2020-02-13 16:57:00",912.116666666667,TRUE,912.033333333333,0.0833333333340533,FALSE,TRUE,258.048420848752,0.86016140282174,3.09658105015827,3.3318150702653,110176.539116303,-47021.0738940465,TRUE,FALSE,TRUE
15,196712,"p","2020-02-13 17:02:00",912.2,TRUE,912.116666666667,0.0833333333330302,FALSE,TRUE,258.048407441326,0.860161358140883,3.09658088930718,3.31873929157647,110356.231442032,-47207.6675245665,TRUE,FALSE,TRUE
15,196712,"o","2020-02-13 17:05:00",912.25,TRUE,912.2,0.0499999999999545,FALSE,TRUE,154.513992270466,0.858411068170038,3.09027984541214,3.30548847637429,110464.326276512,-47318.9151035931,TRUE,FALSE,TRUE
15,196712,"p","2020-02-13 17:07:00",912.283333333333,TRUE,912.25,0.033333333332962,FALSE,TRUE,94.6498895618761,0.788749079691088,2.83949668688792,3.28527145474792,110556.653274175,-47341.6954386626,TRUE,FALSE,TRUE
15,196712,"p","2020-02-13 17:12:00",912.366666666667,TRUE,912.283333333333,0.0833333333340533,FALSE,TRUE,236.883349198543,0.789611163988321,2.84260019035796,3.26514063391897,110788.169365937,-47396.874778124,TRUE,FALSE,TRUE
15,196712,"p","2020-02-13 17:17:00",912.45,TRUE,912.366666666667,0.0833333333330302,FALSE,TRUE,236.883375975476,0.789611253254461,2.84260051171606,3.2450098143296,111019.685457698,-47452.0541175942,TRUE,FALSE,TRUE
15,196712,"p","2020-02-13 17:22:00",912.533333333333,TRUE,912.45,0.0833333333329165,FALSE,TRUE,236.883402837046,0.789611342794102,2.84260083405877,3.22487899594633,111251.20154946,-47507.2334570542,TRUE,FALSE,TRUE
15,196712,"p","2020-02-13 17:27:00",912.616666666667,TRUE,912.533333333333,0.0833333333340533,FALSE,TRUE,236.883429787452,0.789611432618018,2.84260115742486,3.20474817874169,111482.717641222,-47562.4127965105,TRUE,FALSE,TRUE
15,196712,"p","2020-02-13 17:32:00",912.7,TRUE,912.616666666667,0.0833333333330302,FALSE,TRUE,236.883456824496,0.789611522751193,2.8426014819043,3.18461736269132,111714.233732984,-47617.5921359753,TRUE,FALSE,TRUE
15,196712,"p","2020-02-13 17:37:00",912.783333333333,TRUE,912.7,0.0833333333329165,FALSE,TRUE,236.883483947677,0.789611613162874,2.84260180738635,3.16448654776369,111945.749824746,-47672.7714754404,TRUE,FALSE,TRUE
15,196712,"p","2020-02-13 17:42:00",912.866666666667,TRUE,912.783333333333,0.0833333333340533,FALSE,TRUE,236.883511157328,0.789611703850937,2.84260213386337,3.14435573393,112177.265916508,-47727.9508148972,TRUE,FALSE,TRUE
15,196712,"p","2020-02-13 17:47:00",912.95,TRUE,912.866666666667,0.0833333333330302,FALSE,TRUE,236.883538455007,0.789611794852897,2.84260246147043,3.12422492116584,112408.782008269,-47783.1301543673,TRUE,FALSE,TRUE
15,196712,"p","2020-02-13 17:52:00",913.033333333333,TRUE,912.95,0.0833333333329165,FALSE,TRUE,236.883565838771,0.789611886133185,2.84260279007947,3.10409410943973,112640.298100031,-47838.3094938307,TRUE,FALSE,TRUE
15,196712,"p","2020-02-13 17:57:00",913.116666666667,TRUE,913.033333333333,0.0833333333340533,FALSE,TRUE,236.883593308949,0.789611977689673,2.84260311968282,3.08396329872327,112871.814191793,-47893.4888332963,TRUE,FALSE,TRUE
15,196712,"p","2020-02-13 18:02:00",913.2,TRUE,913.116666666667,0.0833333333330302,FALSE,TRUE,236.883620867101,0.789612069559876,2.84260345041555,3.06383248899216,113103.330283555,-47948.6681727537,TRUE,FALSE,TRUE
15,196712,"p","2020-02-13 18:07:00",913.283333333333,TRUE,913.2,0.0833333333329165,FALSE,TRUE,236.883648511498,0.789612161708942,2.84260378215219,3.04370168021422,113334.846375316,-48003.8475122235,TRUE,FALSE,TRUE
15,196712,"p","2020-02-13 18:12:00",913.366666666667,TRUE,913.283333333333,0.0833333333340533,FALSE,TRUE,236.883676241933,0.789612254132954,2.84260411487863,3.0235708723616,113566.362467078,-48059.0268516799,TRUE,FALSE,TRUE
15,196712,"o","2020-02-13 18:14:00",913.4,TRUE,913.366666666667,0.033333333332962,FALSE,TRUE,93.1227564709373,0.77602297059979,2.79368269415924,3.00208112778242,113657.400043613,-48080.614319051,TRUE,FALSE,TRUE
15,196712,"p","2020-02-13 18:17:00",913.45,TRUE,913.4,0.0500000000000682,FALSE,TRUE,39.5060391768592,0.219477995426696,0.790120783536107,2.92512458029261,113623.305439109,-48060.3197770236,TRUE,FALSE,TRUE
15,196712,"p","2020-02-13 18:22:00",913.533333333333,TRUE,913.45,0.0833333333329165,FALSE,TRUE,68.4935683176717,0.228311894393381,0.821922819816172,2.86188367714247,113563.86633132,-48025.6884262661,TRUE,FALSE,TRUE
15,196712,"p","2020-02-13 18:27:00",913.616666666667,TRUE,913.533333333333,0.0833333333340533,FALSE,TRUE,68.4935675973314,0.228311891989132,0.821922811160875,2.79869864951185,113504.427223531,-47991.0570755165,TRUE,FALSE,TRUE
15,196712,"p","2020-02-13 18:32:00",913.7,TRUE,913.616666666667,0.0833333333330302,FALSE,TRUE,68.4935668798061,0.228311889600184,0.821922802560664,2.73551362670596,113444.988115742,-47956.4257247507,TRUE,FALSE,TRUE
15,196712,"p","2020-02-13 18:37:00",913.783333333333,TRUE,913.7,0.0833333333329165,FALSE,TRUE,68.4935661620085,0.228311887207837,0.821922793948214,2.67232860868432,113385.549007953,-47921.7943740002,TRUE,FALSE,TRUE
15,196712,"p","2020-02-13 18:42:00",913.866666666667,TRUE,913.783333333333,0.0833333333340533,FALSE,TRUE,68.493565447591,0.228311884823331,0.821922785363991,2.60914359541193,113326.109900164,-47887.1630232479,TRUE,FALSE,TRUE
15,196712,"p","2020-02-13 18:47:00",913.95,TRUE,913.866666666667,0.0833333333330302,FALSE,TRUE,68.4935647305418,0.22831188243597,0.821922776769492,2.54595858685345,113266.670792378,-47852.5316725012,TRUE,FALSE,TRUE
15,196712,"o","2020-02-13 18:48:00",913.966666666667,TRUE,913.95,0.0166666666669926,FALSE,TRUE,13.0290990737031,0.217151651224139,0.781745944406899,2.48165756008586,113255.137310655,-47846.3480454513,TRUE,FALSE,TRUE
15,196712,"p","2020-02-13 18:52:00",914.033333333333,TRUE,913.966666666667,0.0666666666659239,FALSE,TRUE,81.6214426257476,0.340089344277737,1.22432163939985,2.42965030750087,113259.803364429,-47928.0826717553,TRUE,FALSE,TRUE
15,196712,"p","2020-02-13 18:57:00",914.116666666667,TRUE,914.033333333333,0.0833333333340533,FALSE,TRUE,102.976618430379,0.343255394764964,1.23571942115387,2.37795966480595,113266.078856443,-48031.1792585033,TRUE,FALSE,TRUE
15,196712,"p","2020-02-13 19:02:00",914.2,TRUE,914.116666666667,0.0833333333330302,FALSE,TRUE,102.976608737773,0.343255362460492,1.23571930485777,2.3262690236813,113272.354348458,-48134.2758452615,TRUE,FALSE,TRUE
15,196712,"p","2020-02-13 19:07:00",914.283333333333,TRUE,914.2,0.0833333333329165,FALSE,TRUE,102.976599045822,0.343255330154456,1.23571918855604,2.27457838409172,113278.629840474,-48237.3724320165,TRUE,FALSE,TRUE
15,196712,"p","2020-02-13 19:12:00",914.366666666667,TRUE,914.283333333333,0.0833333333340533,FALSE,TRUE,102.976589362853,0.343255297873211,1.23571907234356,2.2228877460039,113284.905332487,-48340.4690187764,TRUE,FALSE,TRUE
15,196712,"p","2020-02-13 19:17:00",914.45,TRUE,914.366666666667,0.0833333333330302,FALSE,TRUE,102.976579690719,0.34325526563698,1.23571895629313,2.17119710938301,113291.180824503,-48443.5656055405,TRUE,FALSE,TRUE
15,196712,"p","2020-02-13 19:22:00",914.533333333333,TRUE,914.45,0.0833333333329165,FALSE,TRUE,102.976570021939,0.34325523340818,1.23571884026945,2.11950647419333,113297.456316518,-48546.6621922948,TRUE,FALSE,TRUE
15,196712,"p","2020-02-13 19:27:00",914.616666666667,TRUE,914.533333333333,0.0833333333340533,FALSE,TRUE,102.976560360848,0.343255201199862,1.2357187243195,2.06781584040167,113303.731808532,-48649.7587790529,TRUE,FALSE,TRUE
15,196712,"p","2020-02-13 19:32:00",914.7,TRUE,914.616666666667,0.0833333333330302,FALSE,TRUE,102.976550704831,0.343255169017353,1.23571860846247,2.01612520797078,113310.007300547,-48752.8553658118,TRUE,FALSE,TRUE
15,196712,"p","2020-02-13 19:37:00",914.783333333333,TRUE,914.7,0.0833333333329165,FALSE,TRUE,102.976541059236,0.343255136865836,1.23571849271701,1.96443457686807,113316.282792562,-48855.951952566,TRUE,FALSE,TRUE
15,196712,"p","2020-02-13 19:42:00",914.866666666667,TRUE,914.783333333333,0.0833333333340533,FALSE,TRUE,102.976531415866,0.343255104716587,1.23571837697971,1.91274394705756,113322.558284577,-48959.0485393203,TRUE,FALSE,TRUE
15,196712,"p","2020-02-13 19:47:00",914.95,TRUE,914.866666666667,0.0833333333330302,FALSE,TRUE,102.97652178444,0.343255072616048,1.23571826141777,1.86105331850507,113328.833776592,-49062.1451260859,TRUE,FALSE,TRUE
15,196712,"p","2020-02-13 19:52:00",915.033333333333,TRUE,914.95,0.0833333333329165,FALSE,TRUE,102.976512158747,0.343255040530874,1.23571814591115,1.80953771574116,113335.109268616,-49165.2417128403,TRUE,FALSE,TRUE
15,196712,"o","2020-02-13 19:53:00",915.05,TRUE,915.033333333333,0.0166666666669926,FALSE,TRUE,20.7532576855154,0.34588762808516,1.24519546110658,1.76525157058056,113337.487688334,-49185.9216557043,TRUE,FALSE,TRUE
15,196712,"p","2020-02-13 19:57:00",915.116666666667,TRUE,915.05,0.0666666666670608,FALSE,TRUE,192.660552527268,0.802752302192203,2.88990828789193,1.76656568440095,113508.04648696,-49277.333012326,TRUE,FALSE,TRUE
15,196712,"p","2020-02-13 20:02:00",915.2,TRUE,915.116666666667,0.0833333333330302,FALSE,TRUE,242.093357107261,0.806977857027138,2.9051202852977,1.76830234477822,113722.649136899,-49391.6729900032,TRUE,FALSE,TRUE
15,196712,"p","2020-02-13 20:07:00",915.283333333333,TRUE,915.2,0.0833333333329165,FALSE,TRUE,242.093369085856,0.806977896956891,2.90512042904481,1.7700390001945,113937.251786839,-49506.0129676819,TRUE,FALSE,TRUE
15,196712,"p","2020-02-13 20:12:00",915.366666666667,TRUE,915.283333333333,0.0833333333340533,FALSE,TRUE,242.093381152867,0.806977937169251,2.9051205738093,1.77177565064962,114151.854436777,-49620.3529453582,TRUE,FALSE,TRUE
15,196712,"p","2020-02-13 20:17:00",915.45,TRUE,915.366666666667,0.0833333333330302,FALSE,TRUE,242.093393318017,0.80697797772966,2.90512071982677,1.77351229614747,114366.457086717,-49734.6929230202,TRUE,FALSE,TRUE
15,196712,"p","2020-02-13 20:22:00",915.533333333333,TRUE,915.45,0.0833333333329165,FALSE,TRUE,242.093405571726,0.806978018576458,2.90512086687525,1.77524893668883,114581.059736656,-49849.0329006895,TRUE,FALSE,TRUE
15,196712,"p","2020-02-13 20:27:00",915.616666666667,TRUE,915.533333333333,0.0833333333340533,FALSE,TRUE,242.09341791756,0.806978059718228,2.90512101498562,1.77698557227556,114795.662386594,-49963.3728783633,TRUE,FALSE,TRUE
15,196712,"p","2020-02-13 20:32:00",915.7,TRUE,915.616666666667,0.0833333333330302,FALSE,TRUE,242.093430359415,0.806978101200985,2.90512116432354,1.77872220291036,115010.265036533,-50077.7128560463,TRUE,FALSE,TRUE
15,196712,"p","2020-02-13 20:37:00",915.783333333333,TRUE,915.7,0.0833333333329165,FALSE,TRUE,242.093442890591,0.806978142972673,2.90512131470162,1.78045882859431,115224.867686472,-50192.0528337176,TRUE,FALSE,TRUE
15,196712,"p","2020-02-13 20:42:00",915.866666666667,TRUE,915.783333333333,0.0833333333340533,FALSE,TRUE,242.093455514687,0.806978185041985,2.90512146615115,1.78219544932954,115439.470336411,-50306.3928113854,TRUE,FALSE,TRUE
15,196712,"p","2020-02-13 20:47:00",915.95,TRUE,915.866666666667,0.0833333333330302,FALSE,TRUE,242.093468231825,0.806978227442353,2.90512161879247,1.78393206511779,115654.07298635,-50420.7327890579,TRUE,FALSE,TRUE
15,196712,"p","2020-02-13 20:52:00",916.033333333333,TRUE,915.95,0.0833333333329165,FALSE,TRUE,242.093481040109,0.806978270137733,2.90512177249584,1.78566867596067,115868.675636289,-50535.0727667292,TRUE,FALSE,TRUE
15,196712,"p","2020-02-13 20:57:00",916.116666666667,TRUE,916.033333333333,0.0833333333340533,FALSE,TRUE,242.093493942967,0.806978313136251,2.9051219272905,1.787405281861,116083.278286228,-50649.4127444058,TRUE,FALSE,TRUE
15,196712,"o","2020-02-13 21:00:00",916.166666666667,TRUE,916.116666666667,0.0499999999999545,FALSE,TRUE,145.700008912811,0.809444493960799,2.91400017825888,1.7907474341971,116212.54565778,-50718.0159851483,TRUE,FALSE,TRUE
15,196712,"p","2020-02-13 21:02:00",916.2,TRUE,916.166666666667,0.0333333333330756,FALSE,TRUE,130.474018188399,1.08728348491173,3.91422054568224,1.87752798314561,116335.401114427,-50763.6973918607,TRUE,FALSE,TRUE
15,196712,"p","2020-02-13 21:07:00",916.283333333333,TRUE,916.2,0.0833333333329165,FALSE,TRUE,327.363963603031,1.09121321201556,3.92836756325602,1.96381811490782,116643.804210017,-50877.8990439796,TRUE,FALSE,TRUE
15,196712,"p","2020-02-13 21:12:00",916.366666666667,TRUE,916.283333333333,0.0833333333340533,FALSE,TRUE,327.364004737592,1.09121334911588,3.92836805681716,2.0501082606205,116952.207305606,-50992.100696099,TRUE,FALSE,TRUE
15,196712,"p","2020-02-13 21:17:00",916.45,TRUE,916.366666666667,0.0833333333330302,FALSE,TRUE,327.364046102277,1.09121348701156,3.92836855324162,2.13639842036164,117260.610401197,-51106.3023482042,TRUE,FALSE,TRUE
15,196712,"p","2020-02-13 21:22:00",916.533333333333,TRUE,916.45,0.0833333333329165,FALSE,TRUE,327.364087694329,1.09121362565322,3.92836905235159,2.22268859420617,117569.013496787,-51220.5040003271,TRUE,FALSE,TRUE
15,196712,"o","2020-02-13 21:27:00",916.616666666667,TRUE,916.533333333333,0.0833333333340533,FALSE,TRUE,325.257740596062,1.08419246864417,3.90309288711902,2.30827665258826,117873.720722359,-51338.4739901556,TRUE,FALSE,TRUE
15,196712,"p","2020-02-13 21:32:00",916.7,TRUE,916.616666666667,0.0833333333330302,FALSE,TRUE,888.291663839785,2.96097221281005,10.6594999661162,2.58154268562567,117500.396844447,-52147.7697475338,TRUE,FALSE,TRUE
15,196712,"o","2020-02-13 21:35:00",916.75,TRUE,916.7,0.0499999999999545,FALSE,TRUE,531.436164490244,2.95242313605959,10.6287232898145,2.85506983410921,117278.321739932,-52632.5285815686,TRUE,FALSE,TRUE
15,196712,"p","2020-02-13 21:37:00",916.783333333333,TRUE,916.75,0.033333333332962,FALSE,TRUE,181.031334613749,1.50859445513138,5.43094003847297,2.97192034519458,117430.251417238,-52732.3794906778,TRUE,FALSE,TRUE
15,196712,"o","2020-02-13 21:40:00",916.833333333333,TRUE,916.783333333333,0.0500000000000682,FALSE,TRUE,275.488906559117,1.53049392532634,5.50977813117482,3.09064419825071,117665.231226401,-52878.4427156995,TRUE,FALSE,TRUE
15,196712,"p","2020-02-13 21:42:00",916.866666666667,TRUE,916.833333333333,0.0333333333339851,FALSE,TRUE,273.107154322196,2.27589295264046,8.19321462950567,3.28390795726871,117885.711251328,-53041.5390659157,TRUE,FALSE,TRUE
15,196712,"p","2020-02-13 21:47:00",916.95,TRUE,916.866666666667,0.0833333333330302,FALSE,TRUE,685.872487740883,2.28624162581126,8.23046985292054,3.47820658683439,118439.111755745,-53451.5456812015,TRUE,FALSE,TRUE
15,196712,"p","2020-02-13 21:52:00",917.033333333333,TRUE,916.95,0.0833333333329165,FALSE,TRUE,685.872518985286,2.28624172996239,8.2304702278646,3.67250523004331,118992.512260162,-53861.5522965051,TRUE,FALSE,TRUE
15,196712,"o","2020-02-13 21:57:00",917.116666666667,TRUE,917.033333333333,0.0833333333340533,FALSE,TRUE,684.423111956123,2.28141037316737,8.21307734340252,3.86632074079635,119544.340273461,-54271.233901197,TRUE,FALSE,TRUE
15,196712,"p","2020-02-13 22:02:00",917.2,TRUE,917.116666666667,0.0833333333330302,FALSE,TRUE,436.45227002169,1.45484090007759,5.23742724027934,3.97747930746329,119807.684686779,-54621.290222487,TRUE,FALSE,TRUE
15,196712,"p","2020-02-13 22:07:00",917.283333333333,TRUE,917.2,0.0833333333329165,FALSE,TRUE,435.254655175603,1.4508488505926,5.22305586213336,4.08823867240256,120069.456608981,-54971.0215331681,TRUE,FALSE,TRUE
15,196712,"p","2020-02-13 22:12:00",917.366666666667,TRUE,917.283333333333,0.0833333333340533,FALSE,TRUE,435.254604462415,1.45084868152885,5.22305525350385,4.19899802365371,120331.228531181,-55320.7528438561,TRUE,FALSE,TRUE
15,196712,"p","2020-02-13 22:17:00",917.45,TRUE,917.366666666667,0.0833333333330302,FALSE,TRUE,435.254554287143,1.45084851429576,5.22305465146472,4.3097573613967,120593.000453383,-55670.4841545388,TRUE,FALSE,TRUE
15,196712,"p","2020-02-13 22:22:00",917.533333333333,TRUE,917.45,0.0833333333329165,FALSE,TRUE,435.254504641071,1.45084834881083,5.22305405571898,4.42051668580613,120854.772375584,-56020.2154652213,TRUE,FALSE,TRUE
15,196712,"p","2020-02-13 22:27:00",917.616666666667,TRUE,917.533333333333,0.0833333333340533,FALSE,TRUE,435.254455527177,1.45084818507806,5.223053466281,4.53127599705233,121116.544297785,-56369.9467759008,TRUE,FALSE,TRUE
15,196712,"p","2020-02-13 22:32:00",917.7,TRUE,917.616666666667,0.0833333333330302,FALSE,TRUE,435.25440694697,1.45084802316184,5.22305288338264,4.64203529531543,121378.316219987,-56719.6780865896,TRUE,FALSE,TRUE
15,196712,"p","2020-02-13 22:37:00",917.783333333333,TRUE,917.7,0.0833333333329165,FALSE,TRUE,435.254358895442,1.45084786299206,5.22305230677143,4.75253131880612,121640.088142187,-57069.4093972737,TRUE,FALSE,TRUE
15,196712,"o","2020-02-13 22:41:00",917.85,TRUE,917.783333333333,0.0666666666670608,FALSE,TRUE,347.777992599408,1.44907496915563,5.21666988896028,4.81716358550246,121850.086554013,-57348.2265528578,TRUE,FALSE,TRUE
15,196712,"p","2020-02-13 22:42:00",917.866666666667,TRUE,917.85,0.0166666666669926,FALSE,TRUE,80.8881173420671,1.34813528900809,4.85328704042913,4.87127932870056,121923.40542995,-57383.2403140945,TRUE,FALSE,TRUE
15,196712,"p","2020-02-13 22:47:00",917.95,TRUE,917.866666666667,0.0833333333330302,FALSE,TRUE,405.004499080924,1.35001499694133,4.86005398898877,4.925583038699,122292.904179926,-57553.4696555875,TRUE,FALSE,TRUE
15,196712,"p","2020-02-13 22:52:00",918.033333333333,TRUE,917.95,0.0833333333329165,FALSE,TRUE,405.004555745784,1.35001518582603,4.86005466897372,4.97988676356468,122662.40292991,-57723.6989970648,TRUE,FALSE,TRUE
15,196712,"p","2020-02-13 22:57:00",918.116666666667,TRUE,918.033333333333,0.0833333333340533,FALSE,TRUE,405.004612840389,1.35001537612296,4.86005535404267,5.03419050340401,123031.90167989,-57893.9283385525,TRUE,FALSE,TRUE
15,196712,"p","2020-02-13 23:02:00",918.2,TRUE,918.116666666667,0.0833333333330302,FALSE,TRUE,405.004670369983,1.35001556790486,4.86005604445748,5.08849425833685,123401.400429874,-58064.1576800255,TRUE,FALSE,TRUE
15,196712,"p","2020-02-13 23:07:00",918.283333333333,TRUE,918.2,0.0833333333329165,FALSE,TRUE,405.004728329998,1.35001576110675,4.86005673998429,5.1427980284757,123770.899179856,-58234.3870215037,TRUE,FALSE,TRUE
15,196712,"o","2020-02-13 23:09:00",918.316666666667,TRUE,918.283333333333,0.0333333333339851,FALSE,TRUE,163.887617671284,1.36573014723399,4.91662853004238,5.198673233079,123917.806156565,-58308.6623430187,TRUE,FALSE,TRUE
15,196712,"p","2020-02-13 23:12:00",918.366666666667,TRUE,918.316666666667,0.0500000000000682,FALSE,TRUE,791.229083869327,4.39571713260137,15.8245816773649,5.55754713204187,124041.083422966,-59092.6876976878,TRUE,FALSE,TRUE
15,196712,"o","2020-02-13 23:15:00",918.416666666667,TRUE,918.366666666667,0.0499999999999545,FALSE,TRUE,789.547138484489,4.38637299158449,15.7909427697041,5.91548661269612,124159.898601427,-59875.6935042051,TRUE,FALSE,TRUE
15,196712,"p","2020-02-13 23:17:00",918.45,TRUE,918.416666666667,0.0333333333330756,FALSE,TRUE,178.779395616932,1.48982829681928,5.36338186854941,5.98377161963381,123980.258513602,-59875.3556711993,TRUE,FALSE,TRUE
15,196712,"o","2020-02-13 23:20:00",918.5,TRUE,918.45,0.0499999999999545,FALSE,TRUE,269.283440085367,1.49601911158673,5.38566880171224,6.05267570377871,123709.869338379,-59865.2073063011,TRUE,FALSE,TRUE
15,196712,"p","2020-02-13 23:22:00",918.533333333333,TRUE,918.5,0.033333333332962,FALSE,TRUE,159.918999609608,1.33265833009491,4.79756998834168,6.10524370547458,123850.514770648,-59942.783833075,TRUE,FALSE,TRUE
15,196712,"p","2020-02-13 23:27:00",918.616666666667,TRUE,918.533333333333,0.0833333333340533,FALSE,TRUE,410.845974395051,1.369486581305,4.93015169269801,6.161247914209,124213.191610077,-60139.6328605682,TRUE,FALSE,TRUE
15,196712,"p","2020-02-13 23:32:00",918.7,TRUE,918.616666666667,0.0833333333330302,FALSE,TRUE,410.846023013854,1.3694867433845,4.93015227618419,6.18946824005628,124575.868449507,-60336.4818880572,TRUE,FALSE,TRUE
15,196712,"p","2020-02-13 23:37:00",918.783333333333,TRUE,918.7,0.0833333333329165,FALSE,TRUE,410.846072080761,1.36948690694272,4.9301528649938,6.21729560954899,124938.545288932,-60533.330915553,TRUE,FALSE,TRUE
15,196712,"o","2020-02-13 23:38:00",918.8,TRUE,918.783333333333,0.0166666666669926,FALSE,TRUE,82.0335805635333,1.36722634269882,4.92201483371575,6.24489690890729,125010.638316263,-60573.2222834292,TRUE,FALSE,TRUE
15,196712,"p","2020-02-13 23:42:00",918.866666666667,TRUE,918.8,0.0666666666670608,FALSE,TRUE,323.583617524176,1.34826507300943,4.85375426283395,6.27060206750707,125235.594209062,-60807.5616195965,TRUE,FALSE,TRUE
15,196712,"p","2020-02-13 23:47:00",918.95,TRUE,918.866666666667,0.0833333333330302,FALSE,TRUE,404.56897450143,1.34856324834301,4.85482769403482,6.29633702977605,125516.236149363,-61101.1377427755,TRUE,FALSE,TRUE
15,196712,"p","2020-02-13 23:52:00",919.033333333333,TRUE,918.95,0.0833333333329165,FALSE,TRUE,404.568962760702,1.34856320920909,4.85482755315271,6.32277410383254,125796.878089663,-61394.7138659608,TRUE,FALSE,TRUE
15,196712,"p","2020-02-13 23:57:00",919.116666666667,TRUE,919.033333333333,0.0833333333340533,FALSE,TRUE,404.568951450416,1.34856317148973,4.85482741736304,6.16153319970051,126077.520029963,-61688.2899891423,TRUE,FALSE,TRUE
15,196712,"p","2020-02-14 00:02:00",919.2,TRUE,919.116666666667,0.0833333333330302,FALSE,TRUE,404.568940569415,1.34856313523629,4.85482728685064,6.00114719961818,126358.161970264,-61981.8661123297,TRUE,FALSE,TRUE
15,196712,"p","2020-02-14 00:07:00",919.283333333333,TRUE,919.2,0.0833333333329165,FALSE,TRUE,404.568930114844,1.34856310038956,4.85482716140241,5.985144064144,126638.803910565,-62275.4422355133,TRUE,FALSE,TRUE
15,196712,"p","2020-02-14 00:12:00",919.366666666667,TRUE,919.283333333333,0.0833333333340533,FALSE,TRUE,404.568920087667,1.34856306694724,4.85482704101006,5.96695097830609,126919.445850864,-62569.0183586996,TRUE,FALSE,TRUE
15,196712,"o","2020-02-14 00:17:00",919.45,TRUE,919.366666666667,0.0833333333330302,FALSE,TRUE,399.421226031112,1.33140408677522,4.79305471239078,5.87250209171956,127195.903410491,-62859.4422419931,TRUE,FALSE,TRUE
15,196712,"p","2020-02-14 00:22:00",919.533333333333,TRUE,919.45,0.0833333333329165,FALSE,TRUE,566.869086933668,1.88956362312168,6.80242904323805,5.83283429145061,126704.709447342,-62571.5674616044,TRUE,FALSE,TRUE
15,196712,"o","2020-02-14 00:25:00",919.583333333333,TRUE,919.533333333333,0.0500000000000682,FALSE,TRUE,338.898147193918,1.88276748440809,6.77796294386912,5.79248686689517,126411.018869394,-62399.5219013981,TRUE,FALSE,TRUE
15,196712,"p","2020-02-14 00:27:00",919.616666666667,TRUE,919.583333333333,0.0333333333339851,FALSE,TRUE,93.5733159717462,0.779777633082637,2.80719947909749,5.6423235928867,126471.672447986,-62471.238011052,TRUE,FALSE,TRUE
15,196712,"p","2020-02-14 00:32:00",919.7,TRUE,919.616666666667,0.0833333333330302,FALSE,TRUE,244.518836033943,0.815062786782775,2.93422603241799,5.57834578155722,126632.14746533,-62656.9549151005,TRUE,FALSE,TRUE
15,196712,"p","2020-02-14 00:37:00",919.783333333333,TRUE,919.7,0.0833333333329165,FALSE,TRUE,244.518828883786,0.81506276295003,2.93422594662011,5.51476717279296,126792.622482675,-62842.6718191346,TRUE,FALSE,TRUE
15,196712,"p","2020-02-14 00:42:00",919.866666666667,TRUE,919.783333333333,0.0833333333340533,FALSE,TRUE,244.518821826909,0.815062739415989,2.93422586189756,5.45118857858168,126953.097500019,-63028.3887231749,TRUE,FALSE,TRUE
15,196712,"p","2020-02-14 00:47:00",919.95,TRUE,919.866666666667,0.0833333333330302,FALSE,TRUE,244.518814863406,0.815062716214319,2.93422577837155,5.38760999877353,127113.572517364,-63214.1056272078,TRUE,FALSE,TRUE
15,196712,"o","2020-02-14 00:50:00",920,TRUE,919.95,0.0499999999999545,FALSE,TRUE,152.811103287049,0.848950573817711,3.05622206574376,5.32742022127422,127215.009640936,-63329.1695279439,TRUE,FALSE,TRUE
15,196712,"p","2020-02-14 00:52:00",920.033333333333,TRUE,920,0.033333333332962,FALSE,TRUE,547.259987005888,4.56049989176654,16.4177996103595,5.63838539194307,127650.336721307,-63664.535384904,TRUE,FALSE,TRUE
15,196712,"p","2020-02-14 00:57:00",920.116666666667,TRUE,920.033333333333,0.0833333333340533,FALSE,TRUE,43.379554772118,0.144598515905811,0.520554657260919,5.50776044121747,127676.570613708,-63629.786470779,TRUE,FALSE,TRUE
15,196712,"p","2020-02-14 01:02:00",920.2,TRUE,920.116666666667,0.0833333333330302,FALSE,TRUE,44.3582815698609,0.147860938566741,0.532299378840267,5.37746174877493,127696.896695562,-63590.1888795697,TRUE,FALSE,TRUE
15,196712,"o","2020-02-14 01:06:00",920.266666666667,TRUE,920.2,0.0666666666669471,FALSE,TRUE,34.5817732783046,0.14409072199233,0.518726599172387,5.2469633240586,127713.240171783,-63559.5779568906,TRUE,FALSE,TRUE
15,196712,"p","2020-02-14 01:07:00",920.283333333333,TRUE,920.266666666667,0.0166666666659694,FALSE,TRUE,31.2986503349861,0.521644172271593,1.87791902017773,5.16431421238495,127720.286915889,-63590.1732640486,TRUE,FALSE,TRUE
15,196712,"p","2020-02-14 01:12:00",920.366666666667,TRUE,920.283333333333,0.0833333333340533,FALSE,TRUE,161.771638187342,0.539238793953146,1.94125965823133,5.08323659208614,127755.933690115,-63748.4855512429,TRUE,FALSE,TRUE
15,196712,"o","2020-02-14 01:13:00",920.383333333333,TRUE,920.366666666667,0.0166666666659694,FALSE,TRUE,32.6805976160991,0.544676626957772,1.96083585704798,5.00270273619931,127763.865875259,-63780.2944994262,TRUE,FALSE,TRUE
15,196712,"p","2020-02-14 01:17:00",920.45,TRUE,920.383333333333,0.0666666666670608,FALSE,TRUE,207.832333933825,0.865968058052485,3.11748500898894,4.95429800439226,127910.692495929,-63928.5319574188,TRUE,FALSE,TRUE
15,196712,"p","2020-02-14 01:22:00",920.533333333333,TRUE,920.45,0.0833333333329165,FALSE,TRUE,260.623085075003,0.868743616921021,3.12747702091568,4.90617080929388,128095.229309651,-64114.0118933426,TRUE,FALSE,TRUE
15,196712,"p","2020-02-14 01:27:00",920.616666666667,TRUE,920.533333333333,0.0833333333340533,FALSE,TRUE,260.623083567145,0.868743611882976,3.12747700277871,4.8580435943715,128279.766123372,-64299.4918292812,TRUE,FALSE,TRUE
15,196712,"p","2020-02-14 01:32:00",920.7,TRUE,920.616666666667,0.0833333333330302,FALSE,TRUE,260.623082168597,0.868743607231816,3.12747698603454,4.80834494037128,128464.302937093,-64484.9717651977,TRUE,FALSE,TRUE
15,196712,"p","2020-02-14 01:37:00",920.783333333333,TRUE,920.7,0.0833333333329165,FALSE,TRUE,260.623080885157,0.86874360295487,3.12747697063753,4.45564758740663,128648.839750816,-64670.4517011286,TRUE,FALSE,TRUE
15,196712,"p","2020-02-14 01:42:00",920.866666666667,TRUE,920.783333333333,0.0833333333340533,FALSE,TRUE,260.623079716498,0.868743599047486,3.12747695657095,4.10388464815293,128833.376564537,-64855.9316370532,TRUE,FALSE,TRUE
15,196712,"p","2020-02-14 01:47:00",920.95,TRUE,920.866666666667,0.0833333333330302,FALSE,TRUE,260.623078665444,0.868743595554642,3.12747694399671,4.04177617802647,129017.913378258,-65041.4115729836,TRUE,FALSE,TRUE
15,196712,"p","2020-02-14 01:52:00",921.033333333333,TRUE,920.95,0.0833333333329165,FALSE,TRUE,260.623077740124,0.868743592471424,3.12747693289713,3.97904862611494,129202.450191995,-65226.891508916,TRUE,FALSE,TRUE
15,196712,"o","2020-02-14 01:53:00",921.05,TRUE,921.033333333333,0.0166666666669926,FALSE,TRUE,53.9866429425183,0.899777382357711,3.23919857648776,3.93576053134122,129241.037234586,-65264.9511243643,TRUE,FALSE,TRUE
15,196712,"p","2020-02-14 01:57:00",921.116666666667,TRUE,921.05,0.0666666666670608,FALSE,TRUE,488.339583576745,2.03474826489108,7.32509375360787,4.00228669969983,129636.192944718,-65555.3402889504,TRUE,FALSE,TRUE
15,196712,"o","2020-02-14 02:01:00",921.183333333333,TRUE,921.116666666667,0.0666666666660376,FALSE,TRUE,487.890558768558,2.03287732822151,7.31835838159743,4.06862575818353,130030.985518923,-65845.4620913098,TRUE,FALSE,TRUE
15,196712,"p","2020-02-14 02:02:00",921.2,TRUE,921.183333333333,0.0166666666669926,FALSE,TRUE,38.0178834127791,0.633631390200594,2.28107300472214,3.99504020650931,130056.466519283,-65873.8722600182,TRUE,FALSE,TRUE
15,196712,"p","2020-02-14 02:07:00",921.283333333333,TRUE,921.2,0.0833333333329165,FALSE,TRUE,178.770966512863,0.595903221712523,2.14525159816508,3.91790789441069,130173.657442251,-66009.7681510785,TRUE,FALSE,TRUE
15,196712,"p","2020-02-14 02:12:00",921.366666666667,TRUE,921.283333333333,0.0833333333340533,FALSE,TRUE,178.770963632905,0.595903212104535,2.14525156357633,3.8426717083202,130290.8483652,-66145.6640421152,TRUE,FALSE,TRUE
15,196712,"p","2020-02-14 02:17:00",921.45,TRUE,921.366666666667,0.0833333333330302,FALSE,TRUE,178.770960807309,0.595903202693198,2.14525152969551,3.76740570375522,130408.039288151,-66281.559933153,TRUE,FALSE,TRUE
15,196712,"p","2020-02-14 02:22:00",921.533333333333,TRUE,921.45,0.0833333333329165,FALSE,TRUE,178.770958024989,0.59590319341961,2.14525149631059,3.69213970217627,130525.230211101,-66417.4558242092,TRUE,FALSE,TRUE
15,196712,"o","2020-02-14 02:27:00",921.616666666667,TRUE,921.533333333333,0.0833333333340533,FALSE,TRUE,179.930028588323,0.599766761955896,2.15916034304122,3.61726006122288,130642.57994118,-66554.7469798682,TRUE,FALSE,TRUE
15,196712,"p","2020-02-14 02:32:00",921.7,TRUE,921.616666666667,0.0833333333330302,FALSE,TRUE,418.298358911182,1.39432786304235,5.01958030695245,3.62183653400349,130789.063859553,-66948.0083964277,TRUE,FALSE,TRUE
15,196712,"p","2020-02-14 02:37:00",921.783333333333,TRUE,921.7,0.0833333333329165,FALSE,TRUE,419.657315113747,1.39885771705282,5.03588778139016,3.62686599566982,130935.706585057,-67342.6650776061,TRUE,FALSE,TRUE
15,196712,"p","2020-02-14 02:42:00",921.866666666667,TRUE,921.783333333333,0.0833333333340533,FALSE,TRUE,419.657228801525,1.39885742932633,5.03588674557479,3.63189543190772,131082.34931056,-67737.3217587758,TRUE,FALSE,TRUE
15,196712,"o","2020-02-14 02:47:00",921.95,TRUE,921.866666666667,0.0833333333330302,FALSE,TRUE,420.457276669565,1.40152425557032,5.04548732005314,3.63890744878723,131228.882759997,-68132.8746820455,TRUE,FALSE,TRUE
15,196712,"p","2020-02-14 02:52:00",922.033333333333,TRUE,921.95,0.0833333333329165,FALSE,TRUE,572.294840953213,1.90764946985359,6.86753809147291,3.64071603346043,131355.368812772,-68692.848975896,TRUE,FALSE,TRUE
15,196712,"o","2020-02-14 02:55:00",922.083333333333,TRUE,922.033333333333,0.0500000000000682,FALSE,TRUE,342.566981509606,1.90314989727299,6.85133963018278,3.64275427474692,131431.904440449,-69027.8548422895,TRUE,FALSE,TRUE
15,196712,"p","2020-02-14 02:57:00",922.116666666667,TRUE,922.083333333333,0.0333333333339851,FALSE,TRUE,152.239616420566,1.26866347014658,4.56718849252768,3.69164285845331,131534.382696665,-69141.2249696492,TRUE,FALSE,TRUE
15,196712,"p","2020-02-14 03:02:00",922.2,TRUE,922.116666666667,0.0833333333330302,FALSE,TRUE,378.995051308849,1.26331683770076,4.54794061572273,3.73646826354511,131792.352241338,-69420.8591501162,TRUE,FALSE,TRUE
15,196712,"p","2020-02-14 03:07:00",922.283333333333,TRUE,922.2,0.0833333333329165,FALSE,TRUE,378.995047550074,1.26331682517323,4.54794057062364,3.78129366976743,132050.321786012,-69700.4933305906,TRUE,FALSE,TRUE
15,196712,"p","2020-02-14 03:12:00",922.366666666667,TRUE,922.283333333333,0.0833333333340533,FALSE,TRUE,378.995044141061,1.26331681379262,4.54794052965343,3.82611907720509,132308.291330684,-69980.1275110685,TRUE,FALSE,TRUE
15,196712,"p","2020-02-14 03:17:00",922.45,TRUE,922.366666666667,0.0833333333330302,FALSE,TRUE,378.995041084102,1.26331680361827,4.54794049302577,3.87094448594549,132566.260875357,-70259.7616915421,TRUE,FALSE,TRUE
15,196712,"p","2020-02-14 03:22:00",922.533333333333,TRUE,922.45,0.0833333333329165,FALSE,TRUE,378.995038380795,1.26331679460897,4.54794046059228,3.91238110802461,132824.230420031,-70539.3958720115,TRUE,FALSE,TRUE
15,196712,"p","2020-02-14 03:27:00",922.616666666667,TRUE,922.533333333333,0.0833333333340533,FALSE,TRUE,378.99503602703,1.26331678674585,4.54794043228506,3.58266279752254,133082.199964703,-70819.0300524859,TRUE,FALSE,TRUE
15,196712,"o","2020-02-14 03:32:00",922.7,TRUE,922.616666666667,0.0833333333330302,FALSE,TRUE,378.144111222253,1.26048037074543,4.53772933468354,3.69425098300651,133339.004049635,-71098.574203023,TRUE,FALSE,TRUE
15,196712,"p","2020-02-14 03:37:00",922.783333333333,TRUE,922.7,0.0833333333329165,FALSE,TRUE,265.69783755909,0.885659458534729,3.18837405072503,3.7680308350033,133381.997055927,-71361.6017830042,TRUE,FALSE,TRUE
15,196712,"p","2020-02-14 03:42:00",922.866666666667,TRUE,922.783333333333,0.0833333333340533,FALSE,TRUE,265.424792807474,0.884749309350604,3.18509751366217,3.84209669373913,133423.824602476,-71624.5393330442,TRUE,FALSE,TRUE
15,196712,"p","2020-02-14 03:47:00",922.95,TRUE,922.866666666667,0.0833333333330302,FALSE,TRUE,265.424745986492,0.884749153291524,3.18509695184949,3.87840719184112,133465.652149026,-71887.4768830822,TRUE,FALSE,TRUE
15,196712,"p","2020-02-14 03:52:00",923.033333333333,TRUE,922.95,0.0833333333329165,FALSE,TRUE,265.424699293989,0.884748997651057,3.18509639154381,3.91295821221092,133507.479695575,-72150.4144331202,TRUE,FALSE,TRUE
15,196712,"p","2020-02-14 03:57:00",923.116666666667,TRUE,923.033333333333,0.0833333333340533,FALSE,TRUE,265.424652719075,0.884748842389273,3.18509583260138,3.94696543375407,133549.307242125,-72413.3519831585,TRUE,FALSE,TRUE
15,196712,"p","2020-02-14 04:02:00",923.2,TRUE,923.116666666667,0.0833333333330302,FALSE,TRUE,265.42460626032,0.884748687537618,3.18509527513543,3.94884349670258,133591.134788674,-72676.2895332021,TRUE,FALSE,TRUE
15,196712,"o","2020-02-14 04:06:00",923.266666666667,TRUE,923.2,0.0666666666669471,FALSE,TRUE,210.320299725711,0.876334582186775,3.15480449587239,3.94960259322915,133623.866166703,-72884.7041181678,TRUE,FALSE,TRUE
15,196712,"p","2020-02-14 04:07:00",923.283333333333,TRUE,923.266666666667,0.0166666666659694,FALSE,TRUE,24.8472643119178,0.414121071882623,1.49083585877744,3.90414033922912,133605.861246089,-72867.4385674159,TRUE,FALSE,TRUE
15,196712,"p","2020-02-14 04:12:00",923.366666666667,TRUE,923.283333333333,0.0833333333340533,FALSE,TRUE,133.615957492333,0.445386524970594,1.60339148989414,3.861804631003,133512.183347004,-72771.4335385071,TRUE,FALSE,TRUE
15,196712,"p","2020-02-14 04:17:00",923.45,TRUE,923.366666666667,0.0833333333330302,FALSE,TRUE,133.615956966807,0.44538652322431,1.60339148360751,3.81946892302994,133418.505447913,-72675.4285095558,TRUE,FALSE,TRUE
15,196712,"p","2020-02-14 04:22:00",923.533333333333,TRUE,923.45,0.0833333333329165,FALSE,TRUE,133.615956439677,0.445386521467818,1.60339147728415,3.77713321527197,133324.827548821,-72579.4234806232,TRUE,FALSE,TRUE
15,196712,"o","2020-02-14 04:24:00",923.566666666667,TRUE,923.533333333333,0.0333333333339851,FALSE,TRUE,48.4835604886464,0.40402967073082,1.45450681463095,3.73066182278959,133289.602707723,-72545.8302204679,TRUE,FALSE,TRUE
15,196712,"p","2020-02-14 04:27:00",923.616666666667,TRUE,923.566666666667,0.0500000000000682,FALSE,TRUE,508.327077031265,2.82403931683651,10.1665415406114,3.9261913952261,133481.106174112,-73018.5067630157,TRUE,FALSE,TRUE
15,196712,"p","2020-02-14 04:32:00",923.7,TRUE,923.616666666667,0.0833333333330302,FALSE,TRUE,856.016119617979,2.85338706540364,10.2721934354531,4.12155236353069,133804.022482326,-73814.3155863053,TRUE,FALSE,TRUE
15,196712,"o","2020-02-14 04:34:00",923.733333333333,TRUE,923.7,0.033333333332962,FALSE,TRUE,338.091057067003,2.81742547558974,10.1427317121231,4.19982008460056,133932.758810152,-74128.1403645198,TRUE,FALSE,TRUE
15,196712,"p","2020-02-14 04:37:00",923.783333333333,TRUE,923.733333333333,0.0499999999999545,FALSE,TRUE,146.784738943889,0.815470771911234,2.93569477888044,4.07807942896953,134079.069283207,-74109.5310292834,TRUE,FALSE,TRUE
15,196712,"p","2020-02-14 04:42:00",923.866666666667,TRUE,923.783333333333,0.0833333333340533,FALSE,TRUE,244.992963534066,0.816643211773164,2.93991556238339,4.09638061112679,134322.203079196,-74071.0175520764,TRUE,FALSE,TRUE
15,196712,"p","2020-02-14 04:47:00",923.95,TRUE,923.866666666667,0.0833333333330302,FALSE,TRUE,244.993022759257,0.816643409200493,2.93991627312178,4.11845462987559,134565.336875186,-74032.504074849,TRUE,FALSE,TRUE
15,196712,"p","2020-02-14 04:52:00",924.033333333333,TRUE,923.95,0.0833333333329165,FALSE,TRUE,244.993082080358,0.816643606938611,2.939916984979,4.14052866935899,134808.470671177,-73993.9905976342,TRUE,FALSE,TRUE
15,196712,"p","2020-02-14 04:57:00",924.116666666667,TRUE,924.033333333333,0.0833333333340533,FALSE,TRUE,244.993141495875,0.816643804979193,2.93991769792509,4.16260272958759,135051.604467167,-73955.477120417,TRUE,FALSE,TRUE
15,196712,"p","2020-02-14 05:02:00",924.2,TRUE,924.116666666667,0.0833333333330302,FALSE,TRUE,244.993201008618,0.816644003365032,2.93991841211412,4.18467681058214,135294.738263157,-73916.9636432,TRUE,FALSE,TRUE
15,196712,"p","2020-02-14 05:07:00",924.283333333333,TRUE,924.2,0.0833333333329165,FALSE,TRUE,244.993260617272,0.816644202061657,2.93991912742196,4.20636455459271,135537.872059148,-73878.4501659738,TRUE,FALSE,TRUE
15,196712,"o","2020-02-14 05:10:00",924.333333333333,TRUE,924.283333333333,0.0500000000000682,FALSE,TRUE,146.346729513701,0.813037386186121,2.92693459027003,4.14823550690709,135683.172288356,-73855.852315584,TRUE,FALSE,TRUE
15,196712,"p","2020-02-14 05:12:00",924.366666666667,TRUE,924.333333333333,0.0333333333339851,FALSE,TRUE,58.7626794059034,0.489688995039619,1.76288038214263,4.05731863470577,135737.976374973,-73877.7873027887,TRUE,FALSE,TRUE
15,196712,"p","2020-02-14 05:17:00",924.45,TRUE,924.366666666667,0.0833333333330302,FALSE,TRUE,146.050604331509,0.486835347773468,1.75260725198449,3.96611642655048,135873.536470551,-73933.9003606726,TRUE,FALSE,TRUE
15,196712,"p","2020-02-14 05:22:00",924.533333333333,TRUE,924.45,0.0833333333329165,FALSE,TRUE,146.050615262093,0.486835384209411,1.75260738315388,3.87464753941439,136009.096566131,-73990.0134185299,TRUE,FALSE,TRUE
15,196712,"p","2020-02-14 05:27:00",924.616666666667,TRUE,924.533333333333,0.0833333333340533,FALSE,TRUE,146.05062621127,0.486835420700027,1.7526075145201,3.73256613449904,136144.656661709,-74046.1264764097,TRUE,FALSE,TRUE
15,196712,"p","2020-02-14 05:32:00",924.7,TRUE,924.616666666667,0.0833333333330302,FALSE,TRUE,146.050637182054,0.486835457275283,1.75260764619102,3.59093469049927,136280.216757288,-74102.2395342778,TRUE,FALSE,TRUE
15,196712,"p","2020-02-14 05:37:00",924.783333333333,TRUE,924.7,0.0833333333329165,FALSE,TRUE,146.05064817152,0.4868354939075,1.752607778067,3.51275189287536,136415.776852866,-74158.3525921584,TRUE,FALSE,TRUE
15,196712,"o","2020-02-14 05:42:00",924.866666666667,TRUE,924.783333333333,0.0833333333340533,FALSE,TRUE,144.095449035598,0.480318163447843,1.72914538841223,3.43445202545007,136549.253844989,-74214.3560049398,TRUE,FALSE,TRUE
15,196712,"p","2020-02-14 05:47:00",924.95,TRUE,924.866666666667,0.0833333333330302,FALSE,TRUE,250.060160630746,0.833533868772186,3.00072192757987,3.39147372980996,136300.572122474,-74250.2443215707,TRUE,FALSE,TRUE
15,196712,"p","2020-02-14 05:52:00",925.033333333333,TRUE,924.95,0.0833333333329165,FALSE,TRUE,252.096566048589,0.840321886832835,3.02515879259821,3.34917423711398,136049.807296501,-74286.0229931301,TRUE,FALSE,TRUE
15,196712,"o","2020-02-14 05:55:00",925.083333333333,TRUE,925.033333333333,0.0500000000000682,FALSE,TRUE,148.350356320089,0.824168646221594,2.96700712639774,3.30525942137432,135902.278072455,-74307.3377187149,TRUE,FALSE,TRUE
15,196712,"p","2020-02-14 05:57:00",925.116666666667,TRUE,925.083333333333,0.0333333333339851,FALSE,TRUE,113.591163172227,0.946593026416711,3.40773489510016,3.27358704455509,136016.373035379,-74310.4905040556,TRUE,FALSE,TRUE
15,196712,"o","2020-02-14 06:02:00",925.2,TRUE,925.116666666667,0.0833333333330302,FALSE,TRUE,290.510730308705,0.968369101032538,3.48612876371714,3.24409227598376,136308.076984991,-74321.4588686159,TRUE,FALSE,TRUE
15,196712,"p","2020-02-14 06:07:00",925.283333333333,TRUE,925.2,0.0833333333329165,FALSE,TRUE,658.869634520461,2.19623211507919,7.90643561428509,3.33766745041714,136442.441999673,-74968.5797323966,TRUE,FALSE,TRUE
15,196712,"p","2020-02-14 06:12:00",925.366666666667,TRUE,925.283333333333,0.0833333333340533,FALSE,TRUE,662.082995842545,2.20694331945608,7.94499595004189,3.46979583650927,136575.94937781,-75619.168190709,TRUE,FALSE,TRUE
15,196712,"o","2020-02-14 06:15:00",925.416666666667,TRUE,925.366666666667,0.0499999999999545,FALSE,TRUE,392.615354424668,2.18119641347236,7.85230708850051,3.59944054692145,136655.715327469,-76004.8450203776,TRUE,FALSE,TRUE
15,196712,"p","2020-02-14 06:17:00",925.45,TRUE,925.416666666667,0.0333333333330756,FALSE,TRUE,86.5582085006615,0.721318404177755,2.59674625503992,3.58309747201007,136684.347645529,-75922.8607514473,TRUE,FALSE,TRUE
15,196712,"p","2020-02-14 06:22:00",925.533333333333,TRUE,925.45,0.0833333333329165,FALSE,TRUE,227.170973387313,0.757236577961499,2.7260516806614,3.57034623004111,136755.082247618,-75706.2094658091,TRUE,FALSE,TRUE
15,196712,"p","2020-02-14 06:27:00",925.616666666667,TRUE,925.533333333333,0.0833333333340533,FALSE,TRUE,227.17102597114,0.757236753230591,2.72605231163013,3.55759502112525,136825.816849707,-75489.5581801761,TRUE,FALSE,TRUE
15,196712,"p","2020-02-14 06:32:00",925.7,TRUE,925.616666666667,0.0833333333330302,FALSE,TRUE,227.171078628447,0.757236928764245,2.72605294355128,3.54484384524791,136896.551451796,-75272.9068945335,TRUE,FALSE,TRUE
15,196712,"p","2020-02-14 06:37:00",925.783333333333,TRUE,925.7,0.0833333333329165,FALSE,TRUE,227.171131359771,0.757237104536357,2.72605357633088,3.53293409748287,136967.286053886,-75056.2556089011,TRUE,FALSE,TRUE
15,196712,"p","2020-02-14 06:42:00",925.866666666667,TRUE,925.783333333333,0.0833333333340533,FALSE,TRUE,227.171184164851,0.757237280542959,2.72605420995465,3.5672457183489,137038.020655994,-74839.604323271,TRUE,FALSE,TRUE
15,196712,"o","2020-02-14 06:43:00",925.883333333333,TRUE,925.866666666667,0.0166666666659694,FALSE,TRUE,44.9589627007386,0.749316045043658,2.69753776215717,3.59763867035621,137054.240974535,-74797.5145367018,TRUE,FALSE,TRUE
15,196712,"p","2020-02-14 06:47:00",925.95,TRUE,925.883333333333,0.0666666666670608,FALSE,TRUE,360.521324451475,1.5021721852056,5.40781986674015,3.70331723655434,137416.375264945,-74806.9956273314,TRUE,FALSE,TRUE
15,196712,"o","2020-02-14 06:48:00",925.966666666667,TRUE,925.95,0.0166666666669926,FALSE,TRUE,89.3105130853943,1.48850855139413,5.35863078501887,3.80762943954697,137506.071629672,-74809.8174997941,TRUE,FALSE,TRUE
15,196712,"p","2020-02-14 06:52:00",926.033333333333,TRUE,925.966666666667,0.0666666666659239,FALSE,TRUE,166.6574043186,0.694405851335237,2.49986106480685,3.83666705760741,137670.51740734,-74841.3885992806,TRUE,FALSE,TRUE
15,196712,"p","2020-02-14 06:57:00",926.116666666667,TRUE,926.033333333333,0.0833333333340533,FALSE,TRUE,206.699702925213,0.688999009744756,2.48039643508112,3.62316302689823,137874.380182642,-74881.029326343,TRUE,FALSE,TRUE
15,196712,"p","2020-02-14 07:02:00",926.2,TRUE,926.116666666667,0.0833333333330302,FALSE,TRUE,206.699734114253,0.688999113716682,2.48039680938006,3.40672423172954,138078.242957943,-74920.6700534071,TRUE,FALSE,TRUE
15,196712,"p","2020-02-14 07:07:00",926.283333333333,TRUE,926.2,0.0833333333329165,FALSE,TRUE,206.699765361751,0.68899921787595,2.48039718435342,3.19388160595816,138282.105733245,-74960.3107804732,TRUE,FALSE,TRUE
15,196712,"p","2020-02-14 07:12:00",926.366666666667,TRUE,926.283333333333,0.0833333333340533,FALSE,TRUE,206.699796664785,0.688999322209998,2.48039755995599,3.18123446098803,138485.968508547,-74999.951507536,TRUE,FALSE,TRUE
15,196712,"p","2020-02-14 07:17:00",926.45,TRUE,926.366666666667,0.0833333333330302,FALSE,TRUE,206.699828026571,0.688999426757745,2.48039793632788,3.16847008248649,138689.831283848,-75039.5922345985,TRUE,FALSE,TRUE
15,196712,"p","2020-02-14 07:22:00",926.533333333333,TRUE,926.45,0.0833333333329165,FALSE,TRUE,205.893515513897,0.686311718383089,2.47072218617912,3.15543691340475,138893.004232034,-75078.5341486997,TRUE,FALSE,TRUE
15,196712,"p","2020-02-14 07:27:00",926.616666666667,TRUE,926.533333333333,0.0833333333340533,FALSE,TRUE,117.186606483802,0.390622021609298,1.40623927779347,3.11283475487182,138969.623963077,-74989.2743347355,TRUE,FALSE,TRUE
15,196712,"p","2020-02-14 07:32:00",926.7,TRUE,926.616666666667,0.0833333333330302,FALSE,TRUE,117.273006204473,0.390910020682997,1.40727607445879,3.0702613764422,139045.553867006,-74899.3157078056,TRUE,FALSE,TRUE
15,196712,"o","2020-02-14 07:34:00",926.733333333333,TRUE,926.7,0.033333333332962,FALSE,TRUE,47.0135966931519,0.391779972447297,1.41040790081027,3.02777497335043,139077.705597354,-74864.7644764562,TRUE,FALSE,TRUE
15,196712,"p","2020-02-14 07:37:00",926.783333333333,TRUE,926.733333333333,0.0499999999999545,FALSE,TRUE,262.033658487759,1.45574254715554,5.24067316975995,3.09168480785982,139319.525504508,-74968.7256575134,TRUE,FALSE,TRUE
15,196712,"o","2020-02-14 07:41:00",926.85,TRUE,926.783333333333,0.0666666666670608,FALSE,TRUE,350.632783169406,1.46096992986389,5.25949174751,3.15647806222759,139642.259787327,-75109.7920446576,TRUE,FALSE,TRUE
15,196712,"p","2020-02-14 07:42:00",926.866666666667,TRUE,926.85,0.0166666666669926,FALSE,TRUE,54.9225705842076,0.91537617638556,3.29535423498802,3.19904678036219,139648.920886272,-75164.4793548584,TRUE,FALSE,TRUE
15,196712,"p","2020-02-14 07:47:00",926.95,TRUE,926.866666666667,0.0833333333330302,FALSE,TRUE,276.253902999829,0.920846343336112,3.31504683601,3.24244787991845,139671.899955666,-75440.6251716152,TRUE,FALSE,TRUE
15,196712,"o","2020-02-14 07:51:00",927.016666666667,TRUE,926.95,0.0666666666669471,FALSE,TRUE,219.180088297388,0.913250367901944,3.287701324447,3.2850893782877,139691.252179207,-75659.6236953161,TRUE,FALSE,TRUE
15,196712,"p","2020-02-14 07:52:00",927.033333333333,TRUE,927.016666666667,0.0166666666659694,FALSE,TRUE,41.7767473752097,0.696279122949292,2.50660484261745,3.30603374851263,139730.819294972,-75645.6250924824,TRUE,FALSE,TRUE
15,196712,"p","2020-02-14 07:57:00",927.116666666667,TRUE,927.033333333333,0.0833333333340533,FALSE,TRUE,216.748496388416,0.722494987955143,2.60098195663851,3.32959970158062,139933.499713951,-75566.0414299189,TRUE,FALSE,TRUE
15,196712,"p","2020-02-14 08:02:00",927.2,TRUE,927.116666666667,0.0833333333330302,FALSE,TRUE,216.748549599477,0.722495165334217,2.60098259520318,3.35316566872329,140136.180132938,-75486.4577673249,TRUE,FALSE,TRUE
15,196712,"p","2020-02-14 08:07:00",927.283333333333,TRUE,927.2,0.0833333333329165,FALSE,TRUE,216.748602863231,0.722495342881052,2.60098323437179,3.37738338666661,140338.860551926,-75406.8741047393,TRUE,FALSE,TRUE
15,196712,"p","2020-02-14 08:12:00",927.366666666667,TRUE,927.283333333333,0.0833333333340533,FALSE,TRUE,216.748656192854,0.722495520636604,2.60098387429178,3.36627955185305,140541.540970914,-75327.2904421405,TRUE,FALSE,TRUE
15,196712,"p","2020-02-14 08:17:00",927.45,TRUE,927.366666666667,0.0833333333330302,FALSE,TRUE,216.7487095883,0.722495698630296,2.60098451506907,3.3544969330328,140744.221389901,-75247.7067795652,TRUE,FALSE,TRUE
15,196712,"p","2020-02-14 08:22:00",927.533333333333,TRUE,927.45,0.0833333333329165,FALSE,TRUE,216.748763010723,0.722495876706025,2.60098515614169,3.34432965608124,140946.901808858,-75168.1231170034,TRUE,FALSE,TRUE
15,196712,"o","2020-02-14 08:23:00",927.55,TRUE,927.533333333333,0.0166666666669926,FALSE,TRUE,38.9960685188787,0.649934475301937,2.33976411108697,3.31466380096976,140984.02705012,-75155.6096576713,TRUE,FALSE,TRUE
15,196712,"p","2020-02-14 08:27:00",927.616666666667,TRUE,927.55,0.0666666666670608,FALSE,TRUE,552.600254428093,2.30250106010344,8.28900381637239,3.44807699687685,140643.532091025,-75593.466562744,TRUE,FALSE,TRUE
15,196712,"o","2020-02-14 08:28:00",927.633333333333,TRUE,927.616666666667,0.0166666666659694,FALSE,TRUE,133.593691547088,2.22656152587795,8.01562149316064,3.45110993795673,140557.916685515,-75696.6798972283,TRUE,FALSE,TRUE
15,196712,"p","2020-02-14 08:32:00",927.7,TRUE,927.633333333333,0.0666666666670608,FALSE,TRUE,669.218617570137,2.78841090652575,10.0382792634927,3.5092566966637,140267.216317881,-75091.3955564586,TRUE,FALSE,TRUE
15,196712,"o","2020-02-14 08:34:00",927.733333333333,TRUE,927.7,0.033333333332962,FALSE,TRUE,331.410275089404,2.76175229244247,9.94230825279289,3.56731228456071,140125.800136918,-74790.4422449408,TRUE,FALSE,TRUE
15,196712,"p","2020-02-14 08:37:00",927.783333333333,TRUE,927.733333333333,0.0499999999999545,FALSE,TRUE,228.191267590075,1.26772926439046,4.56382535180564,3.62195337058198,140321.956399981,-74908.9561660672,TRUE,FALSE,TRUE
15,196712,"p","2020-02-14 08:42:00",927.866666666667,TRUE,927.783333333333,0.0833333333340533,FALSE,TRUE,390.176198555172,1.300587328506,4.68211438262161,3.67628844563643,140655.139305751,-75115.2122245504,TRUE,FALSE,TRUE
15,196712,"p","2020-02-14 08:47:00",927.95,TRUE,927.866666666667,0.0833333333330302,FALSE,TRUE,390.17625376167,1.30058751254363,4.68211504515708,3.73062352156773,140988.322211522,-75321.46828303,TRUE,FALSE,TRUE
15,196712,"p","2020-02-14 08:52:00",928.033333333333,TRUE,927.95,0.0833333333329165,FALSE,TRUE,390.176309354719,1.30058769785557,4.68211571228005,3.78495859847686,141321.505117293,-75527.7243415068,TRUE,FALSE,TRUE
15,196712,"o","2020-02-14 08:57:00",928.116666666667,TRUE,928.033333333333,0.0833333333340533,FALSE,TRUE,387.776154923564,1.29258718306738,4.65331385904256,3.83849360632997,141652.647438041,-75732.6970681594,TRUE,FALSE,TRUE
15,196712,"p","2020-02-14 09:02:00",928.2,TRUE,928.116666666667,0.0833333333330302,FALSE,TRUE,52.6518137512686,0.1755060458382,0.631821765017521,3.78032048285949,141609.431324032,-75702.234324334,TRUE,FALSE,TRUE
15,196712,"p","2020-02-14 09:07:00",928.283333333333,TRUE,928.2,0.0833333333329165,FALSE,TRUE,55.048904918829,0.183496349730348,0.660586859029252,3.72373851332816,141564.174624999,-75670.488248696,TRUE,FALSE,TRUE
15,196712,"o","2020-02-14 09:12:00",928.366666666667,TRUE,928.283333333333,0.0833333333340533,FALSE,TRUE,56.6364807468887,0.188788269154664,0.679637768956792,3.59240012172307,141517.611072671,-75637.8290190735,TRUE,FALSE,TRUE
15,196712,"p","2020-02-14 09:17:00",928.45,TRUE,928.366666666667,0.0833333333330302,FALSE,TRUE,347.888016088479,1.15962672029915,4.17465619307694,3.55951193861357,141231.296885699,-75437.6458239562,TRUE,FALSE,TRUE
15,196712,"o","2020-02-14 09:21:00",928.516666666667,TRUE,928.45,0.0666666666669471,FALSE,TRUE,270.759945426064,1.12816643927052,4.06139918137388,3.6028879974071,141009.366504734,-75280.5593756149,TRUE,FALSE,TRUE
15,196712,"p","2020-02-14 09:22:00",928.533333333333,TRUE,928.516666666667,0.0166666666659694,FALSE,TRUE,254.96412864529,4.24940214426594,15.2978477193574,3.95892831085922,141246.580017523,-75377.1488478986,TRUE,FALSE,TRUE
15,196712,"o","2020-02-14 09:27:00",928.616666666667,TRUE,928.533333333333,0.0833333333340533,FALSE,TRUE,1314.16630143335,4.38055433807333,15.769995617064,4.32808383329488,142467.995736603,-75878.0682463929,TRUE,FALSE,TRUE
15,196712,"p","2020-02-14 09:32:00",928.7,TRUE,928.616666666667,0.0833333333330302,FALSE,TRUE,385.088971903569,1.2836299063499,4.62106766285964,4.38754690214228,142683.317945686,-76198.9953468523,TRUE,FALSE,TRUE
15,196712,"p","2020-02-14 09:37:00",928.783333333333,TRUE,928.7,0.0833333333329165,FALSE,TRUE,381.259832503713,1.27086610835207,4.57511799006744,4.44573358075648,142893.156054086,-76518.9413298729,TRUE,FALSE,TRUE
15,196712,"p","2020-02-14 09:42:00",928.866666666667,TRUE,928.783333333333,0.0833333333340533,FALSE,TRUE,381.259811634848,1.27086603877185,4.57511773957865,4.50392024195789,143102.994162487,-76838.8873128944,TRUE,FALSE,TRUE
15,196712,"p","2020-02-14 09:47:00",928.95,TRUE,928.866666666667,0.0833333333330302,FALSE,TRUE,381.259791126166,1.27086597042518,4.57511749353063,4.5623756671621,143312.832270887,-77158.8332959151,TRUE,FALSE,TRUE
15,196712,"p","2020-02-14 09:52:00",929.033333333333,TRUE,928.95,0.0833333333329165,FALSE,TRUE,381.259770976507,1.27086590326138,4.57511725174096,4.65040005532731,143522.670379287,-77478.7792789323,TRUE,FALSE,TRUE
15,196712,"p","2020-02-14 09:57:00",929.116666666667,TRUE,929.033333333333,0.0833333333340533,FALSE,TRUE,381.259751179569,1.27086583725425,4.57511701411529,4.73839563698443,143732.508487688,-77798.7252619472,TRUE,FALSE,TRUE
15,196712,"p","2020-02-14 10:02:00",929.2,TRUE,929.116666666667,0.0833333333330302,FALSE,TRUE,381.259731745934,1.27086577249107,4.57511678096785,4.82630421698881,143942.346596088,-78118.6712449712,TRUE,FALSE,TRUE
15,196712,"p","2020-02-14 10:07:00",929.283333333333,TRUE,929.2,0.0833333333329165,FALSE,TRUE,381.259712664478,1.27086570888795,4.57511655199662,4.80781653316205,144152.184704489,-78438.6172279852,TRUE,FALSE,TRUE
15,196712,"p","2020-02-14 10:12:00",929.366666666667,TRUE,929.283333333333,0.0833333333340533,FALSE,TRUE,381.259693944204,1.2708656464697,4.57511632729092,4.78880610482263,144362.022812888,-78758.5632110107,TRUE,FALSE,TRUE
15,196712,"o","2020-02-14 10:14:00",929.4,TRUE,929.366666666667,0.033333333332962,FALSE,TRUE,150.406318261916,1.25338598552993,4.51218954790775,4.82260708573707,144443.285096619,-78885.7609575661,TRUE,FALSE,TRUE
15,196712,"p","2020-02-14 10:17:00",929.45,TRUE,929.4,0.0500000000000682,FALSE,TRUE,198.44421189262,1.10246784384638,3.96888423784698,4.8407692357881,144274.430397815,-78991.643631137,TRUE,FALSE,TRUE
15,196712,"p","2020-02-14 10:22:00",929.533333333333,TRUE,929.45,0.0833333333329165,FALSE,TRUE,333.8225046533,1.11274168218323,4.00587005585964,4.86071836721623,143988.550967094,-79166.8136760056,TRUE,FALSE,TRUE
15,196712,"p","2020-02-14 10:27:00",929.616666666667,TRUE,929.533333333333,0.0833333333340533,FALSE,TRUE,333.822371626491,1.11274123874536,4.00586845948328,4.90236457879583,143702.671536371,-79341.9837208698,TRUE,FALSE,TRUE
15,196712,"p","2020-02-14 10:32:00",929.7,TRUE,929.616666666667,0.0833333333330302,FALSE,TRUE,333.822238837844,1.11274079613019,4.0058668660687,4.94138915961334,143416.792105649,-79517.1537657416,TRUE,FALSE,TRUE
15,196712,"p","2020-02-14 10:37:00",929.783333333333,TRUE,929.7,0.0833333333329165,FALSE,TRUE,333.822106294458,1.11274035432043,4.00586527555354,4.98041367851196,143130.912674927,-79692.3238106111,TRUE,FALSE,TRUE
15,196712,"o","2020-02-14 10:40:00",929.833333333333,TRUE,929.783333333333,0.0500000000000682,FALSE,TRUE,197.208475198796,1.09560263999182,3.94416950397054,5.01772440822304,142963.063164686,-79797.4742106862,TRUE,FALSE,TRUE
15,196712,"p","2020-02-14 10:42:00",929.866666666667,TRUE,929.833333333333,0.0333333333339851,FALSE,TRUE,170.667798926174,1.4222316576903,5.12003396768509,5.08769802192841,143117.88773116,-79871.0823006971,TRUE,FALSE,TRUE
15,196712,"p","2020-02-14 10:47:00",929.95,TRUE,929.866666666667,0.0833333333330302,FALSE,TRUE,435.00034975302,1.45000116584867,5.22000419705523,5.16044856865024,143514.14451783,-80055.2234586303,TRUE,FALSE,TRUE
15,196712,"p","2020-02-14 10:52:00",930.033333333333,TRUE,929.95,0.0833333333329165,FALSE,TRUE,435.000449627101,1.45000149876426,5.22000539555132,5.23319913085607,143910.4013045,-80239.3646165706,TRUE,FALSE,TRUE
15,196712,"p","2020-02-14 10:57:00",930.116666666667,TRUE,930.033333333333,0.0833333333340533,FALSE,TRUE,435.000550038622,1.45000183344954,5.22000660041836,5.31320586667083,144306.65809117,-80423.5057745112,TRUE,FALSE,TRUE
15,196712,"p","2020-02-14 11:02:00",930.2,TRUE,930.116666666667,0.0833333333330302,FALSE,TRUE,435.000650966186,1.45000216989256,5.22000781161322,5.22795597764974,144702.914877819,-80607.6469324456,TRUE,FALSE,TRUE
15,196712,"o","2020-02-14 11:03:00",930.216666666667,TRUE,930.2,0.0166666666669926,FALSE,TRUE,84.8025217023264,1.4133753616778,5.08815130204009,5.14663736122972,144779.793303606,-80644.3299868958,TRUE,FALSE,TRUE
15,196712,"p","2020-02-14 11:07:00",930.283333333333,TRUE,930.216666666667,0.0666666666659239,FALSE,TRUE,129.677684300123,0.540323684589865,1.94516526452351,4.92182863903613,144747.111338657,-80770.2488634973,TRUE,FALSE,TRUE
15,196712,"o","2020-02-14 11:10:00",930.333333333333,TRUE,930.283333333333,0.0500000000000682,FALSE,TRUE,98.0117857933934,0.544509921073665,1.96023571586519,4.70010440189925,144722.1183498,-80865.3438304655,TRUE,FALSE,TRUE
15,196712,"p","2020-02-14 11:12:00",930.366666666667,TRUE,930.333333333333,0.0333333333339851,FALSE,TRUE,141.368848240402,1.17807373531364,4.24106544712912,4.69113884899157,144799.595309171,-80984.1928327484,TRUE,FALSE,TRUE
15,196712,"p","2020-02-14 11:17:00",930.45,TRUE,930.366666666667,0.0833333333330302,FALSE,TRUE,356.785248101019,1.18928416034105,4.2814229772278,4.68000853217508,144996.533166426,-81283.2270693765,TRUE,FALSE,TRUE
15,196712,"p","2020-02-14 11:22:00",930.533333333333,TRUE,930.45,0.0833333333329165,FALSE,TRUE,356.785234320226,1.1892841144067,4.28142281186413,4.66887819236139,145193.471023683,-81582.261305992,TRUE,FALSE,TRUE
15,196712,"p","2020-02-14 11:27:00",930.616666666667,TRUE,930.533333333333,0.0833333333340533,FALSE,TRUE,356.785220828488,1.18928406941802,4.28142264990487,4.65774782951763,145390.408880939,-81881.2955426071,TRUE,FALSE,TRUE
15,196712,"p","2020-02-14 11:32:00",930.7,TRUE,930.616666666667,0.0833333333330302,FALSE,TRUE,356.785207635496,1.18928402545598,4.28142249164153,4.64741751375649,145587.346738195,-82180.3297792347,TRUE,FALSE,TRUE
15,196712,"p","2020-02-14 11:37:00",930.783333333333,TRUE,930.7,0.0833333333329165,FALSE,TRUE,356.785194732421,1.18928398244735,4.28142233681047,4.74879530741741,145784.284595451,-82479.3640158583,TRUE,FALSE,TRUE
15,196712,"p","2020-02-14 11:42:00",930.866666666667,TRUE,930.783333333333,0.0833333333340533,FALSE,TRUE,356.785182118964,1.18928394038627,4.28142218539057,4.849374066483,145981.222452708,-82778.3982524697,TRUE,FALSE,TRUE
15,196712,"o","2020-02-14 11:45:00",930.916666666667,TRUE,930.866666666667,0.0499999999999545,FALSE,TRUE,213.525081553468,1.1862504530759,4.27050163107325,4.94912028487512,146099.463381498,-82957.1114374979,TRUE,FALSE,TRUE
15,196712,"p","2020-02-14 11:47:00",930.95,TRUE,930.916666666667,0.0333333333330756,FALSE,TRUE,107.923990463479,0.899366587202609,3.23771971392939,4.92309427156547,146183.962457871,-83024.9589329678,TRUE,FALSE,TRUE
15,196712,"p","2020-02-14 11:52:00",931.033333333333,TRUE,930.95,0.0833333333329165,FALSE,TRUE,268.860775904583,0.896202586353091,3.22632931087113,4.89989788627372,146395.405684898,-83192.8092792806,TRUE,FALSE,TRUE
15,196712,"p","2020-02-14 11:57:00",931.116666666667,TRUE,931.033333333333,0.0833333333340533,FALSE,TRUE,268.860796660342,0.896202655526729,3.22632955989622,4.5645779373998,146606.848911924,-83360.6596255913,TRUE,FALSE,TRUE
15,196712,"p","2020-02-14 12:02:00",931.2,TRUE,931.116666666667,0.0833333333330302,FALSE,TRUE,268.860817540802,0.896202725139266,3.22632981050136,4.2161427761064,146818.292138949,-83528.5099719059,TRUE,FALSE,TRUE
15,196712,"p","2020-02-14 12:07:00",931.283333333333,TRUE,931.2,0.0833333333329165,FALSE,TRUE,268.860838548517,0.896202795166206,3.22633006259834,4.17740006498803,147029.735365976,-83696.3603182169,TRUE,FALSE,TRUE
15,196712,"p","2020-02-14 12:12:00",931.366666666667,TRUE,931.283333333333,0.0833333333340533,FALSE,TRUE,268.860859681462,0.89620286559713,3.22633031614967,4.13993374071253,147241.178593002,-83864.2106645283,TRUE,FALSE,TRUE
15,196712,"p","2020-02-14 12:17:00",931.45,TRUE,931.366666666667,0.0833333333330302,FALSE,TRUE,268.860880941649,0.896202936475424,3.22633057131153,4.10246743048289,147452.621820028,-84032.0610108393,TRUE,FALSE,TRUE
15,196712,"p","2020-02-14 12:22:00",931.533333333333,TRUE,931.45,0.0833333333329165,FALSE,TRUE,268.860902327152,0.896203007761655,3.22633082794196,4.06500113421654,147664.065047054,-84199.9113571494,TRUE,FALSE,TRUE
15,196712,"p","2020-02-14 12:27:00",931.616666666667,TRUE,931.533333333333,0.0833333333340533,FALSE,TRUE,268.860923839884,0.896203079458536,3.22633108605073,4.02753485183626,147875.50827408,-84367.7617034689,TRUE,FALSE,TRUE
15,196712,"p","2020-02-14 12:32:00",931.7,TRUE,931.616666666667,0.0833333333330302,FALSE,TRUE,268.860945476885,0.896203151592878,3.22633134573436,3.99006858327012,148086.951501106,-84535.6120497733,TRUE,FALSE,TRUE
15,196712,"p","2020-02-14 12:37:00",931.783333333333,TRUE,931.7,0.0833333333329165,FALSE,TRUE,268.860967244009,0.896203224151179,3.22633160694424,3.95260232843613,148298.394728132,-84703.4623960925,TRUE,FALSE,TRUE
15,196712,"p","2020-02-14 12:42:00",931.866666666667,TRUE,931.783333333333,0.0833333333340533,FALSE,TRUE,268.860989132289,0.896203297099887,3.22633186955959,3.91513608725732,148509.837955158,-84871.312742399,TRUE,FALSE,TRUE
15,196712,"p","2020-02-14 12:47:00",931.95,TRUE,931.866666666667,0.0833333333330302,FALSE,TRUE,268.861011148071,0.896203370496831,3.22633213378859,3.87766985966004,148721.281182183,-85039.1630887112,TRUE,FALSE,TRUE
15,196712,"o","2020-02-14 12:50:00",932,TRUE,931.95,0.0499999999999545,FALSE,TRUE,161.266474838467,0.89592486021452,3.22532949677227,3.84192374712849,148848.119208493,-85139.8275246055,TRUE,FALSE,TRUE
15,196712,"p","2020-02-14 12:52:00",932.033333333333,TRUE,932,0.033333333332962,FALSE,TRUE,103.883537014193,0.865696141794589,3.11650611046052,3.81824657692332,148930.653980554,-85203.6179587766,TRUE,FALSE,TRUE
15,196712,"p","2020-02-14 12:57:00",932.116666666667,TRUE,932.033333333333,0.0833333333340533,FALSE,TRUE,259.584111951747,0.865280373165014,3.11500934339405,3.79350044602149,149136.92113594,-85362.9796144867,TRUE,FALSE,TRUE
15,196712,"p","2020-02-14 13:02:00",932.2,TRUE,932.116666666667,0.0833333333330302,FALSE,TRUE,259.584133861253,0.865280446207325,3.11500960634637,3.76875436676769,149343.188291326,-85522.3412701808,TRUE,FALSE,TRUE
15,196712,"p","2020-02-14 13:07:00",932.283333333333,TRUE,932.2,0.0833333333329165,FALSE,TRUE,259.584155886265,0.865280519625211,3.11500987065076,3.74400833911719,149549.455446712,-85681.7029258992,TRUE,FALSE,TRUE
15,196712,"p","2020-02-14 13:12:00",932.366666666667,TRUE,932.283333333333,0.0833333333340533,FALSE,TRUE,259.584178021795,0.865280593398507,3.11501013623463,3.719262363025,149755.722602099,-85841.0645815953,TRUE,FALSE,TRUE
15,196712,"p","2020-02-14 13:17:00",932.45,TRUE,932.366666666667,0.0833333333330302,FALSE,TRUE,259.584200272932,0.865280667579589,3.11501040328652,3.69623016578378,149961.989757484,-86000.4262373044,TRUE,FALSE,TRUE
15,196712,"p","2020-02-14 13:22:00",932.533333333333,TRUE,932.45,0.0833333333329165,FALSE,TRUE,259.584222633492,0.86528074211597,3.11501067161749,3.64053507422634,150168.256912866,-86159.7878930057,TRUE,FALSE,TRUE
15,196712,"o","2020-02-14 13:23:00",932.55,TRUE,932.533333333333,0.0166666666669926,FALSE,TRUE,51.4976221881631,0.858293703119269,3.08985733122937,3.5813643279534,150209.051302303,-86191.5646075965,TRUE,FALSE,TRUE
15,196712,"p","2020-02-14 13:27:00",932.616666666667,TRUE,932.55,0.0666666666670608,FALSE,TRUE,148.901503819489,0.620422932577537,2.23352255727913,3.49840647133473,150306.418290151,-86304.9633858753,TRUE,FALSE,TRUE
15,196712,"p","2020-02-14 13:32:00",932.7,TRUE,932.616666666667,0.0833333333330302,FALSE,TRUE,185.665104981795,0.6188836832749,2.22798125978964,3.41529465631727,150427.553222904,-86446.5923380508,TRUE,FALSE,TRUE
15,196712,"p","2020-02-14 13:37:00",932.783333333333,TRUE,932.7,0.0833333333329165,FALSE,TRUE,185.665108102284,0.618883693677376,2.22798129723855,3.33218280869575,150548.688155659,-86588.2212902089,TRUE,FALSE,TRUE
15,196712,"p","2020-02-14 13:42:00",932.866666666667,TRUE,932.783333333333,0.0833333333340533,FALSE,TRUE,185.665111270895,0.618883704230969,2.22798133523149,3.25273364295106,150669.823088412,-86729.8502423858,TRUE,FALSE,TRUE
15,196712,"p","2020-02-14 13:47:00",932.95,TRUE,932.866666666667,0.0833333333330302,FALSE,TRUE,185.6651144746,0.618883714917585,2.22798137370331,3.26058964598384,150790.958021165,-86871.4791945471,TRUE,FALSE,TRUE
15,196712,"p","2020-02-14 13:52:00",933.033333333333,TRUE,932.95,0.0833333333329165,FALSE,TRUE,185.665117725751,0.618883725755599,2.22798141272016,3.26802702645203,150912.092953919,-87013.1081467145,TRUE,FALSE,TRUE
15,196712,"p","2020-02-14 13:57:00",933.116666666667,TRUE,933.033333333333,0.0833333333340533,FALSE,TRUE,185.665121015563,0.618883736713195,2.2279814521675,3.21210802659199,151033.227886672,-87154.7370988822,TRUE,FALSE,TRUE
15,196712,"p","2020-02-14 14:02:00",933.2,TRUE,933.116666666667,0.0833333333330302,FALSE,TRUE,185.665124343511,0.618883747813956,2.22798149213024,3.15506798533928,151154.362819426,-87296.3660510412,TRUE,FALSE,TRUE
15,196712,"p","2020-02-14 14:07:00",933.283333333333,TRUE,933.2,0.0833333333329165,FALSE,TRUE,185.66512771933,0.618883759067529,2.22798153264311,3.09802794980536,151275.49775218,-87437.9950032162,TRUE,FALSE,TRUE
15,196712,"p","2020-02-14 14:12:00",933.366666666667,TRUE,933.283333333333,0.0833333333340533,FALSE,TRUE,185.665131128591,0.61888377042329,2.22798157352384,3.04098791990589,151396.632684933,-87579.6239553806,TRUE,FALSE,TRUE
15,196712,"p","2020-02-14 14:17:00",933.45,TRUE,933.366666666667,0.0833333333330302,FALSE,TRUE,185.665134586502,0.618883781957259,2.22798161504613,2.98394789555601,151517.767617687,-87721.2529075466,TRUE,FALSE,TRUE
15,196712,"p","2020-02-14 14:22:00",933.533333333333,TRUE,933.45,0.0833333333329165,FALSE,TRUE,185.665138083951,0.618883793616264,2.22798165701855,2.9269078766729,151638.90255044,-87862.8818597145,TRUE,FALSE,TRUE
15,196712,"p","2020-02-14 14:27:00",933.616666666667,TRUE,933.533333333333,0.0833333333340533,FALSE,TRUE,185.665141621034,0.618883805398099,2.22798169943316,2.86986786317409,151760.037483194,-88004.5108118728,TRUE,FALSE,TRUE
15,196712,"p","2020-02-14 14:32:00",933.7,TRUE,933.616666666667,0.0833333333330302,FALSE,TRUE,185.665145200262,0.618883817336459,2.22798174241125,2.81313119960014,151881.172415947,-88146.1397640379,TRUE,FALSE,TRUE
15,196712,"p","2020-02-14 14:37:00",933.783333333333,TRUE,933.7,0.0833333333329165,FALSE,TRUE,185.665148821733,0.618883829408874,2.22798178587195,2.78508292382077,152002.307348702,-88287.768716203,TRUE,FALSE,TRUE
15,196712,"p","2020-02-14 14:42:00",933.866666666667,TRUE,933.783333333333,0.0833333333340533,FALSE,TRUE,185.665152483104,0.618883841604999,2.227981829778,2.75735104934596,152123.442281455,-88429.3976683675,TRUE,FALSE,TRUE
15,196712,"p","2020-02-14 14:47:00",933.95,TRUE,933.866666666667,0.0833333333330302,FALSE,TRUE,185.66515618779,0.618883853961552,2.22798187426159,2.72961916918944,152244.577214208,-88571.0266205422,TRUE,FALSE,TRUE
15,196712,"p","2020-02-14 14:52:00",934.033333333333,TRUE,933.95,0.0833333333329165,FALSE,TRUE,185.66515993195,0.618883866442929,2.22798191919455,2.70188728331981,152365.712146962,-88712.6555727063,TRUE,FALSE,TRUE
15,196712,"p","2020-02-14 14:57:00",934.116666666667,TRUE,934.033333333333,0.0833333333340533,FALSE,TRUE,185.665163719753,0.618883879060495,2.22798196461778,2.67415539170924,152486.847079715,-88854.28452487,TRUE,FALSE,TRUE
15,196712,"o","2020-02-14 15:01:00",934.183333333333,TRUE,934.116666666667,0.0666666666660376,FALSE,TRUE,148.550444631502,0.618960185970433,2.22825666949356,2.64643112374657,152583.766516974,-88967.6020428941,TRUE,FALSE,TRUE
15,196712,"p","2020-02-14 15:02:00",934.2,TRUE,934.183333333333,0.0166666666669926,FALSE,TRUE,37.7939039222211,0.629898398691367,2.26763423528892,2.61980066996816,152608.408230457,-88996.4459703928,TRUE,FALSE,TRUE
15,196712,"p","2020-02-14 15:07:00",934.283333333333,TRUE,934.2,0.0833333333329165,FALSE,TRUE,189.061078225775,0.630203594089068,2.26873293872064,2.5932007286009,152731.674253149,-89140.7373893653,TRUE,FALSE,TRUE
15,196712,"p","2020-02-14 15:12:00",934.366666666667,TRUE,934.283333333333,0.0833333333340533,FALSE,TRUE,189.061082258685,0.630203607523505,2.26873298708462,2.5666007814074,152854.940275841,-89285.0288083368,TRUE,FALSE,TRUE
15,196712,"p","2020-02-14 15:17:00",934.45,TRUE,934.366666666667,0.0833333333330302,FALSE,TRUE,189.06108633041,0.630203621103659,2.26873303597317,2.54000082835848,152978.206298533,-89429.3202272994,TRUE,FALSE,TRUE
15,196712,"p","2020-02-14 15:22:00",934.533333333333,TRUE,934.45,0.0833333333329165,FALSE,TRUE,189.06109045072,0.630203634838885,2.26873308541999,2.51340086942725,153101.472321226,-89573.6116462663,TRUE,FALSE,TRUE
15,196712,"p","2020-02-14 15:27:00",934.616666666667,TRUE,934.533333333333,0.0833333333340533,FALSE,TRUE,189.061094609465,0.63020364869277,2.26873313529397,2.48680090458654,153224.738343918,-89717.9030652365,TRUE,FALSE,TRUE
15,196712,"p","2020-02-14 15:32:00",934.7,TRUE,934.616666666667,0.0833333333330302,FALSE,TRUE,189.061098820115,0.630203662736008,2.26873318584963,2.46020093381046,153348.004366611,-89862.1944842078,TRUE,FALSE,TRUE
15,196712,"p","2020-02-14 15:37:00",934.783333333333,TRUE,934.7,0.0833333333329165,FALSE,TRUE,189.061103065209,0.630203676887183,2.26873323679386,2.43362881547772,153471.270389303,-90006.4859031761,TRUE,FALSE,TRUE
15,196712,"p","2020-02-14 15:42:00",934.866666666667,TRUE,934.783333333333,0.0833333333340533,FALSE,TRUE,189.061107357224,0.630203691185302,2.26873328826709,2.41007957041679,153594.536411995,-90150.7773221427,TRUE,FALSE,TRUE
15,196712,"p","2020-02-14 15:47:00",934.95,TRUE,934.866666666667,0.0833333333330302,FALSE,TRUE,189.061111697376,0.630203705660211,2.26873334037676,2.38657190366631,153717.802434687,-90295.0687411119,TRUE,FALSE,TRUE
15,196712,"p","2020-02-14 15:52:00",935.033333333333,TRUE,934.95,0.0833333333329165,FALSE,TRUE,189.061116076846,0.630203720259305,2.2687333929335,2.36306423107151,153841.06845738,-90439.3601600731,TRUE,FALSE,TRUE
15,196712,"p","2020-02-14 15:57:00",935.116666666667,TRUE,935.033333333333,0.0833333333340533,FALSE,TRUE,189.061120500924,0.630203734997633,2.26873344599148,2.33955655260875,153964.334480072,-90583.6515790381,TRUE,FALSE,TRUE
15,196712,"p","2020-02-14 16:02:00",935.2,TRUE,935.116666666667,0.0833333333330302,FALSE,TRUE,189.061124969131,0.630203749899395,2.26873349963782,2.31604886825884,154087.600502764,-90727.9429980142,TRUE,FALSE,TRUE
15,196712,"p","2020-02-14 16:07:00",935.283333333333,TRUE,935.2,0.0833333333329165,FALSE,TRUE,189.061129479863,0.630203764936028,2.2687335537697,2.29254117799449,154210.866525456,-90872.2344169789,TRUE,FALSE,TRUE
15,196712,"p","2020-02-14 16:12:00",935.366666666667,TRUE,935.283333333333,0.0833333333340533,FALSE,TRUE,189.061134034886,0.63020378011084,2.26873360839903,2.26903348179397,154334.132548149,-91016.5258359499,TRUE,FALSE,TRUE
15,196712,"p","2020-02-14 16:17:00",935.45,TRUE,935.366666666667,0.0833333333330302,FALSE,TRUE,189.061138635505,0.630203795453975,2.26873366363431,2.24622449102744,154457.398570841,-91160.8172549182,TRUE,FALSE,TRUE
15,196712,"p","2020-02-14 16:22:00",935.533333333333,TRUE,935.45,0.0833333333329165,FALSE,TRUE,189.061143277836,0.630203810929272,2.26873371934538,2.24720257886262,154580.664593534,-91305.1086738805,TRUE,FALSE,TRUE
15,196712,"p","2020-02-14 16:27:00",935.616666666667,TRUE,935.533333333333,0.0833333333340533,FALSE,TRUE,189.061147963477,0.630203826539477,2.26873377554212,2.24833459318908,154703.930616226,-91449.4000928457,TRUE,FALSE,TRUE
15,196712,"p","2020-02-14 16:32:00",935.7,TRUE,935.616666666667,0.0833333333330302,FALSE,TRUE,189.061152701032,0.630203842339066,2.26873383242064,2.24946660805524,154827.196638919,-91593.6915118265,TRUE,FALSE,TRUE
15,196712,"o","2020-02-14 16:33:00",935.716666666667,TRUE,935.7,0.0166666666669926,FALSE,TRUE,38.2935539562435,0.638225899258245,2.29761323732968,2.25140082755797,154851.899626869,-91623.1398887103,TRUE,FALSE,TRUE
15,196712,"p","2020-02-14 16:37:00",935.783333333333,TRUE,935.716666666667,0.0666666666659239,FALSE,TRUE,227.667545103761,0.948614771276238,3.41501317659446,2.28437393319384,154957.848784625,-91825.532176169,TRUE,FALSE,TRUE
15,196712,"p","2020-02-14 16:42:00",935.866666666667,TRUE,935.783333333333,0.0833333333340533,FALSE,TRUE,285.264983667383,0.950883278883062,3.42317980397902,2.31757388850658,155090.347461084,-92079.2601518674,TRUE,FALSE,TRUE
15,196712,"p","2020-02-14 16:47:00",935.95,TRUE,935.866666666667,0.0833333333330302,FALSE,TRUE,285.264972495739,0.950883241655921,3.42317966996132,2.35077383900086,155222.846137545,-92332.9881275568,TRUE,FALSE,TRUE
15,196712,"p","2020-02-14 16:52:00",936.033333333333,TRUE,935.95,0.0833333333329165,FALSE,TRUE,285.264961476047,0.950883204924912,3.42317953772968,2.38397378471195,155355.344814005,-92586.7161032569,TRUE,FALSE,TRUE
15,196712,"p","2020-02-14 16:57:00",936.116666666667,TRUE,936.033333333333,0.0833333333340533,FALSE,TRUE,285.264950601679,0.950883168664049,3.42317940719058,2.4171737256716,155487.843490466,-92840.4440789514,TRUE,FALSE,TRUE
15,196712,"p","2020-02-14 17:02:00",936.2,TRUE,936.116666666667,0.0833333333330302,FALSE,TRUE,285.264939881027,0.950883132940218,3.42317927858478,2.4503736619233,155620.342166926,-93094.1720546432,TRUE,FALSE,TRUE
15,196712,"p","2020-02-14 17:07:00",936.283333333333,TRUE,936.2,0.0833333333329165,FALSE,TRUE,285.264929307463,0.950883097696298,3.42317915170667,2.4835735934972,155752.840843387,-93347.900030334,TRUE,FALSE,TRUE
15,196712,"p","2020-02-14 17:12:00",936.366666666667,TRUE,936.283333333333,0.0833333333340533,FALSE,TRUE,285.26491887957,0.950883062923684,3.42317902652526,2.51677352042794,155885.339519846,-93601.6280060268,TRUE,FALSE,TRUE
15,196712,"p","2020-02-14 17:17:00",936.45,TRUE,936.366666666667,0.0833333333330302,FALSE,TRUE,285.264908611103,0.950883028707136,3.42317890334569,2.54997344275885,156017.838196306,-93855.3559817308,TRUE,FALSE,TRUE
15,196712,"p","2020-02-14 17:22:00",936.533333333333,TRUE,936.45,0.0833333333329165,FALSE,TRUE,285.264898486442,0.950882994959562,3.42317878185442,2.58317336052116,156150.336872766,-94109.0839574293,TRUE,FALSE,TRUE
15,196712,"p","2020-02-14 17:27:00",936.616666666667,TRUE,936.533333333333,0.0833333333340533,FALSE,TRUE,285.264888508394,0.950882961686431,3.42317866207115,2.61637327374891,156282.835549226,-94362.8119331239,TRUE,FALSE,TRUE
15,196712,"p","2020-02-14 17:32:00",936.7,TRUE,936.616666666667,0.0833333333330302,FALSE,TRUE,285.264878684858,0.950882928952986,3.42317854423075,2.64957318248371,156415.334225687,-94616.5399088107,TRUE,FALSE,TRUE
15,196712,"p","2020-02-14 17:37:00",936.783333333333,TRUE,936.7,0.0833333333329165,FALSE,TRUE,285.264869009425,0.95088289670284,3.42317842813022,2.68277308675784,156547.832902147,-94870.2678845108,TRUE,FALSE,TRUE
15,196712,"p","2020-02-14 17:42:00",936.866666666667,TRUE,936.783333333333,0.0833333333340533,FALSE,TRUE,285.264859482639,0.950882864933914,3.42317831376209,2.71597298660694,156680.331578606,-95123.9958602079,TRUE,FALSE,TRUE
15,196712,"p","2020-02-14 17:47:00",936.95,TRUE,936.866666666667,0.0833333333330302,FALSE,TRUE,285.264850104996,0.950882833686779,3.4231782012724,2.74917288206957,156812.830255067,-95377.7238359032,TRUE,FALSE,TRUE
15,196712,"p","2020-02-14 17:52:00",937.033333333333,TRUE,936.95,0.0833333333329165,FALSE,TRUE,285.264840878484,0.950882802933037,3.42317809055893,2.78236514376583,156945.328931528,-95631.4518115908,TRUE,FALSE,TRUE
15,196712,"o","2020-02-14 17:56:00",937.1,TRUE,937.033333333333,0.0666666666670608,FALSE,TRUE,228.874331411225,0.953643047541132,3.43311497114807,2.8147396086508,157053.618831126,-95833.978898846,TRUE,FALSE,TRUE
15,196712,"p","2020-02-14 17:57:00",937.116666666667,TRUE,937.1,0.0166666666669926,FALSE,TRUE,113.919357112003,1.8986559518296,6.83516142658654,2.94158484442486,157162.802200414,-95868.2923733332,TRUE,FALSE,TRUE
15,196712,"p","2020-02-14 18:02:00",937.2,TRUE,937.116666666667,0.0833333333330302,FALSE,TRUE,579.815884876513,1.93271961626207,6.95779061854347,3.07183644529871,157720.17383889,-96037.5832792815,TRUE,FALSE,TRUE
15,196712,"p","2020-02-14 18:07:00",937.283333333333,TRUE,937.2,0.0833333333329165,FALSE,TRUE,579.816151205291,1.93272050402731,6.9577938144983,3.20208813359108,158277.545477387,-96206.8741852091,TRUE,FALSE,TRUE
15,196712,"p","2020-02-14 18:12:00",937.366666666667,TRUE,937.283333333333,0.0833333333340533,FALSE,TRUE,579.816418789353,1.93272139594781,6.95779702541212,3.33233990970197,158834.917115882,-96376.1650911426,TRUE,FALSE,TRUE
15,196712,"o","2020-02-14 18:15:00",937.416666666667,TRUE,937.366666666667,0.0499999999999545,FALSE,TRUE,344.110097282894,1.91172276268448,6.88220194566413,3.46049182110114,159165.536979149,-96477.1905127828,TRUE,FALSE,TRUE
15,196712,"p","2020-02-14 18:17:00",937.45,TRUE,937.416666666667,0.0333333333330756,FALSE,TRUE,61.5615316310023,0.513012763595651,1.84684594894434,3.44877273118711,159110.1635501,-96504.7207206259,TRUE,FALSE,TRUE
15,196712,"p","2020-02-14 18:22:00",937.533333333333,TRUE,937.45,0.0833333333329165,FALSE,TRUE,161.855117994315,0.539517059983749,1.9422614159415,3.43970406949676,158962.222177897,-96572.173435441,TRUE,FALSE,TRUE
15,196712,"p","2020-02-14 18:27:00",937.616666666667,TRUE,937.533333333333,0.0833333333340533,FALSE,TRUE,161.855086340435,0.539516954463456,1.94226103606844,3.43063539582458,158814.280805696,-96639.6261502386,TRUE,FALSE,TRUE
15,196712,"p","2020-02-14 18:32:00",937.7,TRUE,937.616666666667,0.0833333333330302,FALSE,TRUE,161.855054715378,0.539516849053221,1.9422606565916,3.42156671016388,158666.339433494,-96707.0788650429,TRUE,FALSE,TRUE
15,196712,"p","2020-02-14 18:37:00",937.783333333333,TRUE,937.7,0.0833333333329165,FALSE,TRUE,161.855023116325,0.539516743723783,1.94226027740562,3.41249801251033,158518.398061292,-96774.5315798443,TRUE,FALSE,TRUE
15,196712,"p","2020-02-14 18:42:00",937.866666666667,TRUE,937.783333333333,0.0833333333340533,FALSE,TRUE,161.854991547476,0.539516638486925,1.94225989855293,3.40342930285926,158370.456689091,-96841.9842946549,TRUE,FALSE,TRUE
15,196712,"p","2020-02-14 18:47:00",937.95,TRUE,937.866666666667,0.0833333333330302,FALSE,TRUE,161.854960003687,0.539516533347585,1.94225952005131,3.39436058120407,158222.515316889,-96909.4370094522,TRUE,FALSE,TRUE
15,196712,"p","2020-02-14 18:52:00",938.033333333333,TRUE,937.95,0.0833333333329165,FALSE,TRUE,161.854928469348,0.539516428233857,1.94225914164189,3.38529184753386,158074.573944703,-96976.8897242437,TRUE,FALSE,TRUE
15,196712,"o","2020-02-14 18:53:00",938.05,TRUE,938.033333333333,0.0166666666669926,FALSE,TRUE,30.0728528539405,0.501214214222541,1.80437117120115,3.37239289094503,158046.846288969,-96988.884119099,TRUE,FALSE,TRUE
15,196712,"p","2020-02-14 18:57:00",938.116666666667,TRUE,938.05,0.0666666666670608,FALSE,TRUE,227.168747065097,0.946536446098973,3.4075312059563,3.40402615600953,158202.683530983,-96822.3662116223,TRUE,FALSE,TRUE
15,196712,"p","2020-02-14 19:02:00",938.2,TRUE,938.116666666667,0.0833333333330302,FALSE,TRUE,286.903689187656,0.956345630629,3.4428442702644,3.4366403379795,158399.805856904,-96612.3486421304,TRUE,FALSE,TRUE
15,196712,"p","2020-02-14 19:07:00",938.283333333333,TRUE,938.2,0.0833333333329165,FALSE,TRUE,286.903785910506,0.956345953039803,3.44284543094329,3.46925455062953,158596.928182826,-96402.3310726393,TRUE,FALSE,TRUE
15,196712,"p","2020-02-14 19:12:00",938.366666666667,TRUE,938.283333333333,0.0833333333340533,FALSE,TRUE,286.903882785664,0.956346275943951,3.44284659339822,3.50186879399002,158794.050508746,-96192.3135031424,TRUE,FALSE,TRUE
15,196712,"p","2020-02-14 19:17:00",938.45,TRUE,938.366666666667,0.0833333333330302,FALSE,TRUE,286.903979810491,0.956346599371783,3.44284775773842,3.53368086400137,158991.172834667,-95982.2959336551,TRUE,FALSE,TRUE
15,196712,"p","2020-02-14 19:22:00",938.533333333333,TRUE,938.45,0.0833333333329165,FALSE,TRUE,286.904076992668,0.956346923313678,3.44284892392924,3.53445407920512,159188.295160589,-95772.278364159,TRUE,FALSE,TRUE
15,196712,"p","2020-02-14 19:27:00",938.616666666667,TRUE,938.533333333333,0.0833333333340533,FALSE,TRUE,286.904174321937,0.956347247731526,3.4428500918335,3.53500047608996,159385.41748651,-95562.2607946616,TRUE,FALSE,TRUE
15,196712,"p","2020-02-14 19:32:00",938.7,TRUE,938.616666666667,0.0833333333330302,FALSE,TRUE,286.904271811463,0.956347572708357,3.44285126175009,3.53554690919521,159582.539812431,-95352.2432251676,TRUE,FALSE,TRUE
15,196712,"p","2020-02-14 19:37:00",938.783333333333,TRUE,938.7,0.0833333333329165,FALSE,TRUE,286.904369446113,0.956347898158493,3.44285243337058,3.53609337851857,159779.662138353,-95142.2256556701,TRUE,FALSE,TRUE
15,196712,"o","2020-02-14 19:39:00",938.816666666667,TRUE,938.783333333333,0.0333333333339851,FALSE,TRUE,117.130189692539,0.976084914085409,3.51390569070747,3.5386135530607,159859.871825719,-95056.2364211637,TRUE,FALSE,TRUE
15,196712,"p","2020-02-14 19:42:00",938.866666666667,TRUE,938.816666666667,0.0500000000000682,FALSE,TRUE,435.099640256513,2.417220223644,8.70199280511839,3.68524726213108,160128.20114175,-94711.6403037534,TRUE,FALSE,TRUE
15,196712,"p","2020-02-14 19:47:00",938.95,TRUE,938.866666666667,0.0833333333330302,FALSE,TRUE,729.151929931377,2.43050643311343,8.74982315920836,3.83320959567279,160577.684596802,-94134.0097635296,TRUE,FALSE,TRUE
15,196712,"p","2020-02-14 19:52:00",939.033333333333,TRUE,938.95,0.0833333333329165,FALSE,TRUE,729.152548191929,2.43050849398525,8.74983057834691,3.98117213877895,161027.168051852,-93556.3792233143,TRUE,FALSE,TRUE
15,196712,"o","2020-02-14 19:54:00",939.066666666667,TRUE,939.033333333333,0.0333333333339851,FALSE,TRUE,287.183002644375,2.39319168865632,8.61549007916277,4.12540300477387,161203.160197789,-93328.0714144597,TRUE,FALSE,TRUE
15,196712,"p","2020-02-14 19:57:00",939.116666666667,TRUE,939.066666666667,0.0500000000000682,FALSE,TRUE,155.08922117135,0.861606784284101,3.10178442342276,4.11647538370632,161053.673312184,-93284.1294564597,TRUE,FALSE,TRUE
15,196712,"p","2020-02-14 20:02:00",939.2,TRUE,939.116666666667,0.0833333333330302,FALSE,TRUE,263.313823306445,0.877712744358011,3.15976587968884,4.10915836197348,160798.193109367,-93215.46687184,TRUE,FALSE,TRUE
15,196712,"p","2020-02-14 20:07:00",939.283333333333,TRUE,939.2,0.0833333333329165,FALSE,TRUE,263.313765327862,0.877712551097263,3.15976518395015,4.10184132418791,160542.712906549,-93146.8042872086,TRUE,FALSE,TRUE
15,196712,"p","2020-02-14 20:12:00",939.366666666667,TRUE,939.283333333333,0.0833333333340533,FALSE,TRUE,263.313707465899,0.877712358212081,3.15976448956349,4.09452427033883,160287.232703733,-93078.1417025859,TRUE,FALSE,TRUE
15,196712,"p","2020-02-14 20:17:00",939.45,TRUE,939.366666666667,0.0833333333330302,FALSE,TRUE,263.313649724551,0.877712165751697,3.15976379670611,4.08720720042061,160031.752500916,-93009.4791179672,TRUE,FALSE,TRUE
15,196712,"p","2020-02-14 20:22:00",939.533333333333,TRUE,939.45,0.0833333333329165,FALSE,TRUE,263.313592102238,0.877711973678516,3.15976310524266,4.07989011441979,159776.272298099,-92940.816533337,TRUE,FALSE,TRUE
15,196712,"p","2020-02-14 20:27:00",939.616666666667,TRUE,939.533333333333,0.0833333333340533,FALSE,TRUE,263.313534599827,0.87771178199184,3.15976241517063,4.07257301232567,159520.792095282,-92872.1539487178,TRUE,FALSE,TRUE
15,196712,"p","2020-02-14 20:32:00",939.7,TRUE,939.616666666667,0.0833333333330302,FALSE,TRUE,263.313477182159,0.877711590610389,3.1597617261974,4.06497986663259,159265.311892499,-92803.4913641011,TRUE,FALSE,TRUE
15,196712,"o","2020-02-14 20:33:00",939.716666666667,TRUE,939.7,0.0166666666669926,FALSE,TRUE,48.7023652303937,0.811706087157356,2.92214191376648,3.95628488016537,159218.041917095,-92790.8526684508,TRUE,FALSE,TRUE
15,196712,"p","2020-02-14 20:37:00",939.783333333333,TRUE,939.716666666667,0.0666666666659239,FALSE,TRUE,373.084773674527,1.55451989032785,5.59627160518025,3.91846490757195,159577.486390241,-92897.1137268896,TRUE,FALSE,TRUE
15,196712,"p","2020-02-14 20:42:00",939.866666666667,TRUE,939.783333333333,0.0833333333340533,FALSE,TRUE,471.307013221035,1.57102337738987,5.65568415860355,3.8822951949082,160031.574563166,-93031.3073265291,TRUE,FALSE,TRUE
15,196712,"p","2020-02-14 20:47:00",939.95,TRUE,939.866666666667,0.0833333333330302,FALSE,TRUE,471.307192705554,1.57102397569089,5.65568631248722,3.84612545288251,160485.662736091,-93165.5009261701,TRUE,FALSE,TRUE
15,196712,"p","2020-02-14 20:52:00",940.033333333333,TRUE,939.95,0.0833333333329165,FALSE,TRUE,471.30737287405,1.57102457625469,5.65568847451689,3.81205563423953,160939.750909016,-93299.6945258232,TRUE,FALSE,TRUE
15,196712,"p","2020-02-14 20:57:00",940.116666666667,TRUE,940.033333333333,0.0833333333340533,FALSE,TRUE,471.307553727068,1.57102517907665,5.65569064467595,3.91785687578763,161393.839081941,-93433.8881254653,TRUE,FALSE,TRUE
15,196712,"p","2020-02-14 21:02:00",940.2,TRUE,940.116666666667,0.0833333333330302,FALSE,TRUE,471.307735262966,1.5710257842156,5.65569282317617,4.02100774821082,161847.927254865,-93568.0817251166,TRUE,FALSE,TRUE
15,196712,"o","2020-02-14 21:06:00",940.266666666667,TRUE,940.2,0.0666666666669471,FALSE,TRUE,371.966321018302,1.54985967090307,5.57949481525107,4.12204201985478,162207.504322406,-93669.8540076738,TRUE,FALSE,TRUE
15,196712,"p","2020-02-14 21:07:00",940.283333333333,TRUE,940.266666666667,0.0166666666659694,FALSE,TRUE,179.170441197892,2.9861740200898,10.7502264723233,4.36670773695844,162165.019849111,-93495.2096215834,TRUE,FALSE,TRUE
15,196712,"p","2020-02-14 21:12:00",940.366666666667,TRUE,940.283333333333,0.0833333333340533,FALSE,TRUE,927.300897641854,3.09100299211281,11.1276107716061,4.62185636179734,161934.130128836,-92594.074705675,TRUE,FALSE,TRUE
15,196712,"p","2020-02-14 21:17:00",940.45,TRUE,940.366666666667,0.0833333333330302,FALSE,TRUE,927.301237339182,3.09100412447519,11.1276148481107,4.87700511039616,161703.240408527,-91692.9397897181,TRUE,FALSE,TRUE
15,196712,"p","2020-02-14 21:22:00",940.533333333333,TRUE,940.45,0.0833333333329165,FALSE,TRUE,927.301582094079,3.09100527366239,11.1276189851846,5.13215398442764,161472.350688219,-90791.8048737442,TRUE,FALSE,TRUE
15,196712,"o","2020-02-14 21:24:00",940.566666666667,TRUE,940.533333333333,0.0333333333339851,FALSE,TRUE,365.74214706132,3.0478512254514,10.9722644116251,5.3829874641494,161381.727776016,-90436.2703623188,TRUE,FALSE,TRUE
15,196712,"p","2020-02-14 21:27:00",940.616666666667,TRUE,940.566666666667,0.0500000000000682,FALSE,TRUE,52.3473389546353,0.290818549747577,1.04694677909128,5.3619478977019,161434.295880084,-90438.0766777333,TRUE,FALSE,TRUE
15,196712,"o","2020-02-14 21:28:00",940.633333333333,TRUE,940.616666666667,0.0166666666659694,FALSE,TRUE,18.2716880708968,0.304528134527686,1.09630128429967,5.29774706654478,161452.515585453,-90440.3339646318,TRUE,FALSE,TRUE
15,196712,"p","2020-02-14 21:32:00",940.7,TRUE,940.633333333333,0.0666666666670608,FALSE,TRUE,90.2557475311571,0.376065614710932,1.35383621295935,5.23971906495297,161542.504373195,-90451.5656926585,TRUE,FALSE,TRUE
15,196712,"p","2020-02-14 21:37:00",940.783333333333,TRUE,940.7,0.0833333333329165,FALSE,TRUE,112.969392031146,0.376564640105703,1.35563270438053,5.18174093365956,161655.139539591,-90465.6245569809,TRUE,FALSE,TRUE
15,196712,"p","2020-02-14 21:42:00",940.866666666667,TRUE,940.783333333333,0.0833333333340533,FALSE,TRUE,112.969404262576,0.376564680872001,1.3556328511392,5.12376277415236,161767.774705985,-90479.6834213113,TRUE,FALSE,TRUE
15,196712,"p","2020-02-14 21:47:00",940.95,TRUE,940.866666666667,0.0833333333330302,FALSE,TRUE,112.969416505778,0.376564721687298,1.35563299807427,5.06578458638391,161880.40987238,-90493.7422856394,TRUE,FALSE,TRUE
15,196712,"p","2020-02-14 21:52:00",941.033333333333,TRUE,940.95,0.0833333333329165,FALSE,TRUE,112.969428756159,0.376564762522412,1.35563314508068,5.00780637030479,161993.045038774,-90507.8011499657,TRUE,FALSE,TRUE
15,196712,"p","2020-02-14 21:57:00",941.116666666667,TRUE,941.033333333333,0.0833333333340533,FALSE,TRUE,112.96944101827,0.376564803390978,1.35563329220752,4.94982812587073,162105.680205169,-90521.8600142971,TRUE,FALSE,TRUE
15,196712,"p","2020-02-14 22:02:00",941.2,TRUE,941.116666666667,0.0833333333330302,FALSE,TRUE,112.969453288599,0.376564844296699,1.35563343946812,4.89184985302957,162218.315371564,-90535.9188786209,TRUE,FALSE,TRUE
15,196712,"p","2020-02-14 22:07:00",941.283333333333,TRUE,941.2,0.0833333333329165,FALSE,TRUE,112.969465567451,0.376564885226722,1.3556335868162,4.83387155173639,162330.950537958,-90549.9777429554,TRUE,FALSE,TRUE
15,196712,"p","2020-02-14 22:12:00",941.366666666667,TRUE,941.283333333333,0.0833333333340533,FALSE,TRUE,112.969477857985,0.37656492619003,1.35563373428411,4.77391955294685,162443.585704354,-90564.0366072818,TRUE,FALSE,TRUE
15,196712,"p","2020-02-14 22:17:00",941.45,TRUE,941.366666666667,0.0833333333330302,FALSE,TRUE,112.969490156039,0.376564967188165,1.35563388187739,4.56985402730127,162556.220870749,-90578.0954716064,TRUE,FALSE,TRUE
15,196712,"p","2020-02-14 22:22:00",941.533333333333,TRUE,941.45,0.0833333333329165,FALSE,TRUE,112.969502463894,0.376565008214863,1.35563402957351,4.36445988481141,162668.856037144,-90592.1543359273,TRUE,FALSE,TRUE
15,196712,"p","2020-02-14 22:27:00",941.616666666667,TRUE,941.533333333333,0.0833333333340533,FALSE,TRUE,112.969514781703,0.376565049269089,1.35563417736872,4.1590655403398,162781.491203539,-90606.2132002518,TRUE,FALSE,TRUE
15,196712,"p","2020-02-14 22:32:00",941.7,TRUE,941.616666666667,0.0833333333330302,FALSE,TRUE,112.969527108908,0.376565090364397,1.35563432531183,3.9574028805106,162894.126369934,-90620.272064584,TRUE,FALSE,TRUE
15,196712,"p","2020-02-14 22:37:00",941.783333333333,TRUE,941.7,0.0833333333329165,FALSE,TRUE,112.969539444304,0.376565131482898,1.35563447333843,3.90889871523048,163006.761536328,-90634.3309289123,TRUE,FALSE,TRUE
15,196712,"p","2020-02-14 22:42:00",941.866666666667,TRUE,941.783333333333,0.0833333333340533,FALSE,TRUE,112.969551791662,0.376565172635621,1.35563462148823,3.85878395805824,163119.396702723,-90648.3897932376,TRUE,FALSE,TRUE
15,196712,"p","2020-02-14 22:47:00",941.95,TRUE,941.866666666667,0.0833333333330302,FALSE,TRUE,112.969564145347,0.376565213819192,1.35563476974909,3.80866922433044,163232.031869117,-90662.4486575701,TRUE,FALSE,TRUE
15,196712,"p","2020-02-14 22:52:00",942.033333333333,TRUE,941.95,0.0833333333329165,FALSE,TRUE,112.96957651107,0.376565255038782,1.35563491813962,3.75855451401311,163344.667035513,-90676.5075218885,TRUE,FALSE,TRUE
15,196712,"p","2020-02-14 22:57:00",942.116666666667,TRUE,942.033333333333,0.0833333333340533,FALSE,TRUE,112.969588885304,0.376565296281093,1.35563506661193,3.70843982706605,163457.302201908,-90690.5663862193,TRUE,FALSE,TRUE
15,196712,"p","2020-02-14 23:02:00",942.2,TRUE,942.116666666667,0.0833333333330302,FALSE,TRUE,112.969601267938,0.376565337561165,1.35563521522019,3.65832516345431,163569.937368302,-90704.6252505488,TRUE,FALSE,TRUE
15,196712,"p","2020-02-14 23:07:00",942.283333333333,TRUE,942.2,0.0833333333329165,FALSE,TRUE,112.969613661483,0.376565378873493,1.35563536394457,3.60821052314248,163682.572534697,-90718.6841148705,TRUE,FALSE,TRUE
15,196712,"p","2020-02-14 23:12:00",942.366666666667,TRUE,942.283333333333,0.0833333333340533,FALSE,TRUE,112.969626064567,0.37656542021197,1.35563551276309,3.55809590610263,163795.207701093,-90732.7429791998,TRUE,FALSE,TRUE
15,196712,"p","2020-02-14 23:17:00",942.45,TRUE,942.366666666667,0.0833333333330302,FALSE,TRUE,112.969638474939,0.3765654615845,1.3556356617042,3.51458184354535,163907.842867487,-90746.8018435269,TRUE,FALSE,TRUE
15,196712,"p","2020-02-14 23:22:00",942.533333333333,TRUE,942.45,0.0833333333329165,FALSE,TRUE,112.969650897083,0.376565502992162,1.35563581077178,3.39678640481178,164020.478033882,-90760.8607078523,TRUE,FALSE,TRUE
15,196712,"p","2020-02-14 23:27:00",942.616666666667,TRUE,942.533333333333,0.0833333333340533,FALSE,TRUE,112.969663328054,0.376565544423592,1.35563595992493,3.27734062151515,164133.113200277,-90774.9195721833,TRUE,FALSE,TRUE
15,196712,"p","2020-02-14 23:32:00",942.7,TRUE,942.616666666667,0.0833333333330302,FALSE,TRUE,112.969675766926,0.376565585891122,1.35563610920804,3.15789478253517,164245.748366672,-90788.9784365042,TRUE,FALSE,TRUE
15,196712,"p","2020-02-14 23:37:00",942.783333333333,TRUE,942.7,0.0833333333329165,FALSE,TRUE,112.96968821752,0.376565627393617,1.35563625861702,3.03844888764907,164358.383533067,-90803.0373008345,TRUE,FALSE,TRUE
15,196712,"p","2020-02-14 23:42:00",942.866666666667,TRUE,942.783333333333,0.0833333333340533,FALSE,TRUE,112.969700675463,0.376565668914957,1.35563640809385,2.9190029366329,164471.018699461,-90817.0961651599,TRUE,FALSE,TRUE
15,196712,"p","2020-02-14 23:47:00",942.95,TRUE,942.866666666667,0.0833333333330302,FALSE,TRUE,112.969713145006,0.376565710484725,1.35563655774501,2.79955692925981,164583.653865856,-90831.1550294913,TRUE,FALSE,TRUE
15,196712,"p","2020-02-14 23:52:00",943.033333333333,TRUE,942.95,0.0833333333329165,FALSE,TRUE,112.969725622888,0.376565752078177,1.35563670748144,2.68222753737732,164696.289032251,-90845.2138938145,TRUE,FALSE,TRUE
15,196712,"p","2020-02-14 23:57:00",943.116666666667,TRUE,943.033333333333,0.0833333333340533,FALSE,TRUE,112.969738108998,0.376565793693405,1.35563685729626,2.42126671473768,164808.924198646,-90859.2727581408,TRUE,FALSE,TRUE
15,196712,"p","2020-02-15 00:02:00",943.2,TRUE,943.116666666667,0.0833333333330302,FALSE,TRUE,112.969750606657,0.376565835356892,1.35563700728481,2.14982299906209,164921.559365041,-90873.3316224724,TRUE,FALSE,TRUE
15,196712,"p","2020-02-15 00:07:00",943.283333333333,TRUE,943.2,0.0833333333329165,FALSE,TRUE,112.969763112439,0.376565877043346,1.35563715735605,1.87837917431891,165034.194531436,-90887.3904867958,TRUE,FALSE,TRUE
15,196712,"p","2020-02-15 00:12:00",943.366666666667,TRUE,943.283333333333,0.0833333333340533,FALSE,TRUE,112.969775627774,0.376565918755993,1.35563730752158,1.60693523882827,165146.82969783,-90901.4493511219,TRUE,FALSE,TRUE
15,196712,"p","2020-02-15 00:17:00",943.45,TRUE,943.366666666667,0.0833333333330302,FALSE,TRUE,112.969788153184,0.376565960511982,1.35563745784314,1.33980671233432,165259.464864225,-90915.5082154529,TRUE,FALSE,TRUE
15,196712,"p","2020-02-15 00:22:00",943.533333333333,TRUE,943.45,0.0833333333329165,FALSE,TRUE,112.969800687859,0.376566002294746,1.35563760826108,1.34838145758904,165372.100030621,-90929.5670797757,TRUE,FALSE,TRUE
15,196712,"p","2020-02-15 00:27:00",943.616666666667,TRUE,943.533333333333,0.0833333333340533,FALSE,TRUE,112.96981323043,0.376566044098178,1.35563775875344,1.35558524854609,165484.735197015,-90943.6259441075,TRUE,FALSE,TRUE
15,196712,"p","2020-02-15 00:32:00",943.7,TRUE,943.616666666667,0.0833333333330302,FALSE,TRUE,112.969825784898,0.376566085951028,1.3556379094237,1.3556352956701,165597.37036341,-90957.6848084372,TRUE,FALSE,TRUE
15,196712,"p","2020-02-15 00:37:00",943.783333333333,TRUE,943.7,0.0833333333329165,FALSE,TRUE,112.969838347504,0.376566127826896,1.35563806017682,1.35563544444222,165710.005529805,-90971.743672757,TRUE,FALSE,TRUE
15,196712,"p","2020-02-15 00:42:00",943.866666666667,TRUE,943.783333333333,0.0833333333340533,FALSE,TRUE,112.969850918436,0.376566169724865,1.35563821100951,1.35563559332751,165822.640696199,-90985.8025370857,TRUE,FALSE,TRUE
15,196712,"p","2020-02-15 00:47:00",943.95,TRUE,943.866666666667,0.0833333333330302,FALSE,TRUE,112.969863500867,0.376566211670927,1.35563836201534,1.35563574232587,165935.275862595,-90999.8614014096,TRUE,FALSE,TRUE
15,196712,"p","2020-02-15 00:52:00",944.033333333333,TRUE,943.95,0.0833333333329165,FALSE,TRUE,112.969876092462,0.376566253643424,1.35563851311633,1.35563589143797,166047.91102899,-91013.9202657447,TRUE,FALSE,TRUE
15,196712,"p","2020-02-15 00:57:00",944.116666666667,TRUE,944.033333333333,0.0833333333340533,FALSE,TRUE,112.969888691342,0.376566295634552,1.35563866428439,1.35563604066233,166160.546195384,-91027.9791300611,TRUE,FALSE,TRUE
15,196712,"p","2020-02-15 01:02:00",944.2,TRUE,944.116666666667,0.0833333333330302,FALSE,TRUE,112.969901302478,0.376566337676296,1.35563881563467,1.35563619000029,166273.181361779,-91042.0379943909,TRUE,FALSE,TRUE
15,196712,"p","2020-02-15 01:07:00",944.283333333333,TRUE,944.2,0.0833333333329165,FALSE,TRUE,112.969913921755,0.376566379741066,1.35563896706784,1.35563633945172,166385.816528175,-91056.0968587116,TRUE,FALSE,TRUE
15,196712,"p","2020-02-15 01:12:00",944.366666666667,TRUE,944.283333333333,0.0833333333340533,FALSE,TRUE,112.969926549256,0.376566421827599,1.35563911857936,1.35563648901548,166498.451694569,-91070.1557230484,TRUE,FALSE,TRUE
15,196712,"p","2020-02-15 01:17:00",944.45,TRUE,944.366666666667,0.0833333333330302,FALSE,TRUE,112.969939188289,0.376566463962332,1.3556392702644,1.35563663869289,166611.086860964,-91084.2145873754,TRUE,FALSE,TRUE
15,196712,"p","2020-02-15 01:22:00",944.533333333333,TRUE,944.45,0.0833333333329165,FALSE,TRUE,112.969951835076,0.376566506118804,1.3556394220277,1.35563678848329,166723.722027358,-91098.2734517022,TRUE,FALSE,TRUE
15,196712,"p","2020-02-15 01:27:00",944.616666666667,TRUE,944.533333333333,0.0833333333340533,FALSE,TRUE,112.969964492792,0.376566548306053,1.35563957390179,1.35563693838698,166836.357193753,-91112.3323160334,TRUE,FALSE,TRUE
15,196712,"p","2020-02-15 01:32:00",944.7,TRUE,944.616666666667,0.0833333333330302,FALSE,TRUE,112.969977159253,0.376566590532212,1.35563972591596,1.35563708840377,166948.992360149,-91126.3911803492,TRUE,FALSE,TRUE
15,196712,"p","2020-02-15 01:37:00",944.783333333333,TRUE,944.7,0.0833333333329165,FALSE,TRUE,112.969989834328,0.376566632782977,1.35563987801872,1.35563723853377,167061.627526543,-91140.4500446795,TRUE,FALSE,TRUE
15,196712,"p","2020-02-15 01:42:00",944.866666666667,TRUE,944.783333333333,0.0833333333340533,FALSE,TRUE,112.970002520368,0.376566675064639,1.3556400302327,1.35563738877668,167174.262692938,-91154.5089090103,TRUE,FALSE,TRUE
15,196712,"p","2020-02-15 01:47:00",944.95,TRUE,944.866666666667,0.0833333333330302,FALSE,TRUE,112.970015215101,0.376566717385039,1.35564018258614,1.35563753913326,167286.897859333,-91168.5677733362,TRUE,FALSE,TRUE
15,196712,"p","2020-02-15 01:52:00",945.033333333333,TRUE,944.95,0.0833333333329165,FALSE,TRUE,112.970027918168,0.376566759729109,1.35564033502479,1.35563768960229,167399.533025728,-91182.6266376626,TRUE,FALSE,TRUE
15,196712,"p","2020-02-15 01:57:00",945.116666666667,TRUE,945.033333333333,0.0833333333340533,FALSE,TRUE,112.970040632857,0.37656680210627,1.35564048758257,1.35563784018481,167512.168192123,-91196.685501984,TRUE,FALSE,TRUE
15,196712,"p","2020-02-15 02:02:00",945.2,TRUE,945.116666666667,0.0833333333330302,FALSE,TRUE,112.970053355729,0.376566844520466,1.35564064027368,1.35563799088074,167624.803358518,-91210.7443663151,TRUE,FALSE,TRUE
15,196712,"p","2020-02-15 02:07:00",945.283333333333,TRUE,945.2,0.0833333333329165,FALSE,TRUE,112.97006608695,0.376566886958384,1.35564079305018,1.35563814168923,167737.438524912,-91224.8032306419,TRUE,FALSE,TRUE
15,196712,"p","2020-02-15 02:12:00",945.366666666667,TRUE,945.283333333333,0.0833333333340533,FALSE,TRUE,112.970078830107,0.376566929430437,1.35564094594957,1.35563829261108,167850.073691308,-91238.8620949699,TRUE,FALSE,TRUE
15,196712,"p","2020-02-15 02:17:00",945.45,TRUE,945.366666666667,0.0833333333330302,FALSE,TRUE,112.9700915803,0.376566971935705,1.35564109896854,1.3556384436462,167962.708857702,-91252.9209592992,TRUE,FALSE,TRUE
15,196712,"p","2020-02-15 02:22:00",945.533333333333,TRUE,945.45,0.0833333333329165,FALSE,TRUE,112.970104341867,0.376567014474773,1.35564125210918,1.35563859479446,168075.344024097,-91266.9798236223,TRUE,FALSE,TRUE
15,196712,"p","2020-02-15 02:27:00",945.616666666667,TRUE,945.533333333333,0.0833333333340533,FALSE,TRUE,112.970117112195,0.376567057037396,1.35564140533463,1.35563874605584,168187.979190492,-91281.0386879542,TRUE,FALSE,TRUE
15,196712,"p","2020-02-15 02:32:00",945.7,TRUE,945.616666666667,0.0833333333330302,FALSE,TRUE,112.970129890279,0.376567099635634,1.35564155868828,1.35563889743029,168300.614356886,-91295.0975522758,TRUE,FALSE,TRUE
15,196712,"p","2020-02-15 02:37:00",945.783333333333,TRUE,945.7,0.0833333333329165,FALSE,TRUE,112.970142680785,0.376567142271165,1.3556417121762,1.35563904891805,168413.249523282,-91309.1564166059,TRUE,FALSE,TRUE
15,196712,"p","2020-02-15 02:42:00",945.866666666667,TRUE,945.783333333333,0.0833333333340533,FALSE,TRUE,112.97015547915,0.376567184927247,1.35564186573809,1.35563920051927,168525.884689677,-91323.2152809307,TRUE,FALSE,TRUE
15,196712,"p","2020-02-15 02:47:00",945.95,TRUE,945.866666666667,0.0833333333330302,FALSE,TRUE,112.97016828545,0.376567227619537,1.35564201943033,1.35563935223276,168638.519856071,-91337.2741452572,TRUE,FALSE,TRUE
15,196712,"p","2020-02-15 02:52:00",946.033333333333,TRUE,945.95,0.0833333333329165,FALSE,TRUE,112.970181104369,0.376567270349779,1.3556421732592,1.35563950405992,168751.155022466,-91351.3330095861,TRUE,FALSE,TRUE
15,196712,"p","2020-02-15 02:57:00",946.116666666667,TRUE,946.033333333333,0.0833333333340533,FALSE,TRUE,112.970193930935,0.376567313099863,1.35564232715951,1.35563965600056,168863.790188862,-91365.3918739089,TRUE,FALSE,TRUE
15,196712,"p","2020-02-15 03:02:00",946.2,TRUE,946.116666666667,0.0833333333330302,FALSE,TRUE,112.970206765659,0.3765673558869,1.35564248119284,1.35563980805356,168976.425355256,-91379.450738235,TRUE,FALSE,TRUE
15,196712,"p","2020-02-15 03:07:00",946.283333333333,TRUE,946.2,0.0833333333329165,FALSE,TRUE,112.970219612764,0.376567398711096,1.35564263535995,1.35563996022034,169089.060521651,-91393.5096025647,TRUE,FALSE,TRUE
15,196712,"p","2020-02-15 03:12:00",946.366666666667,TRUE,946.283333333333,0.0833333333340533,FALSE,TRUE,112.970232466577,0.376567441552003,1.35564278958721,1.35564011249994,169201.695688045,-91407.5684668944,TRUE,FALSE,TRUE
15,196712,"p","2020-02-15 03:17:00",946.45,TRUE,946.366666666667,0.0833333333330302,FALSE,TRUE,112.970245331755,0.376567484440555,1.355642943986,1.3556402648928,169314.33085444,-91421.6273312212,TRUE,FALSE,TRUE
15,196712,"p","2020-02-15 03:22:00",946.533333333333,TRUE,946.45,0.0833333333329165,FALSE,TRUE,112.970258205546,0.376567527353702,1.35564309847333,1.35564041739869,169426.966020836,-91435.6861955415,TRUE,FALSE,TRUE
15,196712,"p","2020-02-15 03:27:00",946.616666666667,TRUE,946.533333333333,0.0833333333340533,FALSE,TRUE,112.970271088295,0.376567570291063,1.35564325304783,1.35564057001798,169539.60118723,-91449.7450598694,TRUE,FALSE,TRUE
15,196712,"p","2020-02-15 03:32:00",946.7,TRUE,946.616666666667,0.0833333333330302,FALSE,TRUE,112.970283981604,0.376567613273384,1.35564340778418,1.35564072275022,169652.236353625,-91463.8039242047,TRUE,FALSE,TRUE
15,196712,"p","2020-02-15 03:37:00",946.783333333333,TRUE,946.7,0.0833333333329165,FALSE,TRUE,112.970296883815,0.376567656281268,1.35564356261256,1.35564087559565,169764.87152002,-91477.8627885313,TRUE,FALSE,TRUE
15,196712,"p","2020-02-15 03:42:00",946.866666666667,TRUE,946.783333333333,0.0833333333340533,FALSE,TRUE,112.970309794317,0.376567699311135,1.35564371752009,1.35564102855428,169877.506686414,-91491.9216528543,TRUE,FALSE,TRUE
15,196712,"p","2020-02-15 03:47:00",946.95,TRUE,946.866666666667,0.0833333333330302,FALSE,TRUE,112.970322716558,0.376567742389896,1.35564387260363,1.35564118162618,169990.14185281,-91505.980517181,TRUE,FALSE,TRUE
15,196712,"p","2020-02-15 03:52:00",947.033333333333,TRUE,946.95,0.0833333333329165,FALSE,TRUE,112.970335646599,0.376567785490546,1.35564402776597,1.35564133481089,170102.777019205,-91520.0393815054,TRUE,FALSE,TRUE
15,196712,"p","2020-02-15 03:57:00",947.116666666667,TRUE,947.033333333333,0.0833333333340533,FALSE,TRUE,112.970348585835,0.376567828616198,1.35564418301831,1.35564148810905,170215.412185599,-91534.0982458342,TRUE,FALSE,TRUE
15,196712,"p","2020-02-15 04:02:00",947.2,TRUE,947.116666666667,0.0833333333330302,FALSE,TRUE,112.970361536098,0.376567871788363,1.35564433843811,1.35564164152026,170328.047351994,-91548.1571101622,TRUE,FALSE,TRUE
15,196712,"p","2020-02-15 04:07:00",947.283333333333,TRUE,947.2,0.0833333333329165,FALSE,TRUE,112.970374494564,0.376567914983764,1.35564449394155,1.35564179504453,170440.68251839,-91562.2159744906,TRUE,FALSE,TRUE
15,196712,"p","2020-02-15 04:12:00",947.366666666667,TRUE,947.283333333333,0.0833333333340533,FALSE,TRUE,112.970387461627,0.376567958202168,1.35564464952781,1.35564194868199,170553.317684784,-91576.274838815,TRUE,FALSE,TRUE
15,196712,"p","2020-02-15 04:17:00",947.45,TRUE,947.366666666667,0.0833333333330302,FALSE,TRUE,112.970400440505,0.376568001469721,1.355644805291,1.35564210243273,170665.952851179,-91590.3337031447,TRUE,FALSE,TRUE
15,196712,"p","2020-02-15 04:22:00",947.533333333333,TRUE,947.45,0.0833333333329165,FALSE,TRUE,112.970413427239,0.376568044759348,1.35564496113365,1.35564225629678,170778.588017574,-91604.3925674744,TRUE,FALSE,TRUE
15,196712,"p","2020-02-15 04:27:00",947.616666666667,TRUE,947.533333333333,0.0833333333340533,FALSE,TRUE,112.970426422723,0.376568088072488,1.35564511706096,1.35564241027342,170891.223183968,-91618.4514317986,TRUE,FALSE,TRUE
15,196712,"p","2020-02-15 04:32:00",947.7,TRUE,947.616666666667,0.0833333333330302,FALSE,TRUE,112.970439429673,0.376568131433613,1.35564527316101,1.35564256436356,171003.858350364,-91632.5102961296,TRUE,FALSE,TRUE
15,196712,"p","2020-02-15 04:37:00",947.783333333333,TRUE,947.7,0.0833333333329165,FALSE,TRUE,112.970452443924,0.376568174814962,1.35564542933386,1.35564271856676,171116.493516758,-91646.569160447,TRUE,FALSE,TRUE
15,196712,"p","2020-02-15 04:42:00",947.866666666667,TRUE,947.783333333333,0.0833333333340533,FALSE,TRUE,112.970465469518,0.376568218228472,1.3556455856225,1.35564287288315,171229.128683153,-91660.6280247718,TRUE,FALSE,TRUE
15,196712,"p","2020-02-15 04:47:00",947.95,TRUE,947.866666666667,0.0833333333330302,FALSE,TRUE,112.970478503607,0.376568261680058,1.35564574204821,1.35564302731265,171341.763849548,-91674.6868891021,TRUE,FALSE,TRUE
15,196712,"p","2020-02-15 04:52:00",948.033333333333,TRUE,947.95,0.0833333333329165,FALSE,TRUE,112.970491546402,0.376568305156558,1.35564589856361,1.35564318185539,171454.399015943,-91688.7457534259,TRUE,FALSE,TRUE
15,196712,"p","2020-02-15 04:57:00",948.116666666667,TRUE,948.033333333333,0.0833333333340533,FALSE,TRUE,112.970504600444,0.376568348664893,1.35564605519361,1.35564333651125,171567.034182338,-91702.8046177581,TRUE,FALSE,TRUE
15,196712,"p","2020-02-15 05:02:00",948.2,TRUE,948.116666666667,0.0833333333330302,FALSE,TRUE,112.970517662927,0.376568392211127,1.35564621196006,1.35564349128032,171679.669348733,-91716.8634820884,TRUE,FALSE,TRUE
15,196712,"p","2020-02-15 05:07:00",948.283333333333,TRUE,948.2,0.0833333333329165,FALSE,TRUE,112.970530733201,0.37656843577922,1.35564636880519,1.3556436461624,171792.304515127,-91730.9223464141,TRUE,FALSE,TRUE
15,196712,"p","2020-02-15 05:12:00",948.366666666667,TRUE,948.283333333333,0.0833333333340533,FALSE,TRUE,112.970543816305,0.37656847938443,1.35564652578395,1.3556438011578,171904.939681523,-91744.9812107394,TRUE,FALSE,TRUE
15,196712,"p","2020-02-15 05:17:00",948.45,TRUE,948.366666666667,0.0833333333330302,FALSE,TRUE,112.970556906481,0.376568523022973,1.3556466828827,1.35564395626653,172017.574847918,-91759.0400750665,TRUE,FALSE,TRUE
15,196712,"p","2020-02-15 05:22:00",948.533333333333,TRUE,948.45,0.0833333333329165,FALSE,TRUE,112.970570005622,0.37656856668729,1.35564684007424,1.35564411148778,172130.210014312,-91773.0989393909,TRUE,FALSE,TRUE
15,196712,"p","2020-02-15 05:27:00",948.616666666667,TRUE,948.533333333333,0.0833333333340533,FALSE,TRUE,112.970583116495,0.376568610385062,1.35564699738622,1.35564426682255,172242.845180707,-91787.1578037257,TRUE,FALSE,TRUE
15,196712,"p","2020-02-15 05:32:00",948.7,TRUE,948.616666666667,0.0833333333330302,FALSE,TRUE,112.970596235273,0.376568654118948,1.35564715482821,1.35564442227088,172355.480347102,-91801.2166680472,TRUE,FALSE,TRUE
15,196712,"p","2020-02-15 05:37:00",948.783333333333,TRUE,948.7,0.0833333333329165,FALSE,TRUE,112.970609363033,0.376568697878659,1.35564731236317,1.35564457783163,172468.115513496,-91815.2755323754,TRUE,FALSE,TRUE
15,196712,"p","2020-02-15 05:42:00",948.866666666667,TRUE,948.783333333333,0.0833333333340533,FALSE,TRUE,112.970622501496,0.3765687416684,1.35564747000624,1.35564473350574,172580.750679892,-91829.3343966975,TRUE,FALSE,TRUE
15,196712,"p","2020-02-15 05:47:00",948.95,TRUE,948.866666666667,0.0833333333330302,FALSE,TRUE,112.97063564783,0.376568785494138,1.3556476277789,1.3556448892932,172693.385846286,-91843.3932610302,TRUE,FALSE,TRUE
15,196712,"p","2020-02-15 05:52:00",949.033333333333,TRUE,948.95,0.0833333333329165,FALSE,TRUE,112.970648805923,0.37656882935496,1.35564778567786,1.35564504519372,172806.021012681,-91857.4521253611,TRUE,FALSE,TRUE
15,196712,"p","2020-02-15 05:57:00",949.116666666667,TRUE,949.033333333333,0.0833333333340533,FALSE,TRUE,112.970661971722,0.376568873235819,1.35564794364895,1.35564520120732,172918.656179076,-91871.510989683,TRUE,FALSE,TRUE
15,196712,"p","2020-02-15 06:02:00",949.2,TRUE,949.116666666667,0.0833333333330302,FALSE,TRUE,112.970675146345,0.376568917155853,1.35564810176107,1.35564535733421,173031.29134547,-91885.5698540106,TRUE,FALSE,TRUE
15,196712,"p","2020-02-15 06:07:00",949.283333333333,TRUE,949.2,0.0833333333329165,FALSE,TRUE,112.970688332516,0.376568961110271,1.35564825999698,1.35564551357413,173143.926511866,-91899.6287183401,TRUE,FALSE,TRUE
15,196712,"p","2020-02-15 06:12:00",949.366666666667,TRUE,949.283333333333,0.0833333333340533,FALSE,TRUE,112.970701526975,0.376569005086662,1.35564841831198,1.3556456699276,173256.561678261,-91913.6875826633,TRUE,FALSE,TRUE
15,196712,"p","2020-02-15 06:17:00",949.45,TRUE,949.366666666667,0.0833333333330302,FALSE,TRUE,112.970714729708,0.376569049100398,1.35564857676143,1.35564582639358,173369.196844655,-91927.7464469962,TRUE,FALSE,TRUE
15,196712,"p","2020-02-15 06:22:00",949.533333333333,TRUE,949.45,0.0833333333329165,FALSE,TRUE,112.970727944093,0.37656909314886,1.35564873533589,1.3556459829731,173481.83201105,-91941.8053113185,TRUE,FALSE,TRUE
15,196712,"p","2020-02-15 06:27:00",949.616666666667,TRUE,949.533333333333,0.0833333333340533,FALSE,TRUE,112.970741166694,0.376569137219059,1.35564889398861,1.3556461396659,173594.467177446,-91955.8641756398,TRUE,FALSE,TRUE
15,196712,"p","2020-02-15 06:32:00",949.7,TRUE,949.616666666667,0.0833333333330302,FALSE,TRUE,112.970754397785,0.376569181327319,1.35564905277835,1.35564629647129,173707.10234384,-91969.923039971,TRUE,FALSE,TRUE
15,196712,"p","2020-02-15 06:37:00",949.783333333333,TRUE,949.7,0.0833333333329165,FALSE,TRUE,112.970767640639,0.37656922547068,1.35564921169445,1.35564645339023,173819.737510235,-91983.9819042995,TRUE,FALSE,TRUE
15,196712,"p","2020-02-15 06:42:00",949.866666666667,TRUE,949.783333333333,0.0833333333340533,FALSE,TRUE,112.970780890604,0.376569269632091,1.35564937067553,1.35564661042233,173932.37267663,-91998.0407686188,TRUE,FALSE,TRUE
15,196712,"p","2020-02-15 06:47:00",949.95,TRUE,949.866666666667,0.0833333333330302,FALSE,TRUE,112.970794152245,0.376569313842186,1.35564952983187,1.35564676756756,174045.007843024,-92012.0996329558,TRUE,FALSE,TRUE
15,196712,"p","2020-02-15 06:52:00",950.033333333333,TRUE,949.95,0.0833333333329165,FALSE,TRUE,112.970807421792,0.376569358074523,1.35564968906828,1.35564692482595,174157.64300942,-92026.1584972786,TRUE,FALSE,TRUE
15,196712,"p","2020-02-15 06:57:00",950.116666666667,TRUE,950.033333333333,0.0833333333340533,FALSE,TRUE,112.970820700219,0.376569402330811,1.35564984839092,1.35564708219741,174270.278175814,-92040.2173616097,TRUE,FALSE,TRUE
15,196712,"p","2020-02-15 07:02:00",950.2,TRUE,950.116666666667,0.0833333333330302,FALSE,TRUE,112.97083398982,0.376569446634103,1.35565000788277,1.35564723968199,174382.913342209,-92054.2762259332,TRUE,FALSE,TRUE
15,196712,"p","2020-02-15 07:07:00",950.283333333333,TRUE,950.2,0.0833333333329165,FALSE,TRUE,112.970847288283,0.376569490962829,1.35565016746618,1.3556473972799,174495.548508604,-92068.3350902589,TRUE,FALSE,TRUE
15,196712,"p","2020-02-15 07:12:00",950.366666666667,TRUE,950.283333333333,0.0833333333340533,FALSE,TRUE,112.970860594407,0.376569535311437,1.35565032712117,1.35564755499082,174608.183674998,-92082.3939545911,TRUE,FALSE,TRUE
15,196712,"p","2020-02-15 07:17:00",950.45,TRUE,950.366666666667,0.0833333333330302,FALSE,TRUE,112.970873913025,0.376569579711454,1.35565048696124,1.355647712815,174720.818841394,-92096.4528189171,TRUE,FALSE,TRUE
15,196712,"p","2020-02-15 07:22:00",950.533333333333,TRUE,950.45,0.0833333333329165,FALSE,TRUE,112.970887238992,0.376569624131857,1.35565064687468,1.35564787075225,174833.454007789,-92110.5116832376,TRUE,FALSE,TRUE
15,196712,"p","2020-02-15 07:27:00",950.616666666667,TRUE,950.533333333333,0.0833333333340533,FALSE,TRUE,112.970900574277,0.37656966857767,1.35565080687961,1.35564802880276,174946.089174183,-92124.5705475642,TRUE,FALSE,TRUE
15,196712,"p","2020-02-15 07:32:00",950.7,TRUE,950.616666666667,0.0833333333330302,FALSE,TRUE,112.970913920542,0.376569713069844,1.35565096705144,1.35564818696639,175058.724340579,-92138.6294118906,TRUE,FALSE,TRUE
15,196712,"p","2020-02-15 07:37:00",950.783333333333,TRUE,950.7,0.0833333333329165,FALSE,TRUE,112.970927275182,0.376569757585824,1.35565112730897,1.35564834524347,175171.359506974,-92152.6882762181,TRUE,FALSE,TRUE
15,196712,"p","2020-02-15 07:42:00",950.866666666667,TRUE,950.783333333333,0.0833333333340533,FALSE,TRUE,112.97094063823,0.37656980212418,1.35565128764705,1.35564850363304,175283.994673368,-92166.7471405517,TRUE,FALSE,TRUE
15,196712,"p","2020-02-15 07:47:00",950.95,TRUE,950.866666666667,0.0833333333330302,FALSE,TRUE,112.970954012934,0.376569846711149,1.35565144816014,1.35564866213615,175396.629839763,-92180.806004874,TRUE,FALSE,TRUE
15,196712,"p","2020-02-15 07:52:00",951.033333333333,TRUE,950.95,0.0833333333329165,FALSE,TRUE,112.970967396181,0.376569891322488,1.35565160876096,1.35564882075275,175509.265006158,-92194.8648692022,TRUE,FALSE,TRUE
15,196712,"p","2020-02-15 07:57:00",951.116666666667,TRUE,951.033333333333,0.0833333333340533,FALSE,TRUE,112.970980787517,0.376569935955135,1.35565176943849,1.35564897948177,175621.900172553,-92208.9237335278,TRUE,FALSE,TRUE
15,196712,"p","2020-02-15 08:02:00",951.2,TRUE,951.116666666667,0.0833333333330302,FALSE,TRUE,112.970994190271,0.376569980635606,1.35565193028818,1.35564913832422,175734.535338948,-92222.9825978592,TRUE,FALSE,TRUE
15,196712,"p","2020-02-15 08:07:00",951.283333333333,TRUE,951.2,0.0833333333329165,FALSE,TRUE,112.971007600701,0.376570025337552,1.35565209121519,1.35564929728005,175847.170505342,-92237.0414621903,TRUE,FALSE,TRUE
15,196712,"p","2020-02-15 08:12:00",951.366666666667,TRUE,951.283333333333,0.0833333333340533,FALSE,TRUE,112.971021022307,0.376570070071103,1.35565225225597,1.35564945634872,175959.805671737,-92251.1003265079,TRUE,FALSE,TRUE
15,196712,"p","2020-02-15 08:17:00",951.45,TRUE,951.366666666667,0.0833333333330302,FALSE,TRUE,112.971034452876,0.37657011484429,1.35565241343944,1.35564961553085,176072.440838133,-92265.1591908302,TRUE,FALSE,TRUE
15,196712,"p","2020-02-15 08:22:00",951.533333333333,TRUE,951.45,0.0833333333329165,FALSE,TRUE,112.971047891266,0.376570159639437,1.35565257470197,1.35564977482607,176185.076004527,-92279.2180551638,TRUE,FALSE,TRUE
15,196712,"p","2020-02-15 08:27:00",951.616666666667,TRUE,951.533333333333,0.0833333333340533,FALSE,TRUE,112.971061341295,0.37657020446773,1.35565273608383,1.35564993423433,176297.711170922,-92293.2769194885,TRUE,FALSE,TRUE
15,196712,"p","2020-02-15 08:32:00",951.7,TRUE,951.616666666667,0.0833333333330302,FALSE,TRUE,112.971074799673,0.376570249333614,1.35565289760101,1.3556500937558,176410.346337317,-92307.3357838175,TRUE,FALSE,TRUE
15,196712,"p","2020-02-15 08:37:00",951.783333333333,TRUE,951.7,0.0833333333329165,FALSE,TRUE,112.971088266741,0.376570294224352,1.35565305920767,1.35565025339037,176522.981503711,-92321.3946481486,TRUE,FALSE,TRUE
15,196712,"p","2020-02-15 08:42:00",951.866666666667,TRUE,951.783333333333,0.0833333333340533,FALSE,TRUE,112.971101745198,0.376570339147408,1.35565322093067,1.35565041313827,176635.616670107,-92335.4535124719,TRUE,FALSE,TRUE
15,196712,"p","2020-02-15 08:47:00",951.95,TRUE,951.866666666667,0.0833333333330302,FALSE,TRUE,112.971115231727,0.376570384107127,1.35565338278566,1.35565057299957,176748.251836502,-92349.5123767944,TRUE,FALSE,TRUE
15,196712,"p","2020-02-15 08:52:00",952.033333333333,TRUE,951.95,0.0833333333329165,FALSE,TRUE,112.971128727042,0.376570429092024,1.35565354473129,1.35565073297327,176860.887002896,-92363.5712411275,TRUE,FALSE,TRUE
15,196712,"p","2020-02-15 08:57:00",952.116666666667,TRUE,952.033333333333,0.0833333333340533,FALSE,TRUE,112.971142233793,0.376570474109391,1.35565370679381,1.35565089306063,176973.522169291,-92377.6301054534,TRUE,FALSE,TRUE
15,196712,"p","2020-02-15 09:02:00",952.2,TRUE,952.116666666667,0.0833333333330302,FALSE,TRUE,112.971155747578,0.376570519159962,1.35565386897586,1.35565105326104,177086.157335685,-92391.6889697807,TRUE,FALSE,TRUE
15,196712,"p","2020-02-15 09:07:00",952.283333333333,TRUE,952.2,0.0833333333329165,FALSE,TRUE,112.971169273113,0.376570564245592,1.35565403128413,1.35565121357457,177198.792502081,-92405.7478341057,TRUE,FALSE,TRUE
15,196712,"p","2020-02-15 09:12:00",952.366666666667,TRUE,952.283333333333,0.0833333333340533,FALSE,TRUE,112.971182807039,0.376570609353543,1.35565419367275,1.35565137400126,177311.427668476,-92419.8066984301,TRUE,FALSE,TRUE
15,196712,"p","2020-02-15 09:17:00",952.45,TRUE,952.366666666667,0.0833333333330302,FALSE,TRUE,112.971196349696,0.376570654500357,1.35565435620128,1.35565153454126,177424.06283487,-92433.8655627652,TRUE,FALSE,TRUE
15,196712,"p","2020-02-15 09:22:00",952.533333333333,TRUE,952.45,0.0833333333329165,FALSE,TRUE,112.971209903238,0.376570699679343,1.35565451884564,1.35565169519431,177536.698001265,-92447.9244270872,TRUE,FALSE,TRUE
15,196712,"p","2020-02-15 09:27:00",952.616666666667,TRUE,952.533333333333,0.0833333333340533,FALSE,TRUE,112.971223465116,0.376570744880466,1.35565468156968,1.35565185596045,177649.33316766,-92461.9832914171,TRUE,FALSE,TRUE
15,196712,"p","2020-02-15 09:32:00",952.7,TRUE,952.616666666667,0.0833333333330302,FALSE,TRUE,112.971237036359,0.376570790122565,1.35565484444124,1.35565201683997,177761.968334055,-92476.0421557413,TRUE,FALSE,TRUE
15,196712,"p","2020-02-15 09:37:00",952.783333333333,TRUE,952.7,0.0833333333329165,FALSE,TRUE,112.971250618359,0.376570835396415,1.35565500742709,1.35565217783255,177874.60350045,-92490.1010200685,TRUE,FALSE,TRUE
15,196712,"p","2020-02-15 09:42:00",952.866666666667,TRUE,952.783333333333,0.0833333333340533,FALSE,TRUE,112.971264208307,0.376570880691104,1.35565517048797,1.35565233893845,177987.238666845,-92504.1598843928,TRUE,FALSE,TRUE
15,196712,"p","2020-02-15 09:47:00",952.95,TRUE,952.866666666667,0.0833333333330302,FALSE,TRUE,112.971277824586,0.376570926083324,1.35565533389997,1.35565250016256,178099.873833251,-92518.2187487681,TRUE,FALSE,TRUE
15,196712,"o","2020-02-15 09:48:00",952.966666666667,TRUE,952.95,0.0166666666669926,FALSE,TRUE,25.0449037310292,0.417415062175659,1.50269422383237,1.35973707057267,178123.658274448,-92526.4235135648,TRUE,FALSE,TRUE
15,196712,"p","2020-02-15 09:52:00",953.033333333333,TRUE,952.966666666667,0.0666666666659239,FALSE,TRUE,848.979098273552,3.53741290951255,12.7346864742452,1.67582142129085,178399.064503778,-93332.4096266012,TRUE,FALSE,TRUE
15,196712,"p","2020-02-15 09:57:00",953.116666666667,TRUE,953.033333333333,0.0833333333340533,FALSE,TRUE,1068.08948508158,3.5602982835745,12.8170738208682,1.99419430498489,178744.894050351,-94346.6335078644,TRUE,FALSE,TRUE
15,196712,"p","2020-02-15 10:02:00",953.2,TRUE,953.116666666667,0.0833333333330302,FALSE,TRUE,1068.08919300224,3.56029731002041,12.8170703160735,2.31256708689065,179090.723596925,-95360.8573891282,TRUE,FALSE,TRUE
15,196712,"p","2020-02-15 10:07:00",953.283333333333,TRUE,953.2,0.0833333333329165,FALSE,TRUE,1068.08890875642,3.56029636253922,12.8170669051412,2.63093976961342,179436.553143499,-96375.0812703918,TRUE,FALSE,TRUE
15,196712,"p","2020-02-15 10:12:00",953.366666666667,TRUE,953.283333333333,0.0833333333340533,FALSE,TRUE,1068.08863234239,3.56029544111055,12.817063587998,2.94931235575333,179782.382690072,-97389.3051516641,TRUE,FALSE,TRUE
15,196712,"p","2020-02-15 10:17:00",953.45,TRUE,953.366666666667,0.0833333333330302,FALSE,TRUE,1068.08836376439,3.56029454589427,12.8170603652194,3.26768484792958,180128.212236646,-98403.5290329241,TRUE,FALSE,TRUE
15,196712,"p","2020-02-15 10:22:00",953.533333333333,TRUE,953.45,0.0833333333329165,FALSE,TRUE,1064.22616095888,3.54742053654733,12.7707139315704,3.58476993472654,180474.630795105,-99413.4585916778,TRUE,FALSE,TRUE
15,196712,"p","2020-02-15 10:27:00",953.616666666667,TRUE,953.533333333333,0.0833333333340533,FALSE,TRUE,503.614068402996,1.67871356132881,6.04336882078373,3.71498431955244,180929.107368749,-99635.567089572,TRUE,FALSE,TRUE
15,196712,"p","2020-02-15 10:32:00",953.7,TRUE,953.616666666667,0.0833333333330302,FALSE,TRUE,502.274909589961,1.67424969863929,6.02729891510146,3.84475231365778,181384.172954281,-99853.3812649446,TRUE,FALSE,TRUE
15,196712,"p","2020-02-15 10:37:00",953.783333333333,TRUE,953.7,0.0833333333329165,FALSE,TRUE,502.275109544824,1.67425036515779,6.02730131456803,3.97452036996115,181839.238539812,-100071.195440322,TRUE,FALSE,TRUE
15,196712,"p","2020-02-15 10:42:00",953.866666666667,TRUE,953.783333333333,0.0833333333340533,FALSE,TRUE,502.275310329736,1.67425103441799,6.02730372390476,4.10428848873183,182294.304125341,-100289.009615698,TRUE,FALSE,TRUE
15,196712,"p","2020-02-15 10:47:00",953.95,TRUE,953.866666666667,0.0833333333330302,FALSE,TRUE,502.27551194175,1.67425170647859,6.02730614332293,4.23405667024744,182749.369710874,-100506.823791063,TRUE,FALSE,TRUE
15,196712,"o","2020-02-15 10:50:00",954,TRUE,953.95,0.0499999999999545,FALSE,TRUE,301.893235077153,1.67718463931904,6.03786470154854,4.36411814058383,183024.78272509,-100633.719759776,TRUE,FALSE,TRUE
15,196712,"o","2020-02-15 10:51:00",954.016666666667,TRUE,954,0.0166666666669926,FALSE,TRUE,190.940631922317,3.18234386530972,11.456437915115,4.64469552905124,183194.41402988,-100544.215135986,TRUE,FALSE,TRUE
15,196712,"p","2020-02-15 10:52:00",954.033333333333,TRUE,954.016666666667,0.0166666666659694,FALSE,TRUE,85.162725789943,1.4193787632251,5.10976354761036,4.74897640284,183119.01283332,-100584.61786171,TRUE,FALSE,TRUE
15,196712,"p","2020-02-15 10:57:00",954.116666666667,TRUE,954.033333333333,0.0833333333340533,FALSE,TRUE,465.704948774543,1.55234982923506,5.58845938524623,4.86655437875639,182706.75505514,-100805.681787666,TRUE,FALSE,TRUE
15,196712,"p","2020-02-15 11:02:00",954.2,TRUE,954.116666666667,0.0833333333330302,FALSE,TRUE,465.704658473953,1.55234886158549,5.58845590170777,4.98413225343051,182294.497276897,-101026.74571366,TRUE,FALSE,TRUE
15,196712,"p","2020-02-15 11:07:00",954.283333333333,TRUE,954.2,0.0833333333329165,FALSE,TRUE,465.704368760731,1.55234789587687,5.58845242515672,5.10171002705426,181882.239498653,-101247.809639657,TRUE,FALSE,TRUE
15,196712,"p","2020-02-15 11:12:00",954.366666666667,TRUE,954.283333333333,0.0833333333340533,FALSE,TRUE,465.704079704514,1.55234693233497,5.58844895640588,5.21928769984098,181469.98172041,-101468.873565654,TRUE,FALSE,TRUE
15,196712,"o","2020-02-15 11:14:00",954.4,TRUE,954.366666666667,0.033333333332962,FALSE,TRUE,182.303639689675,1.51919699743089,5.46910919075119,5.33355037465071,181307.958350473,-101554.20737362,TRUE,FALSE,TRUE
15,196712,"p","2020-02-15 11:17:00",954.45,TRUE,954.4,0.0500000000000682,FALSE,TRUE,219.087438317755,1.21715243509698,4.38174876634911,5.41760858873797,181378.163866071,-101345.905166229,TRUE,FALSE,TRUE
15,196712,"p","2020-02-15 11:22:00",954.533333333333,TRUE,954.45,0.0833333333329165,FALSE,TRUE,371.548584729927,1.23849528243929,4.45858301678143,5.50380108306716,181499.97262767,-100993.581883187,TRUE,FALSE,TRUE
15,196712,"p","2020-02-15 11:27:00",954.616666666667,TRUE,954.533333333333,0.0833333333340533,FALSE,TRUE,371.548718726346,1.23849572907712,4.45858462467763,5.58999361756416,181621.78138927,-100641.258600131,TRUE,FALSE,TRUE
15,196712,"p","2020-02-15 11:32:00",954.7,TRUE,954.616666666667,0.0833333333330302,FALSE,TRUE,371.548853041371,1.23849617680908,4.45858623651268,5.67618619233586,181743.590150887,-100288.935317112,TRUE,FALSE,TRUE
15,196712,"o","2020-02-15 11:33:00",954.716666666667,TRUE,954.7,0.0166666666669926,FALSE,TRUE,73.302097253021,1.22170162085979,4.39812583509526,5.7606993070109,181770.027623103,-100220.302054453,TRUE,FALSE,TRUE
15,196712,"p","2020-02-15 11:37:00",954.783333333333,TRUE,954.716666666667,0.0666666666659239,FALSE,TRUE,401.583660991328,1.67326525414917,6.02375491493703,5.89036878050982,182173.363389482,-100208.327057725,TRUE,FALSE,TRUE
15,196712,"p","2020-02-15 11:42:00",954.866666666667,TRUE,954.783333333333,0.0833333333340533,FALSE,TRUE,504.49888132602,1.68166293773887,6.05398657585993,6.02087801785915,182680.127747349,-100195.647554268,TRUE,FALSE,TRUE
15,196712,"p","2020-02-15 11:47:00",954.95,TRUE,954.866666666667,0.0833333333330302,FALSE,TRUE,504.49918772119,1.68166395907675,6.0539902526763,6.15138735283147,183186.892105216,-100182.968050811,TRUE,FALSE,TRUE
15,196712,"p","2020-02-15 11:52:00",955.033333333333,TRUE,954.95,0.0833333333329165,FALSE,TRUE,504.499494955635,1.68166498319386,6.0539939394979,6.28189678570082,183693.656463084,-100170.288547355,TRUE,FALSE,TRUE
15,196712,"p","2020-02-15 11:57:00",955.116666666667,TRUE,955.033333333333,0.0833333333340533,FALSE,TRUE,504.499802998941,1.68166600998194,6.05399763593498,6.41240631673108,184200.420820921,-100157.609043918,TRUE,FALSE,TRUE
15,196712,"o","2020-02-15 11:58:00",955.133333333333,TRUE,955.116666666667,0.0166666666659694,FALSE,TRUE,97.4684260488759,1.62447376754923,5.84810556317722,6.53719661899796,184298.353162363,-100156.711779103,TRUE,FALSE,TRUE
15,196712,"p","2020-02-15 12:02:00",955.2,TRUE,955.133333333333,0.0666666666670608,FALSE,TRUE,250.636159293479,1.04431733038332,3.75954238937996,6.60397127302403,184199.6977402,-100388.045985466,TRUE,FALSE,TRUE
15,196712,"p","2020-02-15 12:07:00",955.283333333333,TRUE,955.2,0.0833333333329165,FALSE,TRUE,316.855649409531,1.05618549803705,3.80226779293339,6.6719327392881,184072.102799793,-100679.26203827,TRUE,FALSE,TRUE
15,196712,"p","2020-02-15 12:12:00",955.366666666667,TRUE,955.283333333333,0.0833333333340533,FALSE,TRUE,316.855544150607,1.05618514715956,3.80226652977443,6.73989416593494,183944.507859386,-100970.478091084,TRUE,FALSE,TRUE
15,196712,"p","2020-02-15 12:17:00",955.45,TRUE,955.366666666667,0.0833333333330302,FALSE,TRUE,316.855439094213,1.05618479698455,3.80226526914438,6.80785555302507,183816.91291898,-101261.694143896,TRUE,FALSE,TRUE
15,196712,"p","2020-02-15 12:22:00",955.533333333333,TRUE,955.45,0.0833333333329165,FALSE,TRUE,316.855334240582,1.05618444747389,3.802264010906,6.87173249155489,183689.317978572,-101552.910196701,TRUE,FALSE,TRUE
15,196712,"p","2020-02-15 12:27:00",955.616666666667,TRUE,955.533333333333,0.0833333333340533,FALSE,TRUE,316.855229565329,1.05618409854197,3.80226275475109,6.62360961045783,183561.723038149,-101844.126249469,TRUE,FALSE,TRUE
15,196712,"o","2020-02-15 12:28:00",955.633333333333,TRUE,955.616666666667,0.0166666666659694,FALSE,TRUE,60.2220354433104,1.00370059076383,3.6133221267498,6.36794984117676,183534.220889929,-101897.939348795,TRUE,FALSE,TRUE
15,196712,"p","2020-02-15 12:32:00",955.7,TRUE,955.633333333333,0.0666666666670608,FALSE,TRUE,573.798895202828,2.39082872999765,8.60698342799154,6.25100298317449,183139.89626227,-101478.068220237,TRUE,FALSE,TRUE
15,196712,"o","2020-02-15 12:33:00",955.716666666667,TRUE,955.7,0.0166666666669926,FALSE,TRUE,140.515469654809,2.34192449420103,8.4309281791237,6.12916579634067,183043.911260342,-101374.707971047,TRUE,FALSE,TRUE
15,196712,"p","2020-02-15 12:37:00",955.783333333333,TRUE,955.716666666667,0.0666666666659239,FALSE,TRUE,63.7870836314471,0.265779515133991,0.956806254482367,5.79971420374301,183103.24839112,-101350.512046189,TRUE,FALSE,TRUE
15,196712,"p","2020-02-15 12:42:00",955.866666666667,TRUE,955.783333333333,0.0833333333340533,FALSE,TRUE,82.1438489335324,0.273812829776076,0.985726187193872,5.47106603213119,183181.28473592,-101323.660966107,TRUE,FALSE,TRUE
15,196712,"p","2020-02-15 12:47:00",955.95,TRUE,955.866666666667,0.0833333333330302,FALSE,TRUE,82.1438578843292,0.273812859615427,0.985726294615537,5.143705264438,183259.32108072,-101296.809886026,TRUE,FALSE,TRUE
15,196712,"o","2020-02-15 12:51:00",956.016666666667,TRUE,955.95,0.0666666666669471,FALSE,TRUE,65.4287936494456,0.27261997353821,0.981431904737555,5.00309590565894,183321.621165269,-101275.841486585,TRUE,FALSE,TRUE
15,196712,"p","2020-02-15 12:52:00",956.033333333333,TRUE,956.016666666667,0.0166666666659694,FALSE,TRUE,17.0304368006065,0.283840613355317,1.02182620807914,4.86405499713055,183332.572972752,-101288.966777559,TRUE,FALSE,TRUE
15,196712,"p","2020-02-15 12:57:00",956.116666666667,TRUE,956.033333333333,0.0833333333340533,FALSE,TRUE,86.7301516075175,0.289100505355894,1.04076181928122,4.72554001115036,183386.68705372,-101357.155555516,TRUE,FALSE,TRUE
15,196712,"p","2020-02-15 13:02:00",956.2,TRUE,956.116666666667,0.0833333333330302,FALSE,TRUE,86.7301535182873,0.289100511728676,1.04076184222323,4.58702495888142,183440.801134687,-101425.344333472,TRUE,FALSE,TRUE
15,196712,"p","2020-02-15 13:07:00",956.283333333333,TRUE,956.2,0.0833333333329165,FALSE,TRUE,86.7301554336613,0.289100518113651,1.04076186520914,4.44850984004493,183494.915215655,-101493.533111429,TRUE,FALSE,TRUE
15,196712,"p","2020-02-15 13:12:00",956.366666666667,TRUE,956.283333333333,0.0833333333340533,FALSE,TRUE,86.730157352289,0.289100524505132,1.04076188821848,4.30970142856354,183549.029296621,-101561.721889392,TRUE,FALSE,TRUE
15,196712,"p","2020-02-15 13:17:00",956.45,TRUE,956.366666666667,0.0833333333330302,FALSE,TRUE,86.7301592725368,0.289100530909508,1.04076191127423,4.02037709512352,183603.143377587,-101629.910667351,TRUE,FALSE,TRUE
15,196712,"p","2020-02-15 13:22:00",956.533333333333,TRUE,956.45,0.0833333333329165,FALSE,TRUE,86.7301612029384,0.289100537344574,1.04076193444047,3.90734927253547,183657.257458554,-101698.099445318,TRUE,FALSE,TRUE
15,196712,"p","2020-02-15 13:27:00",956.616666666667,TRUE,956.533333333333,0.0833333333340533,FALSE,TRUE,86.7301631307915,0.289100543766807,1.04076195756051,3.78102434398864,183711.371539521,-101766.288223278,TRUE,FALSE,TRUE
15,196712,"p","2020-02-15 13:32:00",956.7,TRUE,956.616666666667,0.0833333333330302,FALSE,TRUE,86.7301650657253,0.289100550220136,1.04076198079249,3.65469951285211,183765.485620488,-101834.477001233,TRUE,FALSE,TRUE
15,196712,"p","2020-02-15 13:37:00",956.783333333333,TRUE,956.7,0.0833333333329165,FALSE,TRUE,86.7301670049796,0.289100556684712,1.04076200406496,3.52837477893289,183819.599701455,-101902.665779194,TRUE,FALSE,TRUE
15,196712,"p","2020-02-15 13:42:00",956.866666666667,TRUE,956.783333333333,0.0833333333340533,FALSE,TRUE,86.7301689489461,0.289100563160656,1.04076202737836,3.40205014201546,183873.713782422,-101970.854557155,TRUE,FALSE,TRUE
15,196712,"p","2020-02-15 13:47:00",956.95,TRUE,956.866666666667,0.0833333333330302,FALSE,TRUE,86.7301708964095,0.28910056965575,1.0407620507607,3.27904049923794,183927.827863389,-102039.043335116,TRUE,FALSE,TRUE
15,196712,"p","2020-02-15 13:52:00",957.033333333333,TRUE,956.95,0.0833333333329165,FALSE,TRUE,86.730172848586,0.2891005761634,1.04076207418824,3.18623531334459,183981.941944356,-102107.232113081,TRUE,FALSE,TRUE
15,196712,"p","2020-02-15 13:57:00",957.116666666667,TRUE,957.033333333333,0.0833333333340533,FALSE,TRUE,86.7301748029558,0.289100582674021,1.04076209762648,3.09129584336806,184036.056025322,-102175.420891036,TRUE,FALSE,TRUE
15,196712,"p","2020-02-15 14:02:00",957.2,TRUE,957.116666666667,0.0833333333330302,FALSE,TRUE,86.7301767640487,0.289100589214548,1.04076212117237,2.9963563293818,184090.17010629,-102243.609668997,TRUE,FALSE,TRUE
15,196712,"p","2020-02-15 14:07:00",957.283333333333,TRUE,957.2,0.0833333333329165,FALSE,TRUE,86.7301787288805,0.289100595764381,1.04076214475177,2.90141677127733,184144.284187256,-102311.798446954,TRUE,FALSE,TRUE
15,196712,"p","2020-02-15 14:12:00",957.366666666667,TRUE,957.283333333333,0.0833333333340533,FALSE,TRUE,86.7301806958181,0.289100602316896,1.04076216834082,2.80815666942304,184198.398268223,-102379.987224919,TRUE,FALSE,TRUE
15,196712,"p","2020-02-15 14:17:00",957.45,TRUE,957.366666666667,0.0833333333330302,FALSE,TRUE,86.7301826717138,0.289100608906764,1.04076219206435,2.6697402048988,184252.51234919,-102448.176002879,TRUE,FALSE,TRUE
15,196712,"p","2020-02-15 14:22:00",957.533333333333,TRUE,957.45,0.0833333333329165,FALSE,TRUE,86.7301846489804,0.289100615498047,1.04076221579297,2.53048397267472,184306.626430156,-102516.364780838,TRUE,FALSE,TRUE
15,196712,"p","2020-02-15 14:27:00",957.616666666667,TRUE,957.533333333333,0.0833333333340533,FALSE,TRUE,86.7301866280102,0.289100622090869,1.04076223952713,2.39122763897613,184360.740511123,-102584.553558803,TRUE,FALSE,TRUE
15,196712,"o","2020-02-15 14:30:00",957.666666666667,TRUE,957.616666666667,0.0499999999999545,FALSE,TRUE,52.6741988578918,0.292634438099665,1.0534839771588,2.25232458446671,184393.98675911,-102625.662764588,TRUE,FALSE,TRUE
15,196712,"p","2020-02-15 14:32:00",957.7,TRUE,957.666666666667,0.0333333333330756,FALSE,TRUE,88.5195565535486,0.737662971285274,2.65558669662699,2.15792428059705,184472.553751184,-102667.277596758,TRUE,FALSE,TRUE
15,196712,"p","2020-02-15 14:37:00",957.783333333333,TRUE,957.7,0.0833333333329165,FALSE,TRUE,223.237851758847,0.744126172533211,2.67885422111956,2.06988952109544,184670.915729884,-102771.804524721,TRUE,FALSE,TRUE
15,196712,"p","2020-02-15 14:42:00",957.866666666667,TRUE,957.783333333333,0.0833333333340533,FALSE,TRUE,223.237890529979,0.744126301760169,2.67885468633661,2.03987041823313,184869.277708584,-102876.331452675,TRUE,FALSE,TRUE
15,196712,"p","2020-02-15 14:47:00",957.95,TRUE,957.866666666667,0.0833333333330302,FALSE,TRUE,223.237929374461,0.744126431250911,2.67885515250328,2.00866451155452,185067.639687284,-102980.858380636,TRUE,FALSE,TRUE
15,196712,"p","2020-02-15 14:52:00",958.033333333333,TRUE,957.95,0.0833333333329165,FALSE,TRUE,223.237968289709,0.744126560969418,2.67885561948991,1.9774586529355,185266.001665984,-103085.385308592,TRUE,FALSE,TRUE
15,196712,"p","2020-02-15 14:57:00",958.116666666667,TRUE,958.033333333333,0.0833333333340533,FALSE,TRUE,223.238007280103,0.744126690927248,2.67885608733809,1.94625284232977,185464.363644684,-103189.912236557,TRUE,FALSE,TRUE
15,196712,"p","2020-02-15 15:02:00",958.2,TRUE,958.116666666667,0.0833333333330302,FALSE,TRUE,223.238046338869,0.744126821132269,2.67885655607617,1.91504707969561,185662.725623384,-103294.439164509,TRUE,FALSE,TRUE
15,196712,"p","2020-02-15 15:07:00",958.283333333333,TRUE,958.2,0.0833333333329165,FALSE,TRUE,223.238085473814,0.744126951583102,2.67885702569917,1.88384136499972,185861.087602084,-103398.966092464,TRUE,FALSE,TRUE
15,196712,"p","2020-02-15 15:12:00",958.366666666667,TRUE,958.283333333333,0.0833333333340533,FALSE,TRUE,223.238124680064,0.744127082260451,2.67885749613762,1.85788401414938,186059.449580783,-103503.493020424,TRUE,FALSE,TRUE
15,196712,"p","2020-02-15 15:17:00",958.45,TRUE,958.366666666667,0.0833333333330302,FALSE,TRUE,223.238163958922,0.744127213199114,2.67885796751681,1.69321386246953,186257.811559483,-103608.01994838,TRUE,FALSE,TRUE
15,196712,"p","2020-02-15 15:22:00",958.533333333333,TRUE,958.45,0.0833333333329165,FALSE,TRUE,223.238203312576,0.744127344378977,2.67885843976432,1.53343414748733,186456.173538184,-103712.546876338,TRUE,FALSE,TRUE
15,196712,"p","2020-02-15 15:27:00",958.616666666667,TRUE,958.533333333333,0.0833333333340533,FALSE,TRUE,223.238242731714,0.744127475765949,2.67885891275742,1.58126894355052,186654.535516883,-103817.07380429,TRUE,FALSE,TRUE
15,196712,"p","2020-02-15 15:32:00",958.7,TRUE,958.616666666667,0.0833333333330302,FALSE,TRUE,223.238282231617,0.74412760744143,2.67885938678915,1.62830042131706,186852.897495583,-103921.600732253,TRUE,FALSE,TRUE
15,196712,"p","2020-02-15 15:37:00",958.783333333333,TRUE,958.7,0.0833333333329165,FALSE,TRUE,223.23832179969,0.744127739336022,2.67885986160968,1.67533190928912,187051.259474283,-104026.127660209,TRUE,FALSE,TRUE
15,196712,"p","2020-02-15 15:42:00",958.866666666667,TRUE,958.783333333333,0.0833333333340533,FALSE,TRUE,223.238361442726,0.744127871469322,2.67886033728956,1.72248269908223,187249.621452983,-104130.654588167,TRUE,FALSE,TRUE
15,196712,"p","2020-02-15 15:47:00",958.95,TRUE,958.866666666667,0.0833333333330302,FALSE,TRUE,223.238401154161,0.744128003849911,2.67886081385968,1.76851143813169,187447.983431683,-104235.181516123,TRUE,FALSE,TRUE
15,196712,"p","2020-02-15 15:52:00",959.033333333333,TRUE,958.95,0.0833333333329165,FALSE,TRUE,223.238440942088,0.74412813647735,2.67886129131846,1.81401420124383,187646.345410383,-104339.708444091,TRUE,FALSE,TRUE
15,196712,"p","2020-02-15 15:57:00",959.116666666667,TRUE,959.033333333333,0.0833333333340533,FALSE,TRUE,223.238480801574,0.744128269332152,2.67886176959575,1.85951697700418,187844.707389083,-104444.235372043,TRUE,FALSE,TRUE
15,196712,"p","2020-02-15 16:02:00",959.2,TRUE,959.116666666667,0.0833333333330302,FALSE,TRUE,223.238520726422,0.744128402424113,2.67886224872681,1.90501976543523,188043.069367776,-104548.762299999,TRUE,FALSE,TRUE
15,196712,"o","2020-02-15 16:03:00",959.216666666667,TRUE,959.2,0.0166666666669926,FALSE,TRUE,43.8140663655105,0.730234439410896,2.62884398187922,1.9491331569258,188081.915605538,-104569.438061793,TRUE,FALSE,TRUE
15,196712,"p","2020-02-15 16:07:00",959.283333333333,TRUE,959.216666666667,0.0666666666659239,FALSE,TRUE,61.7668989612024,0.257362079007877,0.926503484428359,1.94595931173564,188118.858300766,-104619.221060571,TRUE,FALSE,TRUE
15,196712,"p","2020-02-15 16:12:00",959.366666666667,TRUE,959.283333333333,0.0833333333340533,FALSE,TRUE,76.3696437773151,0.254565479255518,0.916435725319863,1.94250580592673,188164.003972319,-104681.162779288,TRUE,FALSE,TRUE
15,196712,"p","2020-02-15 16:17:00",959.45,TRUE,959.366666666667,0.0833333333330302,FALSE,TRUE,76.3696451474606,0.254565483825795,0.916435741772861,1.93905229993263,188209.149643872,-104743.104498012,TRUE,FALSE,TRUE
15,196712,"p","2020-02-15 16:22:00",959.533333333333,TRUE,959.45,0.0833333333329165,FALSE,TRUE,76.3696465220372,0.254565488408064,0.916435758269031,1.93559879375143,188254.295315425,-104805.046216737,TRUE,FALSE,TRUE
15,196712,"p","2020-02-15 16:27:00",959.616666666667,TRUE,959.533333333333,0.0833333333340533,FALSE,TRUE,76.3696478982004,0.254565492991802,0.916435774770487,1.93214528738213,188299.440986978,-104866.987935459,TRUE,FALSE,TRUE
15,196712,"p","2020-02-15 16:32:00",959.7,TRUE,959.616666666667,0.0833333333330302,FALSE,TRUE,76.3696492745063,0.254565497582614,0.91643579129741,1.92869178082433,188344.586658531,-104928.929654176,TRUE,FALSE,TRUE
15,196712,"p","2020-02-15 16:37:00",959.783333333333,TRUE,959.7,0.0833333333329165,FALSE,TRUE,76.3696506581311,0.254565502195044,0.916435807902158,1.92523827407826,188389.732330084,-104990.871372899,TRUE,FALSE,TRUE
15,196712,"p","2020-02-15 16:42:00",959.866666666667,TRUE,959.783333333333,0.0833333333340533,FALSE,TRUE,76.3696520418986,0.254565506804129,0.916435824494865,1.92178476714233,188434.878001637,-105052.813091623,TRUE,FALSE,TRUE
15,196712,"p","2020-02-15 16:47:00",959.95,TRUE,959.866666666667,0.0833333333330302,FALSE,TRUE,76.3696534278959,0.254565511427246,0.916435841138085,1.91833126001765,188480.02367319,-105114.754810343,TRUE,FALSE,TRUE
15,196712,"p","2020-02-15 16:52:00",960.033333333333,TRUE,959.95,0.0833333333329165,FALSE,TRUE,76.3696548188962,0.254565516064261,0.916435857831339,1.91487775270263,188525.169344742,-105176.696529064,TRUE,FALSE,TRUE
15,196712,"p","2020-02-15 16:57:00",960.116666666667,TRUE,960.033333333333,0.0833333333340533,FALSE,TRUE,76.369656214785,0.254565520713751,0.916435874569502,1.91142424519756,188570.315016295,-105238.63824779,TRUE,FALSE,TRUE
15,196712,"p","2020-02-15 17:02:00",960.2,TRUE,960.116666666667,0.0833333333330302,FALSE,TRUE,76.3696576074002,0.254565525358927,0.916435891292137,1.90797073750177,188615.460687848,-105300.579966512,TRUE,FALSE,TRUE
15,196712,"p","2020-02-15 17:07:00",960.283333333333,TRUE,960.2,0.0833333333329165,FALSE,TRUE,76.369659008206,0.254565530028627,0.916435908103056,1.90451722961395,188660.606359401,-105362.521685234,TRUE,FALSE,TRUE
15,196712,"p","2020-02-15 17:12:00",960.366666666667,TRUE,960.283333333333,0.0833333333340533,FALSE,TRUE,76.3696604081683,0.254565534691695,0.916435924890101,1.90106372153332,188705.752030954,-105424.463403959,TRUE,FALSE,TRUE
15,196712,"p","2020-02-15 17:17:00",960.45,TRUE,960.366666666667,0.0833333333330302,FALSE,TRUE,76.3696618141197,0.254565539381325,0.91643594177277,1.89761021326236,188750.897702507,-105486.405122676,TRUE,FALSE,TRUE
15,196712,"p","2020-02-15 17:22:00",960.533333333333,TRUE,960.45,0.0833333333329165,FALSE,TRUE,76.3696632225295,0.254565544076372,0.916435958674939,1.89380332386003,188796.04337406,-105548.346841402,TRUE,FALSE,TRUE
15,196712,"p","2020-02-15 17:27:00",960.616666666667,TRUE,960.533333333333,0.0833333333340533,FALSE,TRUE,76.369664630096,0.254565548764787,0.916435975553234,1.84549358160798,188841.189045613,-105610.288560119,TRUE,FALSE,TRUE
15,196712,"p","2020-02-15 17:32:00",960.7,TRUE,960.616666666667,0.0833333333330302,FALSE,TRUE,76.3696660469533,0.25456555349077,0.916435992566773,1.79653751970374,188886.334717166,-105672.230278844,TRUE,FALSE,TRUE
15,196712,"p","2020-02-15 17:37:00",960.783333333333,TRUE,960.7,0.0833333333329165,FALSE,TRUE,76.3696674618666,0.254565558207495,0.916436009546983,1.74758144534847,188931.480388719,-105734.171997562,TRUE,FALSE,TRUE
15,196712,"p","2020-02-15 17:42:00",960.866666666667,TRUE,960.783333333333,0.0833333333340533,FALSE,TRUE,76.3696688793528,0.254565562928976,0.916436026544315,1.69862535851628,188976.626060273,-105796.113716282,TRUE,FALSE,TRUE
15,196712,"p","2020-02-15 17:47:00",960.95,TRUE,960.866666666667,0.0833333333330302,FALSE,TRUE,76.3696703027134,0.254565567676638,0.916436043635895,1.649669259187,189021.771731826,-105858.055435002,TRUE,FALSE,TRUE
15,196712,"p","2020-02-15 17:52:00",961.033333333333,TRUE,960.95,0.0833333333329165,FALSE,TRUE,76.369671727432,0.254565572426047,0.916436060733768,1.60071314733688,189066.917403378,-105919.99715373,TRUE,FALSE,TRUE
15,196712,"p","2020-02-15 17:57:00",961.116666666667,TRUE,961.033333333333,0.0833333333340533,FALSE,TRUE,76.3696731537372,0.254565577176924,0.916436077836928,1.55175702294135,189112.063074931,-105981.938872455,TRUE,FALSE,TRUE
15,196712,"p","2020-02-15 18:02:00",961.2,TRUE,961.116666666667,0.0833333333330302,FALSE,TRUE,76.3696745858023,0.254565581953601,0.916436095032962,1.5028008859784,189157.208746484,-106043.880591176,TRUE,FALSE,TRUE
15,196712,"p","2020-02-15 18:07:00",961.283333333333,TRUE,961.2,0.0833333333329165,FALSE,TRUE,76.369676019111,0.254565586731643,0.916436112233916,1.45384473642552,189202.354418037,-106105.822309896,TRUE,FALSE,TRUE
15,196712,"p","2020-02-15 18:12:00",961.366666666667,TRUE,961.283333333333,0.0833333333340533,FALSE,TRUE,76.3696774544638,0.25456559151268,0.916436129445648,1.40488857425687,189247.50008959,-106167.764028613,TRUE,FALSE,TRUE
15,196712,"p","2020-02-15 18:17:00",961.45,TRUE,961.366666666667,0.0833333333330302,FALSE,TRUE,76.3696788963339,0.254565596322039,0.91643614675934,1.35593239945118,189292.645761143,-106229.705747343,TRUE,FALSE,TRUE
15,196712,"p","2020-02-15 18:22:00",961.533333333333,TRUE,961.45,0.0833333333329165,FALSE,TRUE,76.3696803352743,0.254565601118854,0.916436164027876,1.30697621198647,189337.791432696,-106291.647466056,TRUE,FALSE,TRUE
15,196712,"p","2020-02-15 18:27:00",961.616666666667,TRUE,961.533333333333,0.0833333333340533,FALSE,TRUE,76.3696817824043,0.254565605939148,0.916436181380933,1.25802001183624,189382.937104249,-106353.589184784,TRUE,FALSE,TRUE
15,196712,"p","2020-02-15 18:32:00",961.7,TRUE,961.616666666667,0.0833333333330302,FALSE,TRUE,76.3696832297916,0.254565610766898,0.916436198760833,1.20906379897933,189428.082775802,-106415.530903506,TRUE,FALSE,TRUE
15,196712,"p","2020-02-16 07:17:00",974.45,TRUE,974.366666666667,0.0833333333330302,FALSE,TRUE,337.134132310035,1.12378044103754,4.04560958773514,1.21852715441235,195416.348919108,-116328.039998413,TRUE,FALSE,TRUE
15,196712,"o","2020-02-16 07:20:00",974.5,TRUE,974.45,0.0499999999999545,FALSE,TRUE,201.008578472665,1.11671432484915,4.02017156945695,1.30474196093746,195442.378337761,-116527.993743913,TRUE,FALSE,TRUE
15,196712,"p","2020-02-16 07:22:00",974.533333333333,TRUE,974.5,0.033333333332962,FALSE,TRUE,84.6930485836604,0.7057754048717,2.54079145753812,1.34986287486545,195521.11794291,-116560.209538344,TRUE,FALSE,TRUE
15,196712,"p","2020-02-16 07:27:00",974.616666666667,TRUE,974.533333333333,0.0833333333340533,FALSE,TRUE,212.401599271396,0.708005330898536,2.54881919123473,1.39520678079728,195720.083272904,-116637.264040475,TRUE,FALSE,TRUE
15,196712,"p","2020-02-16 07:32:00",974.7,TRUE,974.616666666667,0.0833333333330302,FALSE,TRUE,212.401644362222,0.708005481209981,2.54881973235593,1.44055070116024,195919.048602899,-116714.318542621,TRUE,FALSE,TRUE
15,196712,"p","2020-02-16 07:37:00",974.783333333333,TRUE,974.7,0.0833333333329165,FALSE,TRUE,210.834651129564,0.702782170435396,2.53001581356743,1.48537228984276,196116.729028535,-116790.332074527,TRUE,FALSE,TRUE
15,196712,"p","2020-02-16 07:42:00",974.866666666667,TRUE,974.783333333333,0.0833333333340533,FALSE,TRUE,120.697624594775,0.402325415312439,1.44837149512478,1.5001482024113,196078.685493065,-116675.372927201,TRUE,FALSE,TRUE
15,196712,"p","2020-02-16 07:47:00",974.95,TRUE,974.866666666667,0.0833333333330302,FALSE,TRUE,122.087522578271,0.406958408595718,1.46505027094458,1.51538741370382,196039.357053238,-116559.372809621,TRUE,FALSE,TRUE
15,196712,"p","2020-02-16 07:52:00",975.033333333333,TRUE,974.95,0.0833333333329165,FALSE,TRUE,122.087523887216,0.406958412959423,1.46505028665392,1.53062662482836,196000.028613409,-116443.372692051,TRUE,FALSE,TRUE
15,196712,"p","2020-02-16 07:57:00",975.116666666667,TRUE,975.033333333333,0.0833333333340533,FALSE,TRUE,122.087525200086,0.406958417330102,1.46505030238837,1.54586583578453,195960.700173582,-116327.372574474,TRUE,FALSE,TRUE
15,196712,"p","2020-02-16 08:02:00",975.2,TRUE,975.116666666667,0.0833333333330302,FALSE,TRUE,122.087526533517,0.406958421779872,1.46505031840754,1.56110504657918,195921.371733754,-116211.372456905,TRUE,FALSE,TRUE
15,196712,"p","2020-02-16 08:07:00",975.283333333333,TRUE,975.2,0.0833333333329165,FALSE,TRUE,122.087527874783,0.406958426251313,1.46505033450473,1.57634425721366,195882.043293925,-116095.372339334,TRUE,FALSE,TRUE
15,196712,"p","2020-02-16 08:12:00",975.366666666667,TRUE,975.283333333333,0.0833333333340533,FALSE,TRUE,122.087529228982,0.406958430759757,1.46505035073513,1.59158346769099,195842.714854098,-115979.372221758,TRUE,FALSE,TRUE
15,196712,"p","2020-02-16 08:17:00",975.45,TRUE,975.366666666667,0.0833333333330302,FALSE,TRUE,122.087530593652,0.406958435313653,1.46505036712915,1.60682267801419,195803.38641427,-115863.372104177,TRUE,FALSE,TRUE
15,196712,"o","2020-02-16 08:21:00",975.516666666667,TRUE,975.45,0.0666666666669471,FALSE,TRUE,96.2609655310846,0.401087356377832,1.4439144829602,1.62147477983373,195774.239883468,-115771.302169665,TRUE,FALSE,TRUE
15,196712,"p","2020-02-16 08:22:00",975.533333333333,TRUE,975.516666666667,0.0166666666659694,FALSE,TRUE,75.4334169308617,1.25722361556696,4.52600501604106,1.7217405069603,195849.969590308,-115774.454542173,TRUE,FALSE,TRUE
15,196712,"p","2020-02-16 08:27:00",975.616666666667,TRUE,975.533333333333,0.0833333333340533,FALSE,TRUE,388.847895068333,1.29615965021658,4.66617474077968,1.82589983693995,196240.199229687,-115793.867202357,TRUE,FALSE,TRUE
15,196712,"p","2020-02-16 08:32:00",975.7,TRUE,975.616666666667,0.0833333333330302,FALSE,TRUE,388.848084008796,1.29616028003404,4.66617700812253,1.93005922928798,196630.428869088,-115813.279862541,TRUE,FALSE,TRUE
15,196712,"p","2020-02-16 08:37:00",975.783333333333,TRUE,975.7,0.0833333333329165,FALSE,TRUE,388.848273311453,1.29616091104466,4.66617927976077,2.03421868412331,197020.658508488,-115832.692522737,TRUE,FALSE,TRUE
15,196712,"p","2020-02-16 08:42:00",975.866666666667,TRUE,975.783333333333,0.0833333333340533,FALSE,TRUE,388.848462991233,1.29616154329291,4.66618155585448,2.13837820156802,197410.88814788,-115852.105182924,TRUE,FALSE,TRUE
15,196712,"o","2020-02-16 08:43:00",975.883333333333,TRUE,975.866666666667,0.0166666666659694,FALSE,TRUE,76.9192452873583,1.28198742150961,4.61515471743458,2.24112030621798,197488.074226438,-115856.070214717,TRUE,FALSE,TRUE
15,196712,"p","2020-02-16 08:47:00",975.95,TRUE,975.883333333333,0.0666666666670608,FALSE,TRUE,186.641595628603,0.777673315114582,2.7996239344125,2.29343099961252,197673.546120523,-115883.757931107,TRUE,FALSE,TRUE
15,196712,"p","2020-02-16 08:52:00",976.033333333333,TRUE,975.95,0.0833333333329165,FALSE,TRUE,234.458541342385,0.781528471145193,2.8135024961227,2.34612720799155,197906.624750943,-115917.936736562,TRUE,FALSE,TRUE
15,196712,"o","2020-02-16 08:54:00",976.066666666667,TRUE,976.033333333333,0.0333333333339851,FALSE,TRUE,258.203496521325,2.1516958043023,7.74610489548828,2.53584014906678,198164.898656064,-115893.32402633,TRUE,FALSE,TRUE
15,196712,"p","2020-02-16 08:57:00",976.116666666667,TRUE,976.066666666667,0.0500000000000682,FALSE,TRUE,36.8240922461145,0.204578290255913,0.736481844921286,2.53084133811865,198191.883024038,-115918.59413957,TRUE,FALSE,TRUE
15,196712,"p","2020-02-16 09:02:00",976.2,TRUE,976.116666666667,0.0833333333330302,FALSE,TRUE,58.1584761394978,0.193861587132365,0.697901713676512,2.5247708562361,198231.28123052,-115961.676149165,TRUE,FALSE,TRUE
15,196712,"p","2020-02-16 09:07:00",976.283333333333,TRUE,976.2,0.0833333333329165,FALSE,TRUE,58.1584777611189,0.193861592538033,0.697901733136918,2.51870037427323,198270.679436976,-116004.758158774,TRUE,FALSE,TRUE
15,196712,"o","2020-02-16 09:08:00",976.3,TRUE,976.283333333333,0.0166666666669926,FALSE,TRUE,11.6346010874291,0.193910018120027,0.698076065232099,2.51282412166533,198275.69040606,-116015.301968545,TRUE,FALSE,TRUE
15,196712,"p","2020-02-16 09:12:00",976.366666666667,TRUE,976.3,0.0666666666670608,FALSE,TRUE,502.357187891995,2.0931549495376,7.53535781833537,2.67921535091126,197884.466683557,-116333.800308699,TRUE,FALSE,TRUE
15,196712,"o","2020-02-16 09:17:00",976.45,TRUE,976.366666666667,0.0833333333330302,FALSE,TRUE,628.04842737717,2.09349475793152,7.53658112855346,2.84441051774455,197394.482224265,-116730.91438573,TRUE,FALSE,TRUE
15,196712,"p","2020-02-16 09:22:00",976.533333333333,TRUE,976.45,0.0833333333329165,FALSE,TRUE,229.356243784114,0.764520812617539,2.75227492542314,2.8767082979756,197387.177883301,-116500.954585719,TRUE,FALSE,TRUE
15,196712,"p","2020-02-16 09:27:00",976.616666666667,TRUE,976.533333333333,0.0833333333340533,FALSE,TRUE,232.694507285827,0.775648357612721,2.7923340874058,2.91011884063306,197382.504576471,-116267.576677706,TRUE,FALSE,TRUE
15,196712,"p","2020-02-16 09:32:00",976.7,TRUE,976.616666666667,0.0833333333330302,FALSE,TRUE,232.694534294172,0.775648447650063,2.79233441154023,2.94352940021592,197377.831269642,-116034.198769691,TRUE,FALSE,TRUE
15,196712,"o","2020-02-16 09:36:00",976.766666666667,TRUE,976.7,0.0666666666669471,FALSE,TRUE,183.459686406788,0.764415360025067,2.75189529609024,2.97581665895261,197373.264745944,-115850.220174064,TRUE,FALSE,TRUE
15,196712,"p","2020-02-16 09:37:00",976.783333333333,TRUE,976.766666666667,0.0166666666659694,FALSE,TRUE,59.905352064889,0.998422534456588,3.59432112404372,3.03146272783436,197342.450895188,-115901.847536563,TRUE,FALSE,TRUE
15,196712,"p","2020-02-16 09:42:00",976.866666666667,TRUE,976.783333333333,0.0833333333340533,FALSE,TRUE,313.315864899194,1.04438621632162,3.75979037875784,3.02478388144083,197184.242250285,-116173.60300279,TRUE,FALSE,TRUE
15,196712,"p","2020-02-16 09:47:00",976.95,TRUE,976.866666666667,0.0833333333330302,FALSE,TRUE,313.315757488871,1.04438585830004,3.75978908988014,3.01684442316708,197026.033605374,-116445.35846904,TRUE,FALSE,TRUE
15,196712,"p","2020-02-16 09:52:00",977.033333333333,TRUE,976.95,0.0833333333329165,FALSE,TRUE,313.31565025464,1.04438550085402,3.75978780307448,3.00961154076757,196867.824960463,-116717.1139353,TRUE,FALSE,TRUE
15,196712,"o","2020-02-16 09:56:00",977.1,TRUE,977.033333333333,0.0666666666670608,FALSE,TRUE,249.119998801342,1.03799999499945,3.73679998199803,3.04283399978034,196742.50424686,-116933.462501919,TRUE,FALSE,TRUE
15,196712,"p","2020-02-16 09:57:00",977.116666666667,TRUE,977.1,0.0166666666669926,FALSE,TRUE,20.9398077564986,0.348996795934819,1.25638846536535,3.00693314628397,196755.839561381,-116949.708186194,TRUE,FALSE,TRUE
15,196712,"p","2020-02-16 10:02:00",977.2,TRUE,977.116666666667,0.0833333333330302,FALSE,TRUE,104.875243475844,0.349584144920751,1.25850292171471,2.97109101265505,196828.747145542,-117025.657575736,TRUE,FALSE,TRUE
15,196712,"p","2020-02-16 10:07:00",977.283333333333,TRUE,977.2,0.0833333333329165,FALSE,TRUE,104.875249092144,0.349584163642228,1.25850298911202,2.93577121197573,196901.654729715,-117101.606965279,TRUE,FALSE,TRUE
15,196712,"p","2020-02-16 10:12:00",977.366666666667,TRUE,977.283333333333,0.0833333333340533,FALSE,TRUE,104.875254711424,0.349584182368393,1.25850305652621,2.93049708868133,196974.562313888,-117177.556354812,TRUE,FALSE,TRUE
15,196712,"p","2020-02-16 10:17:00",977.45,TRUE,977.366666666667,0.0833333333330302,FALSE,TRUE,104.87526033498,0.349584201117873,1.25850312402434,2.92475966793354,197047.46989806,-117253.505744354,TRUE,FALSE,TRUE
15,196712,"p","2020-02-16 10:22:00",977.533333333333,TRUE,977.45,0.0833333333329165,FALSE,TRUE,104.875265973258,0.34958421991261,1.2585031916854,2.91902224862886,197120.377482234,-117329.455133883,TRUE,FALSE,TRUE
15,196712,"p","2020-02-16 10:27:00",977.616666666667,TRUE,977.533333333333,0.0833333333340533,FALSE,TRUE,104.875271614323,0.349584238711388,1.258503259361,2.91328483076699,197193.285066407,-117405.404523423,TRUE,FALSE,TRUE
15,196712,"p","2020-02-16 10:32:00",977.7,TRUE,977.616666666667,0.0833333333330302,FALSE,TRUE,104.875277261746,0.349584257540424,1.25850332714553,2.90754741434304,197266.192650579,-117481.353912963,TRUE,FALSE,TRUE
15,196712,"p","2020-02-16 10:37:00",977.783333333333,TRUE,977.7,0.0833333333329165,FALSE,TRUE,104.875282921832,0.349584276407855,1.25850339506828,2.9018099993587,197339.100234753,-117557.303302496,TRUE,FALSE,TRUE
15,196712,"p","2020-02-16 10:42:00",977.866666666667,TRUE,977.783333333333,0.0833333333340533,FALSE,TRUE,104.875288585289,0.349584295281275,1.25850346301259,2.89607258581085,197412.007818925,-117633.252692039,TRUE,FALSE,TRUE
15,196712,"p","2020-02-16 10:47:00",977.95,TRUE,977.866666666667,0.0833333333330302,FALSE,TRUE,104.875294257938,0.3495843141944,1.25850353109984,2.89033517369892,197484.915403098,-117709.202081575,TRUE,FALSE,TRUE
15,196712,"p","2020-02-16 10:52:00",978.033333333333,TRUE,977.95,0.0833333333329165,FALSE,TRUE,104.875299936169,0.349584333122313,1.25850359924033,2.88518487137337,197557.822987271,-117785.151471111,TRUE,FALSE,TRUE
15,196712,"p","2020-02-16 10:57:00",978.116666666667,TRUE,978.033333333333,0.0833333333340533,FALSE,TRUE,104.875305622849,0.349584352073144,1.25850366746332,2.79442094502399,197630.730571444,-117861.100860648,TRUE,FALSE,TRUE
15,196712,"p","2020-02-16 11:02:00",978.2,TRUE,978.116666666667,0.0833333333330302,FALSE,TRUE,104.875311319042,0.349584371064744,1.25850373583308,2.69976341710881,197703.638155617,-117937.050250188,TRUE,FALSE,TRUE
15,196712,"p","2020-02-16 11:07:00",978.283333333333,TRUE,978.2,0.0833333333329165,FALSE,TRUE,104.87531702052,0.34958439007015,1.25850380425254,2.60510582811242,197776.54573979,-118012.999639723,TRUE,FALSE,TRUE
15,196712,"p","2020-02-16 11:12:00",978.366666666667,TRUE,978.283333333333,0.0833333333340533,FALSE,TRUE,104.875322727994,0.349584409090292,1.25850387272505,2.51044817791698,197849.453323962,-118088.94902926,TRUE,FALSE,TRUE
15,196712,"p","2020-02-16 11:17:00",978.45,TRUE,978.366666666667,0.0833333333330302,FALSE,TRUE,104.875328446357,0.349584428155795,1.25850394136086,2.41579046640327,197922.360908135,-118164.898418798,TRUE,FALSE,TRUE
15,196712,"p","2020-02-16 11:22:00",978.533333333333,TRUE,978.45,0.0833333333329165,FALSE,TRUE,104.875334170856,0.349584447237934,1.25850401005656,2.3225501689761,197995.268492309,-118240.847808339,TRUE,FALSE,TRUE
15,196712,"p","2020-02-16 11:27:00",978.616666666667,TRUE,978.533333333333,0.0833333333340533,FALSE,TRUE,104.875339901096,0.349584466333967,1.25850407880228,2.27974128409804,198068.176076481,-118316.797197873,TRUE,FALSE,TRUE
15,196712,"p","2020-02-16 11:32:00",978.7,TRUE,978.616666666667,0.0833333333330302,FALSE,TRUE,104.875345640567,0.349584485469827,1.25850414769138,2.23654688553051,198141.083660654,-118392.746587412,TRUE,FALSE,TRUE
15,196712,"p","2020-02-16 11:37:00",978.783333333333,TRUE,978.7,0.0833333333329165,FALSE,TRUE,104.875351390191,0.349584504635719,1.25850421668859,2.05633575556385,198213.991244827,-118468.695976949,TRUE,FALSE,TRUE
15,196712,"p","2020-02-16 11:42:00",978.866666666667,TRUE,978.783333333333,0.0833333333340533,FALSE,TRUE,104.875357142399,0.349584523804978,1.25850428569792,2.07083637891875,198286.898828999,-118544.645366488,TRUE,FALSE,TRUE
15,196712,"p","2020-02-16 11:47:00",978.95,TRUE,978.866666666667,0.0833333333330302,FALSE,TRUE,104.875362905216,0.349584543018657,1.25850435486717,2.08640867450738,198359.806413173,-118620.594756027,TRUE,FALSE,TRUE
15,196712,"p","2020-02-16 11:52:00",979.033333333333,TRUE,978.95,0.0833333333329165,FALSE,TRUE,104.875368673,0.349584562245082,1.2585044240823,2.10198097147809,198432.713997345,-118696.544145555,TRUE,FALSE,TRUE
15,196712,"p","2020-02-16 11:57:00",979.116666666667,TRUE,979.033333333333,0.0833333333340533,FALSE,TRUE,104.875374449903,0.349584581496655,1.25850449338796,2.11754842781575,198505.621581518,-118772.493535097,TRUE,FALSE,TRUE
15,196712,"p","2020-02-16 12:02:00",979.2,TRUE,979.116666666667,0.0833333333330302,FALSE,TRUE,104.87538023491,0.349584600784305,1.2585045628235,1.94319139294042,198578.529165691,-118848.442924637,TRUE,FALSE,TRUE
15,196712,"p","2020-02-16 12:07:00",979.283333333333,TRUE,979.2,0.0833333333329165,FALSE,TRUE,104.875386026793,0.349584620091058,1.25850463232781,1.76880037915638,198651.436749864,-118924.392314172,TRUE,FALSE,TRUE
15,196712,"p","2020-02-16 12:12:00",979.366666666667,TRUE,979.283333333333,0.0833333333340533,FALSE,TRUE,104.875391825033,0.349584639413757,1.25850470188952,1.727306761836,198724.344334037,-119000.341703711,TRUE,FALSE,TRUE
15,196712,"p","2020-02-16 12:17:00",979.45,TRUE,979.366666666667,0.0833333333330302,FALSE,TRUE,104.875397631126,0.349584658771691,1.25850477157809,1.68470039195189,198797.25191821,-119076.291093246,TRUE,FALSE,TRUE
15,196712,"p","2020-02-16 12:22:00",979.533333333333,TRUE,979.45,0.0833333333329165,FALSE,TRUE,104.87540344534,0.349584678152881,1.25850484135037,1.64209401500218,198870.159502383,-119152.240482782,TRUE,FALSE,TRUE
15,196712,"p","2020-02-16 12:27:00",979.616666666667,TRUE,979.533333333333,0.0833333333340533,FALSE,TRUE,104.875409269532,0.349584697562086,1.25850491122351,1.60061094875588,198943.067086556,-119228.189872324,TRUE,FALSE,TRUE
15,196712,"p","2020-02-16 12:32:00",979.7,TRUE,979.616666666667,0.0833333333330302,FALSE,TRUE,104.875415095911,0.349584716987641,1.25850498115551,1.53572716700898,199015.974670729,-119304.139261867,TRUE,FALSE,TRUE
15,196712,"p","2020-02-16 12:37:00",979.783333333333,TRUE,979.7,0.0833333333329165,FALSE,TRUE,104.875420932227,0.349584736442507,1.25850505119303,1.46624701902107,199088.882254901,-119380.088651394,TRUE,FALSE,TRUE
15,196712,"p","2020-02-16 12:42:00",979.866666666667,TRUE,979.783333333333,0.0833333333340533,FALSE,TRUE,104.875426777699,0.349584755922642,1.25850512132151,1.39676690878333,199161.789839074,-119456.038040935,TRUE,FALSE,TRUE
15,196712,"p","2020-02-16 12:47:00",979.95,TRUE,979.866666666667,0.0833333333330302,FALSE,TRUE,104.875432628581,0.349584775429875,1.25850519154755,1.32728683624092,199234.697423246,-119531.987430478,TRUE,FALSE,TRUE
15,196712,"p","2020-02-16 12:52:00",980.033333333333,TRUE,979.95,0.0833333333329165,FALSE,TRUE,104.875438487658,0.349584794960608,1.25850526185819,1.25844531623703,199307.60500742,-119607.93682001,TRUE,FALSE,TRUE
15,196712,"p","2020-02-16 12:57:00",980.116666666667,TRUE,980.033333333333,0.0833333333340533,FALSE,TRUE,104.87544435572,0.349584814516046,1.25850533225777,1.25850411809516,199380.512591593,-119683.886209555,TRUE,FALSE,TRUE
15,196712,"p","2020-02-16 13:02:00",980.2,TRUE,980.116666666667,0.0833333333330302,FALSE,TRUE,104.875450226962,0.349584834091146,1.25850540272813,1.25850418701219,199453.420175765,-119759.835599084,TRUE,FALSE,TRUE
15,196712,"p","2020-02-16 13:07:00",980.283333333333,TRUE,980.2,0.0833333333329165,FALSE,TRUE,104.875456108084,0.349584853695361,1.2585054733033,1.25850425601751,199526.327759938,-119835.784988621,TRUE,FALSE,TRUE
15,196712,"p","2020-02-16 13:12:00",980.366666666667,TRUE,980.283333333333,0.0833333333340533,FALSE,TRUE,104.875461998732,0.349584873326086,1.25850554397391,1.25850432511328,199599.235344112,-119911.734378158,TRUE,FALSE,TRUE
15,196712,"p","2020-02-16 13:17:00",980.45,TRUE,980.366666666667,0.0833333333330302,FALSE,TRUE,104.875467893848,0.349584892980764,1.25850561473075,1.25850439429957,199672.142928284,-119987.683767689,TRUE,FALSE,TRUE
15,196712,"p","2020-02-16 13:22:00",980.533333333333,TRUE,980.45,0.0833333333329165,FALSE,TRUE,104.875473800749,0.349584912670912,1.25850568561528,1.2585044635754,199745.050512457,-120063.633157233,TRUE,FALSE,TRUE
15,196712,"p","2020-02-16 13:27:00",980.616666666667,TRUE,980.533333333333,0.0833333333340533,FALSE,TRUE,104.87547970755,0.349584932355479,1.25850575647972,1.25850453293981,199817.958096631,-120139.582546767,TRUE,FALSE,TRUE
15,196712,"p","2020-02-16 13:32:00",980.7,TRUE,980.616666666667,0.0833333333330302,FALSE,TRUE,104.875485629306,0.349584952098958,1.25850582755625,1.25850460239566,199890.865680803,-120215.531936304,TRUE,FALSE,TRUE
15,196712,"p","2020-02-16 13:37:00",980.783333333333,TRUE,980.7,0.0833333333329165,FALSE,TRUE,104.875491556257,0.349584971855938,1.25850589868138,1.25850467194047,199963.773264976,-120291.481325852,TRUE,FALSE,TRUE
15,196712,"p","2020-02-16 13:42:00",980.866666666667,TRUE,980.783333333333,0.0833333333340533,FALSE,TRUE,104.87549748686,0.349584991619846,1.25850596983145,1.25850474157432,200036.680849149,-120367.430715376,TRUE,FALSE,TRUE
15,196712,"p","2020-02-16 13:47:00",980.95,TRUE,980.866666666667,0.0833333333330302,FALSE,TRUE,104.875503431115,0.34958501143832,1.25850604117795,1.25850481129872,200109.588433321,-120443.380104926,TRUE,FALSE,TRUE
15,196712,"p","2020-02-16 13:52:00",981.033333333333,TRUE,980.95,0.0833333333329165,FALSE,TRUE,104.875509379385,0.349585031266366,1.25850611255892,1.25850488111312,200182.496017494,-120519.329494461,TRUE,FALSE,TRUE
15,196712,"o","2020-02-16 13:57:00",981.116666666667,TRUE,981.033333333333,0.0833333333340533,FALSE,TRUE,104.352389443921,0.347841298143397,1.25222867331623,1.25833057572015,200253.409886723,-120596.426727373,TRUE,FALSE,TRUE
15,196712,"p","2020-02-16 14:02:00",981.2,TRUE,981.116666666667,0.0833333333330302,FALSE,TRUE,410.261198753395,1.36753732918296,4.92313438505865,1.36012587153197,199958.563938148,-120884.103203134,TRUE,FALSE,TRUE
15,196712,"p","2020-02-16 14:07:00",981.283333333333,TRUE,981.2,0.0833333333329165,FALSE,TRUE,412.479981038313,1.37493327013459,4.94975977248452,1.46266075953841,199661.724274627,-121172.927522284,TRUE,FALSE,TRUE
15,196712,"p","2020-02-16 14:12:00",981.366666666667,TRUE,981.283333333333,0.0833333333340533,FALSE,TRUE,412.479765018887,1.37493255005108,4.94975718018387,1.56519557363449,199364.884611108,-121461.751841426,TRUE,FALSE,TRUE
15,196712,"p","2020-02-16 14:17:00",981.45,TRUE,981.366666666667,0.0833333333330302,FALSE,TRUE,412.479549454599,1.37493183152033,4.9497545934732,1.66773031397094,199068.044947588,-121750.576160577,TRUE,FALSE,TRUE
15,196712,"p","2020-02-16 14:22:00",981.533333333333,TRUE,981.45,0.0833333333329165,FALSE,TRUE,412.479334344174,1.37493111448746,4.94975201215485,1.7702649806959,198771.205284067,-122039.400479725,TRUE,FALSE,TRUE
15,196712,"p","2020-02-16 14:27:00",981.616666666667,TRUE,981.533333333333,0.0833333333340533,FALSE,TRUE,412.479119683424,1.37493039893287,4.94974943615832,1.87279957395579,198474.365620548,-122328.224798868,TRUE,FALSE,TRUE
15,196712,"p","2020-02-16 14:32:00",981.7,TRUE,981.616666666667,0.0833333333330302,FALSE,TRUE,412.478905484526,1.37492968495342,4.94974686583232,1.97533409390415,198177.525957028,-122617.049118013,TRUE,FALSE,TRUE
15,196712,"p","2020-02-16 14:37:00",981.783333333333,TRUE,981.7,0.0833333333329165,FALSE,TRUE,412.478691735222,1.37492897245762,4.94974430084743,2.07786854068634,197880.686293508,-122905.87343715,TRUE,FALSE,TRUE
15,196712,"p","2020-02-16 14:42:00",981.866666666667,TRUE,981.783333333333,0.0833333333340533,FALSE,TRUE,412.478478439694,1.37492826145377,4.94974174123356,2.18040291445122,197583.846629988,-123194.6977563,TRUE,FALSE,TRUE
15,196712,"p","2020-02-16 14:47:00",981.95,TRUE,981.866666666667,0.0833333333330302,FALSE,TRUE,412.478265602,1.37492755201167,4.949739187242,2.28293721535052,197287.006966468,-123483.52207545,TRUE,FALSE,TRUE
15,196712,"p","2020-02-16 14:52:00",982.033333333333,TRUE,981.95,0.0833333333329165,FALSE,TRUE,412.478053215562,1.37492684405875,4.9497366386115,2.38547144353188,196990.167302948,-123772.346394598,TRUE,FALSE,TRUE
15,196712,"p","2020-02-16 14:57:00",982.116666666667,TRUE,982.033333333333,0.0833333333340533,FALSE,TRUE,412.477841285106,1.37492613760514,4.9497340953785,2.48800559914273,196693.327639428,-124061.17071374,TRUE,FALSE,TRUE
15,196712,"p","2020-02-16 15:02:00",982.2,TRUE,982.116666666667,0.0833333333330302,FALSE,TRUE,412.47762980793,1.3749254326981,4.94973155771317,2.59053968233411,196396.487975908,-124349.995032882,TRUE,FALSE,TRUE
15,196712,"p","2020-02-16 15:07:00",982.283333333333,TRUE,982.2,0.0833333333329165,FALSE,TRUE,412.477418785629,1.37492472929231,4.9497290254523,2.69307369325424,196099.648312388,-124638.819352028,TRUE,FALSE,TRUE
15,196712,"p","2020-02-16 15:12:00",982.366666666667,TRUE,982.283333333333,0.0833333333340533,FALSE,TRUE,412.47720821634,1.37492402737592,4.94972649855331,2.79560763205045,195802.808648869,-124927.643671175,TRUE,FALSE,TRUE
15,196712,"p","2020-02-16 15:17:00",982.45,TRUE,982.366666666667,0.0833333333330302,FALSE,TRUE,412.476998106025,1.37492332702509,4.94972397729031,2.89814149887579,195505.968985349,-125216.467990317,TRUE,FALSE,TRUE
15,196712,"p","2020-02-16 15:22:00",982.533333333333,TRUE,982.45,0.0833333333329165,FALSE,TRUE,412.476788443846,1.37492262815303,4.94972146135091,3.00067529387581,195209.129321828,-125505.292309458,TRUE,FALSE,TRUE
15,196712,"p","2020-02-16 15:27:00",982.616666666667,TRUE,982.533333333333,0.0833333333340533,FALSE,TRUE,412.47657923897,1.37492193078469,4.94971895082488,3.10320901719807,194912.289658309,-125794.116628612,TRUE,FALSE,TRUE
15,196712,"o","2020-02-16 15:32:00",982.7,TRUE,982.616666666667,0.0833333333330302,FALSE,TRUE,410.620953117786,1.3687365103976,4.92745143743136,3.20512419653906,194617.632948343,-126082.507517283,TRUE,FALSE,TRUE
15,196712,"p","2020-02-16 15:37:00",982.783333333333,TRUE,982.7,0.0833333333329165,FALSE,TRUE,233.355312221951,0.777851040743727,2.80026374667742,3.24795082696919,194723.453095067,-126291.382800063,TRUE,FALSE,TRUE
15,196712,"p","2020-02-16 15:42:00",982.866666666667,TRUE,982.783333333333,0.0833333333340533,FALSE,TRUE,233.960263485321,0.779867544944332,2.80752316179959,3.29097910587135,194831.456195346,-126499.824652379,TRUE,FALSE,TRUE
15,196712,"p","2020-02-16 15:47:00",982.95,TRUE,982.866666666667,0.0833333333330302,FALSE,TRUE,233.960272961975,0.779867576542753,2.80752327555391,3.33400738598264,194939.459295624,-126708.266504694,TRUE,FALSE,TRUE
15,196712,"p","2020-02-16 15:52:00",983.033333333333,TRUE,982.95,0.0833333333329165,FALSE,TRUE,233.96028252892,0.779867608433635,2.80752339036109,3.37703566732994,195047.462395903,-126916.708357007,TRUE,FALSE,TRUE
15,196712,"p","2020-02-16 15:57:00",983.116666666667,TRUE,983.033333333333,0.0833333333340533,FALSE,TRUE,233.960292174438,0.77986764057472,2.80752350606899,3.42006394993581,195155.465496182,-127125.15020931,TRUE,FALSE,TRUE
15,196712,"p","2020-02-16 16:02:00",983.2,TRUE,983.116666666667,0.0833333333330302,FALSE,TRUE,233.960301903619,0.779867673014901,2.80752362285364,3.46309223382819,195263.468596461,-127333.592061626,TRUE,FALSE,TRUE
15,196712,"p","2020-02-16 16:07:00",983.283333333333,TRUE,983.2,0.0833333333329165,FALSE,TRUE,233.960311712008,0.779867705710595,2.80752374055814,3.50612051902971,195371.47169674,-127542.033913938,TRUE,FALSE,TRUE
15,196712,"p","2020-02-16 16:12:00",983.366666666667,TRUE,983.283333333333,0.0833333333340533,FALSE,TRUE,233.96032160796,0.779867738686462,2.80752385927126,3.54914880556575,195479.474797019,-127750.475766252,TRUE,FALSE,TRUE
15,196712,"p","2020-02-16 16:17:00",983.45,TRUE,983.366666666667,0.0833333333330302,FALSE,TRUE,233.960331581739,0.779867771941969,2.80752397899109,3.59217709346187,195587.477897298,-127958.917618554,TRUE,FALSE,TRUE
15,196712,"p","2020-02-16 16:22:00",983.533333333333,TRUE,983.45,0.0833333333329165,FALSE,TRUE,233.960341644357,0.77986780548509,2.80752409974632,3.63520538274329,195695.480997576,-128167.359470872,TRUE,FALSE,TRUE
15,196712,"p","2020-02-16 16:27:00",983.616666666667,TRUE,983.533333333333,0.0833333333340533,FALSE,TRUE,233.960351782325,0.779867839267677,2.80752422136364,3.67823367343451,195803.484097855,-128375.801323182,TRUE,FALSE,TRUE
15,196712,"p","2020-02-16 16:32:00",983.7,TRUE,983.616666666667,0.0833333333330302,FALSE,TRUE,233.960362011228,0.779867873373597,2.80752434414495,3.72126196556197,195911.487198134,-128584.243175493,TRUE,FALSE,TRUE
15,196712,"p","2020-02-16 16:37:00",983.783333333333,TRUE,983.7,0.0833333333329165,FALSE,TRUE,233.960372313768,0.779867907716462,2.80752446777926,3.76429025914802,196019.490298413,-128792.685027809,TRUE,FALSE,TRUE
15,196712,"p","2020-02-16 16:42:00",983.866666666667,TRUE,983.783333333333,0.0833333333340533,FALSE,TRUE,233.960382703456,0.779867942338114,2.80752459241721,3.80731855421985,196127.493398692,-129001.126880117,TRUE,FALSE,TRUE
15,196712,"p","2020-02-16 16:47:00",983.95,TRUE,983.866666666667,0.0833333333330302,FALSE,TRUE,233.960393176656,0.779867977258358,2.80752471813009,3.85034685080185,196235.49649897,-129209.568732427,TRUE,FALSE,TRUE
15,196712,"p","2020-02-16 16:52:00",984.033333333333,TRUE,983.95,0.0833333333329165,FALSE,TRUE,233.960403733215,0.77986801244795,2.80752484481262,3.89337514892001,196343.499599248,-129418.010584746,TRUE,FALSE,TRUE
15,196712,"p","2020-02-16 16:57:00",984.116666666667,TRUE,984.033333333333,0.0833333333340533,FALSE,TRUE,233.960414364983,0.779868047876539,2.80752497235554,3.93657782389333,196451.502699527,-129626.452437056,TRUE,FALSE,TRUE
15,196712,"p","2020-02-16 17:02:00",984.2,TRUE,984.116666666667,0.0833333333330302,FALSE,TRUE,233.960425090748,0.779868083638665,2.80752510109919,3.8778108993389,196559.505799807,-129834.894289372,TRUE,FALSE,TRUE
15,196712,"p","2020-02-16 17:07:00",984.283333333333,TRUE,984.2,0.0833333333329165,FALSE,TRUE,233.960435888242,0.779868119631373,2.80752523067294,3.81830438428857,196667.508900085,-130043.336141681,TRUE,FALSE,TRUE
15,196712,"o","2020-02-16 17:11:00",984.35,TRUE,984.283333333333,0.0666666666670608,FALSE,TRUE,184.040968272999,0.766837367799631,2.76061452407867,3.75749486606343,196751.052323087,-130208.026779473,TRUE,FALSE,TRUE
15,196712,"p","2020-02-16 17:12:00",984.366666666667,TRUE,984.35,0.0166666666669926,FALSE,TRUE,87.5228362113845,1.45871393682788,5.25137017258038,3.76587307659419,196669.465893675,-130175.264456852,TRUE,FALSE,TRUE
15,196712,"p","2020-02-16 17:17:00",984.45,TRUE,984.366666666667,0.0833333333330302,FALSE,TRUE,454.671349700686,1.51557116567447,5.45605619642807,3.77993708171289,196247.23846065,-130001.138623601,TRUE,FALSE,TRUE
15,196712,"p","2020-02-16 17:22:00",984.533333333333,TRUE,984.45,0.0833333333329165,FALSE,TRUE,454.671139961581,1.51557046654619,5.45605367956627,3.79400108847422,195825.011027601,-129827.012790324,TRUE,FALSE,TRUE
15,196712,"p","2020-02-16 17:27:00",984.616666666667,TRUE,984.533333333333,0.0833333333340533,FALSE,TRUE,454.670930805966,1.51556976934013,5.45605116962445,3.80806509691289,195402.783594553,-129652.886957051,TRUE,FALSE,TRUE
15,196712,"p","2020-02-16 17:32:00",984.7,TRUE,984.616666666667,0.0833333333330302,FALSE,TRUE,454.670722241363,1.51556907414339,5.45604866691621,3.82212910708147,194980.556161523,-129478.761123787,TRUE,FALSE,TRUE
15,196712,"o","2020-02-16 17:33:00",984.716666666667,TRUE,984.7,0.0166666666669926,FALSE,TRUE,88.3954186757804,1.47325697790087,5.30372512044312,3.83196197872618,194898.374909335,-129445.134525326,TRUE,FALSE,TRUE
15,196712,"p","2020-02-16 17:37:00",984.783333333333,TRUE,984.716666666667,0.0666666666659239,FALSE,TRUE,37.4331751863249,0.155971563278091,0.561497627801129,3.71006637985282,194894.262189917,-129482.461030601,TRUE,FALSE,TRUE
15,196712,"p","2020-02-16 17:42:00",984.866666666667,TRUE,984.783333333333,0.0833333333340533,FALSE,TRUE,48.0600197887575,0.160200065961141,0.576720237460107,3.58859370204306,194891.951583697,-129530.617372457,TRUE,FALSE,TRUE
15,196712,"p","2020-02-16 17:47:00",984.95,TRUE,984.866666666667,0.0833333333330302,FALSE,TRUE,48.060018632948,0.16020006211041,0.576720223597474,3.46712109449358,194889.640977477,-129578.773714302,TRUE,FALSE,TRUE
15,196712,"p","2020-02-16 17:52:00",985.033333333333,TRUE,984.95,0.0833333333329165,FALSE,TRUE,48.0600174827959,0.160200058276788,0.576720209796436,3.34564855705145,194887.330371258,-129626.930056148,TRUE,FALSE,TRUE
15,196712,"p","2020-02-16 17:57:00",985.116666666667,TRUE,985.033333333333,0.0833333333340533,FALSE,TRUE,48.0600163326415,0.160200054440754,0.576720195986714,3.2241760895663,194885.019765038,-129675.086397999,TRUE,FALSE,TRUE
15,196712,"p","2020-02-16 18:02:00",985.2,TRUE,985.116666666667,0.0833333333330302,FALSE,TRUE,48.0600151768427,0.160200050590058,0.57672018212421,3.10270369188771,194882.709158819,-129723.24273984,TRUE,FALSE,TRUE
15,196712,"p","2020-02-16 18:07:00",985.283333333333,TRUE,985.2,0.0833333333329165,FALSE,TRUE,48.0600140295197,0.160200046765867,0.576720168357121,2.98123136386179,194880.398552599,-129771.39908169,TRUE,FALSE,TRUE
15,196712,"p","2020-02-16 18:12:00",985.366666666667,TRUE,985.283333333333,0.0833333333340533,FALSE,TRUE,48.060012879377,0.160200042929873,0.576720154547541,2.85975910533947,194878.087946379,-129819.555423545,TRUE,FALSE,TRUE
15,196712,"p","2020-02-16 18:17:00",985.45,TRUE,985.366666666667,0.0833333333330302,FALSE,TRUE,48.0600117292336,0.160200039098028,0.576720140752901,2.73828691617081,194875.777340159,-129867.711765398,TRUE,FALSE,TRUE
15,196712,"p","2020-02-16 18:22:00",985.533333333333,TRUE,985.45,0.0833333333329165,FALSE,TRUE,48.0600105805105,0.16020003526917,0.576720126969011,2.61743326865796,194873.46673394,-129915.868107248,TRUE,FALSE,TRUE
15,196712,"p","2020-02-16 18:27:00",985.616666666667,TRUE,985.533333333333,0.0833333333340533,FALSE,TRUE,48.0600094317842,0.160200031437896,0.576720113176427,2.55566816772738,194871.15612772,-129964.024449086,TRUE,FALSE,TRUE
15,196712,"p","2020-02-16 18:32:00",985.7,TRUE,985.616666666667,0.0833333333330302,FALSE,TRUE,48.0600082858889,0.160200027620213,0.576720099432765,2.49370141599497,194868.845521499,-130012.180790941,TRUE,FALSE,TRUE
15,196712,"p","2020-02-16 18:37:00",985.783333333333,TRUE,985.7,0.0833333333329165,FALSE,TRUE,48.0600071414126,0.16020002380551,0.576720085699836,2.43173466072125,194866.53491528,-130060.337132793,TRUE,FALSE,TRUE
15,196712,"p","2020-02-16 18:42:00",985.866666666667,TRUE,985.783333333333,0.0833333333340533,FALSE,TRUE,48.0600059941077,0.160200019978975,0.576720071924309,2.36976790187578,194864.224309061,-130108.493474628,TRUE,FALSE,TRUE
15,196712,"p","2020-02-16 18:47:00",985.95,TRUE,985.866666666667,0.0833333333330302,FALSE,TRUE,48.060004849636,0.160200016166036,0.57672005819773,2.30780113943491,194861.913702841,-130156.649816483,TRUE,FALSE,TRUE
15,196712,"p","2020-02-16 18:52:00",986.033333333333,TRUE,985.95,0.0833333333329165,FALSE,TRUE,48.0600037079877,0.16020001236076,0.576720044498738,2.2458343733695,194859.603096621,-130204.806158332,TRUE,FALSE,TRUE
15,196712,"o","2020-02-16 18:54:00",986.066666666667,TRUE,986.033333333333,0.0333333333339851,FALSE,TRUE,18.9651358533672,0.15804279877497,0.568954075589892,2.18365188267593,194858.462903218,-130223.797060782,TRUE,FALSE,TRUE
15,196712,"p","2020-02-16 18:57:00",986.116666666667,TRUE,986.066666666667,0.0500000000000682,FALSE,TRUE,25.1014922595549,0.139452734775115,0.502029845190414,2.1196103822848,194833.26279942,-130222.736705337,TRUE,FALSE,TRUE
15,196712,"p","2020-02-16 19:02:00",986.2,TRUE,986.116666666667,0.0833333333330302,FALSE,TRUE,42.2150311612122,0.140716770537886,0.506580373936389,2.05569528214439,194790.902708232,-130220.51672245,TRUE,FALSE,TRUE
15,196712,"p","2020-02-16 19:07:00",986.283333333333,TRUE,986.2,0.0833333333329165,FALSE,TRUE,42.2150289452435,0.140716763151516,0.506580347345456,1.99178017791103,194748.542617044,-130218.29673956,TRUE,FALSE,TRUE
15,196712,"p","2020-02-16 19:12:00",986.366666666667,TRUE,986.283333333333,0.0833333333340533,FALSE,TRUE,42.2150267297565,0.140716755764639,0.506580320752702,1.92786506956073,194706.182525857,-130216.076756655,TRUE,FALSE,TRUE
15,196712,"o","2020-02-16 19:15:00",986.416666666667,TRUE,986.366666666667,0.0499999999999545,FALSE,TRUE,25.9135479141885,0.143964155078956,0.51827095828424,1.86427469773127,194680.17990999,-130214.714398018,TRUE,FALSE,TRUE
15,196712,"p","2020-02-16 19:17:00",986.45,TRUE,986.416666666667,0.0333333333330756,FALSE,TRUE,59.663636343945,0.497196969536718,1.78990909033219,1.83600760391329,194620.309820661,-130211.603930003,TRUE,FALSE,TRUE
15,196712,"p","2020-02-16 19:22:00",986.533333333333,TRUE,986.45,0.0833333333329165,FALSE,TRUE,150.620403743331,0.502068012480281,1.80744484492901,1.80822761092751,194469.168194454,-130203.751837698,TRUE,FALSE,TRUE
15,196712,"p","2020-02-16 19:27:00",986.616666666667,TRUE,986.533333333333,0.0833333333340533,FALSE,TRUE,150.620375575897,0.502067918581986,1.80744450689515,1.78044760505987,194318.026568245,-130195.899745404,TRUE,FALSE,TRUE
15,196712,"p","2020-02-16 19:32:00",986.7,TRUE,986.616666666667,0.0833333333330302,FALSE,TRUE,150.620347430586,0.502067824770447,1.80744416917361,1.75266758629212,194166.884942038,-130188.047653096,TRUE,FALSE,TRUE
15,196712,"p","2020-02-16 19:37:00",986.783333333333,TRUE,986.7,0.0833333333329165,FALSE,TRUE,150.620319306645,0.502067731024661,1.80744383168878,1.72488755460693,194015.743315831,-130180.195560796,TRUE,FALSE,TRUE
15,196712,"p","2020-02-16 19:42:00",986.866666666667,TRUE,986.783333333333,0.0833333333340533,FALSE,TRUE,150.620291189602,0.502067637294335,1.80744349425961,1.6971075099725,193864.601689641,-130172.343468489,TRUE,FALSE,TRUE
15,196712,"o","2020-02-16 19:43:00",986.883333333333,TRUE,986.866666666667,0.0166666666659694,FALSE,TRUE,28.1062614785758,0.468437691329194,1.6863756887851,1.66596446714228,193836.43298862,-130170.318954507,TRUE,FALSE,TRUE
15,196712,"p","2020-02-16 19:47:00",986.95,TRUE,986.883333333333,0.0666666666670608,FALSE,TRUE,195.815924883165,0.815899687008363,2.93723887323011,1.67087069906316,194019.036503338,-130097.119429374,TRUE,FALSE,TRUE
15,196712,"p","2020-02-16 19:52:00",987.033333333333,TRUE,986.95,0.0833333333329165,FALSE,TRUE,247.358723986478,0.824529079959051,2.96830468785258,1.60745221337627,194249.865427035,-130005.052403572,TRUE,FALSE,TRUE
15,196712,"p","2020-02-16 19:57:00",987.116666666667,TRUE,987.033333333333,0.0833333333340533,FALSE,TRUE,247.358805544882,0.824529351809151,2.96830566651294,1.53834803198974,194480.694350731,-129912.985377762,TRUE,FALSE,TRUE
15,196712,"p","2020-02-16 20:02:00",987.2,TRUE,987.116666666667,0.0833333333330302,FALSE,TRUE,247.358887203197,0.824529624013658,2.96830664644917,1.46924394773649,194711.523274428,-129820.91835195,TRUE,FALSE,TRUE
15,196712,"p","2020-02-16 20:07:00",987.283333333333,TRUE,987.2,0.0833333333329165,FALSE,TRUE,247.358968960555,0.824529896539306,2.9683076275415,1.40013996045641,194942.352198126,-129728.85132614,TRUE,FALSE,TRUE
15,196712,"p","2020-02-16 20:12:00",987.366666666667,TRUE,987.283333333333,0.0833333333340533,FALSE,TRUE,247.359050813067,0.824530169369766,2.96830860973116,1.33103606997904,195173.181121823,-129636.78430032,TRUE,FALSE,TRUE
15,196712,"p","2020-02-16 20:17:00",987.45,TRUE,987.366666666667,0.0833333333330302,FALSE,TRUE,247.359132768375,0.824530442564248,2.96830959323129,1.26616341644538,195404.01004552,-129544.717274507,TRUE,FALSE,TRUE
15,196712,"p","2020-02-16 20:22:00",987.533333333333,TRUE,987.45,0.0833333333329165,FALSE,TRUE,247.359214820162,0.824530716071331,2.96831057785679,1.33301933172471,195634.838969217,-129452.650248698,TRUE,FALSE,TRUE
15,196712,"o","2020-02-16 20:26:00",987.6,TRUE,987.533333333333,0.0666666666670608,FALSE,TRUE,196.891754225176,0.820382309266716,2.95337631336018,1.39903755605526,195818.903895155,-129380.199948227,TRUE,FALSE,TRUE
15,196712,"p","2020-02-16 20:27:00",987.616666666667,TRUE,987.6,0.0166666666669926,FALSE,TRUE,34.9325609961689,0.582209349924764,2.09595365972915,1.4412384848367,195843.479403258,-129405.215914797,TRUE,FALSE,TRUE
15,196712,"p","2020-02-16 20:32:00",987.7,TRUE,987.616666666667,0.0833333333330302,FALSE,TRUE,176.973803095948,0.589912676988638,2.1236856371591,1.48420974670788,195963.365878704,-129536.312348491,TRUE,FALSE,TRUE
15,196712,"o","2020-02-16 20:35:00",987.75,TRUE,987.7,0.0499999999999545,FALSE,TRUE,106.123845601736,0.589576920010179,2.12247691203664,1.52714743326483,196034.86837423,-129615.27774139,TRUE,FALSE,TRUE
15,196712,"p","2020-02-16 20:37:00",987.783333333333,TRUE,987.75,0.033333333332962,FALSE,TRUE,76.502604935972,0.63752170780687,2.29507814810473,1.57487959898651,196051.399119603,-129690.222347137,TRUE,FALSE,TRUE
15,196712,"p","2020-02-16 20:42:00",987.866666666667,TRUE,987.783333333333,0.0833333333340533,FALSE,TRUE,191.778867681239,0.639262892265274,2.30134641215499,1.62278588353645,196091.652508684,-129878.352693208,TRUE,FALSE,TRUE
15,196712,"p","2020-02-16 20:47:00",987.95,TRUE,987.866666666667,0.0833333333330302,FALSE,TRUE,191.778861706311,0.639262872356695,2.3013463404841,1.67069216647913,196131.905897766,-130066.483039264,TRUE,FALSE,TRUE
15,196712,"p","2020-02-16 20:52:00",988.033333333333,TRUE,987.95,0.0833333333329165,FALSE,TRUE,191.778855753783,0.639262852515809,2.30134626905691,1.71859844782091,196172.159286791,-130254.61338532,TRUE,FALSE,TRUE
15,196712,"o","2020-02-16 20:53:00",988.05,TRUE,988.033333333333,0.0166666666669926,FALSE,TRUE,35.756970123298,0.595949502043313,2.14541820735593,1.76217339449832,196173.830068437,-130290.443710649,TRUE,FALSE,TRUE
15,196712,"p","2020-02-16 20:57:00",988.116666666667,TRUE,988.05,0.0666666666670608,FALSE,TRUE,910.765606384035,3.79485669324438,13.6614840956798,2.12563906067897,195265.858474967,-130176.317935408,TRUE,FALSE,TRUE
15,196712,"p","2020-02-16 21:02:00",988.2,TRUE,988.116666666667,0.0833333333330302,FALSE,TRUE,1146.6105862118,3.82203528738658,13.7593270345917,2.49182258665561,194122.919112844,-130031.416036488,TRUE,FALSE,TRUE
15,196712,"o","2020-02-16 21:06:00",988.266666666667,TRUE,988.2,0.0666666666669471,FALSE,TRUE,914.010844927439,3.80837852051497,13.7101626738539,2.85664043632655,193211.538880195,-129918.246201801,TRUE,FALSE,TRUE
15,196712,"p","2020-02-16 21:07:00",988.283333333333,TRUE,988.266666666667,0.0166666666659694,FALSE,TRUE,139.632654410338,2.32721090693634,8.37795926497082,3.07334152502229,193090.187493235,-129988.577650067,TRUE,FALSE,TRUE
15,196712,"p","2020-02-16 21:12:00",988.366666666667,TRUE,988.283333333333,0.0833333333340533,FALSE,TRUE,692.529852615396,2.30843284203137,8.31035823131294,3.28816480760882,192498.286843523,-130353.993313474,TRUE,FALSE,TRUE
15,196712,"p","2020-02-16 21:17:00",988.45,TRUE,988.366666666667,0.0833333333330302,FALSE,TRUE,692.529234033949,2.30843078012156,8.31035080843763,3.5029878843849,191906.386193837,-130719.408976913,TRUE,FALSE,TRUE
15,196712,"p","2020-02-16 21:22:00",988.533333333333,TRUE,988.45,0.0833333333329165,FALSE,TRUE,692.528617583838,2.30842872529101,8.31034341104763,3.71802647703651,191314.485544188,-131084.824640341,TRUE,FALSE,TRUE
15,196712,"o","2020-02-16 21:23:00",988.55,TRUE,988.533333333333,0.0166666666669926,FALSE,TRUE,133.828443562788,2.23047405933619,8.02970661361029,3.92712860949262,191200.406009572,-131155.92675079,TRUE,FALSE,TRUE
15,196712,"p","2020-02-16 21:27:00",988.616666666667,TRUE,988.55,0.0666666666670608,FALSE,TRUE,159.467060696749,0.664446086232524,2.39200591043709,3.97950154106208,191360.643329626,-131156.325659414,TRUE,FALSE,TRUE
15,196712,"p","2020-02-16 21:32:00",988.7,TRUE,988.616666666667,0.0833333333330302,FALSE,TRUE,204.692156749685,0.682307189168099,2.45630588100516,4.03366058366374,191566.315723894,-131154.348017372,TRUE,FALSE,TRUE
15,196712,"p","2020-02-16 21:37:00",988.783333333333,TRUE,988.7,0.0833333333329165,FALSE,TRUE,204.692209154177,0.682307363850671,2.45630650986241,4.08781964447234,191771.98811816,-131152.370375326,TRUE,FALSE,TRUE
15,196712,"p","2020-02-16 21:42:00",988.866666666667,TRUE,988.783333333333,0.0833333333340533,FALSE,TRUE,204.692261615879,0.682307538713702,2.45630713936933,4.14165398283582,191977.660512426,-131150.392733294,TRUE,FALSE,TRUE
15,196712,"p","2020-02-16 21:47:00",988.95,TRUE,988.866666666667,0.0833333333330302,FALSE,TRUE,204.692314133986,0.682307713782435,2.45630776961677,4.16016505726039,192183.332906693,-131148.415091244,TRUE,FALSE,TRUE
15,196712,"p","2020-02-16 21:52:00",989.033333333333,TRUE,988.95,0.0833333333329165,FALSE,TRUE,204.692366707411,0.682307889028115,2.45630840050121,4.17818904491517,192389.00530096,-131146.437449203,TRUE,FALSE,TRUE
15,196712,"p","2020-02-16 21:57:00",989.116666666667,TRUE,989.033333333333,0.0833333333340533,FALSE,TRUE,204.692419337953,0.68230806445395,2.45630903203422,4.19621305950237,192594.677695226,-131144.45980716,TRUE,FALSE,TRUE
15,196712,"p","2020-02-16 22:02:00",989.2,TRUE,989.116666666667,0.0833333333330302,FALSE,TRUE,204.692472024274,0.682308240083397,2.45630966430023,4.21423710103366,192800.350089493,-131142.482165122,TRUE,FALSE,TRUE
15,196712,"p","2020-02-16 22:07:00",989.283333333333,TRUE,989.2,0.0833333333329165,FALSE,TRUE,204.692524767404,0.68230841589476,2.45631029722114,4.23226116952067,193006.02248376,-131140.504523083,TRUE,FALSE,TRUE
15,196712,"o","2020-02-16 22:09:00",989.316666666667,TRUE,989.283333333333,0.0333333333339851,FALSE,TRUE,80.357643906859,0.669647032544064,2.41072931715863,4.24901910904565,193086.767046644,-131140.025002372,TRUE,FALSE,TRUE
15,196712,"p","2020-02-16 22:12:00",989.366666666667,TRUE,989.316666666667,0.0500000000000682,FALSE,TRUE,55.4196837801744,0.30788713211166,1.10839367560198,4.23296405312389,193042.069588876,-131173.192704396,TRUE,FALSE,TRUE
15,196712,"p","2020-02-16 22:17:00",989.45,TRUE,989.366666666667,0.0833333333330302,FALSE,TRUE,94.7103201710114,0.315701067237853,1.13652384205627,4.18294419114684,192965.03316789,-131228.991434603,TRUE,FALSE,TRUE
15,196712,"p","2020-02-16 22:22:00",989.533333333333,TRUE,989.45,0.0833333333329165,FALSE,TRUE,94.71030883517,0.315701029452146,1.13652370602772,4.13206138609615,192887.996746905,-131284.790164819,TRUE,FALSE,TRUE
15,196712,"p","2020-02-16 22:27:00",989.616666666667,TRUE,989.533333333333,0.0833333333340533,FALSE,TRUE,94.7102975029539,0.315700991673785,1.13652357002563,4.08117855008261,192810.96032592,-131340.588895021,TRUE,FALSE,TRUE
15,196712,"p","2020-02-16 22:32:00",989.7,TRUE,989.616666666667,0.0833333333330302,FALSE,TRUE,94.7102861823166,0.315700953942204,1.13652343419193,4.03029568307547,192733.923904935,-131396.387625232,TRUE,FALSE,TRUE
15,196712,"p","2020-02-16 22:37:00",989.783333333333,TRUE,989.7,0.0833333333329165,FALSE,TRUE,94.7102748610249,0.315700916204995,1.13652329833798,3.97941278504204,192656.887483949,-131452.186355453,TRUE,FALSE,TRUE
15,196712,"p","2020-02-16 22:42:00",989.866666666667,TRUE,989.783333333333,0.0833333333340533,FALSE,TRUE,94.7102635495484,0.315700878495767,1.13652316258476,3.92852985595464,192579.851062965,-131507.985085652,TRUE,FALSE,TRUE
15,196712,"p","2020-02-16 22:47:00",989.95,TRUE,989.866666666667,0.0833333333330302,FALSE,TRUE,94.7102522399428,0.315700840800958,1.13652302688345,3.87764689577831,192502.814641979,-131563.783815868,TRUE,FALSE,TRUE
15,196712,"p","2020-02-16 22:52:00",990.033333333333,TRUE,989.95,0.0833333333329165,FALSE,TRUE,94.7102409398395,0.315700803134377,1.13652289128376,3.82676390448461,192425.778220994,-131619.582546078,TRUE,FALSE,TRUE
15,196712,"p","2020-02-16 22:57:00",990.116666666667,TRUE,990.033333333333,0.0833333333340533,FALSE,TRUE,94.7102296414113,0.315700765468643,1.13652275568712,3.77629575010481,192348.741800009,-131675.381276284,TRUE,FALSE,TRUE
15,196712,"p","2020-02-16 23:02:00",990.2,TRUE,990.116666666667,0.0833333333330302,FALSE,TRUE,94.7102183520948,0.315700727841464,1.13652262022927,3.74964488789648,192271.705379023,-131731.180006493,TRUE,FALSE,TRUE
15,196712,"p","2020-02-16 23:07:00",990.283333333333,TRUE,990.2,0.0833333333329165,FALSE,TRUE,94.7102070655279,0.315700690220005,1.13652248479202,3.72222368921961,192194.668958038,-131786.978736712,TRUE,FALSE,TRUE
15,196712,"p","2020-02-16 23:12:00",990.366666666667,TRUE,990.283333333333,0.0833333333340533,FALSE,TRUE,94.7101957850004,0.31570065261394,1.13652234941018,3.69483606247999,192117.632537053,-131842.777466923,TRUE,FALSE,TRUE
15,196712,"p","2020-02-16 23:17:00",990.45,TRUE,990.366666666667,0.0833333333330302,FALSE,TRUE,94.7101845091438,0.315700615031628,1.13652221411386,3.66265395320246,192040.596116068,-131898.576197126,TRUE,FALSE,TRUE
15,196712,"p","2020-02-16 23:22:00",990.533333333333,TRUE,990.45,0.0833333333329165,FALSE,TRUE,94.7101732422746,0.315700577475828,1.13652207891298,3.63029772172352,191963.559695083,-131954.374927333,TRUE,FALSE,TRUE
15,196712,"p","2020-02-16 23:27:00",990.616666666667,TRUE,990.533333333333,0.0833333333340533,FALSE,TRUE,94.7101619779923,0.315700539923913,1.13652194372609,3.59794148848024,191886.523274097,-132010.173657548,TRUE,FALSE,TRUE
15,196712,"p","2020-02-16 23:32:00",990.7,TRUE,990.616666666667,0.0833333333330302,FALSE,TRUE,94.7101507197028,0.315700502400158,1.13652180864057,3.56558525346868,191809.486853112,-132065.972387761,TRUE,FALSE,TRUE
15,196712,"p","2020-02-16 23:37:00",990.783333333333,TRUE,990.7,0.0833333333329165,FALSE,TRUE,94.7101394671531,0.31570046489209,1.13652167361152,3.53756034975355,191732.450432126,-132121.771117975,TRUE,FALSE,TRUE
15,196712,"p","2020-02-16 23:42:00",990.866666666667,TRUE,990.783333333333,0.0833333333340533,FALSE,TRUE,94.7101282203612,0.315700427398476,1.13652153863451,3.18964472316896,191655.414011142,-132177.569848179,TRUE,FALSE,TRUE
15,196712,"p","2020-02-16 23:47:00",990.95,TRUE,990.866666666667,0.0833333333330302,FALSE,TRUE,94.7101169787142,0.315700389930196,1.13652140374871,2.83901123342333,191578.377590157,-132233.368578383,TRUE,FALSE,TRUE
15,196712,"p","2020-02-16 23:52:00",991.033333333333,TRUE,990.95,0.0833333333329165,FALSE,TRUE,94.7101057422302,0.31570035247568,1.13652126891245,2.4897434166194,191501.341169172,-132289.167308594,TRUE,FALSE,TRUE
15,196712,"p","2020-02-16 23:57:00",991.116666666667,TRUE,991.033333333333,0.0833333333340533,FALSE,TRUE,94.7100945119653,0.315700315037157,1.13652113413376,2.28859235742948,191424.304748186,-132344.966038812,TRUE,FALSE,TRUE
15,196712,"p","2020-02-17 00:02:00",991.2,TRUE,991.116666666667,0.0833333333330302,FALSE,TRUE,94.7100832871155,0.315700277624867,1.13652099944952,2.08931910098883,191347.2683272,-132400.764769021,TRUE,FALSE,TRUE
15,196712,"p","2020-02-17 00:07:00",991.283333333333,TRUE,991.2,0.0833333333329165,FALSE,TRUE,94.7100720674026,0.315700240226255,1.13652086481452,1.8900460469993,191270.231906216,-132456.563499228,TRUE,FALSE,TRUE
15,196712,"p","2020-02-17 00:12:00",991.366666666667,TRUE,991.283333333333,0.0833333333340533,FALSE,TRUE,94.7100608539218,0.315700202843678,1.13652073023724,1.69077319475456,191193.19548523,-132512.362229438,TRUE,FALSE,TRUE
15,196712,"p","2020-02-17 00:17:00",991.45,TRUE,991.366666666667,0.0833333333330302,FALSE,TRUE,94.7100496450219,0.315700165484555,1.1365205957444,1.4992958053694,191116.159064246,-132568.160959646,TRUE,FALSE,TRUE
15,196712,"p","2020-02-17 00:22:00",991.533333333333,TRUE,991.45,0.0833333333329165,FALSE,TRUE,94.710038442786,0.315700128144199,1.13652046131912,1.46442120956057,191039.12264326,-132623.959689862,TRUE,FALSE,TRUE
15,196712,"p","2020-02-17 00:27:00",991.616666666667,TRUE,991.533333333333,0.0833333333340533,FALSE,TRUE,94.7100272439719,0.315700090810512,1.13652032691784,1.42776049972481,190962.086222275,-132679.758420069,TRUE,FALSE,TRUE
15,196712,"p","2020-02-17 00:32:00",991.7,TRUE,991.616666666667,0.0833333333330302,FALSE,TRUE,94.7100160542044,0.315700053515163,1.13652019265459,1.39109976869126,190885.049801289,-132735.557150279,TRUE,FALSE,TRUE
15,196712,"p","2020-02-17 00:37:00",991.783333333333,TRUE,991.7,0.0833333333329165,FALSE,TRUE,94.7100048660579,0.315700016221772,1.13652005839838,1.35443901644206,190808.013380304,-132791.355880494,TRUE,FALSE,TRUE
15,196712,"p","2020-02-17 00:42:00",991.866666666667,TRUE,991.783333333333,0.0833333333340533,FALSE,TRUE,94.709993684105,0.315699978944289,1.13651992419944,1.31777824295825,190730.976959319,-132847.154610699,TRUE,FALSE,TRUE
15,196712,"p","2020-02-17 00:47:00",991.95,TRUE,991.866666666667,0.0833333333330302,FALSE,TRUE,94.7099825119555,0.315699941707667,1.1365197901476,1.28111744822621,190653.940538334,-132902.953340909,TRUE,FALSE,TRUE
15,196712,"p","2020-02-17 00:52:00",992.033333333333,TRUE,991.95,0.0833333333329165,FALSE,TRUE,94.7099713401313,0.315699904468684,1.13651965608726,1.24445663222768,190576.904117348,-132958.752071125,TRUE,FALSE,TRUE
15,196712,"p","2020-02-17 00:57:00",992.116666666667,TRUE,992.033333333333,0.0833333333340533,FALSE,TRUE,94.7099601772337,0.315699867254718,1.13651952211698,1.20779579494481,190499.867696363,-133014.550801327,TRUE,FALSE,TRUE
15,196712,"p","2020-02-17 04:47:00",995.95,TRUE,995.866666666667,0.0833333333330302,FALSE,TRUE,409.644927101746,1.36548309034412,4.91573912523884,1.24183226573546,186627.490619469,-135445.915424364,TRUE,FALSE,TRUE
15,196712,"p","2020-02-17 04:52:00",996.033333333333,TRUE,995.95,0.0833333333329165,FALSE,TRUE,411.515749365979,1.37171916456012,4.93818899241644,1.34743423628052,186221.752486907,-135366.337187955,TRUE,FALSE,TRUE
15,196712,"p","2020-02-17 04:57:00",996.116666666667,TRUE,996.033333333333,0.0833333333340533,FALSE,TRUE,411.515560949703,1.37171853648716,4.93818673135377,1.4530361477174,185816.014354347,-135286.758951535,TRUE,FALSE,TRUE
15,196712,"p","2020-02-17 05:02:00",996.2,TRUE,996.116666666667,0.0833333333330302,FALSE,TRUE,411.515372990088,1.37171790997195,4.93818447589902,1.55863800020077,185410.276221786,-135207.180715114,TRUE,FALSE,TRUE
15,196712,"p","2020-02-17 05:07:00",996.283333333333,TRUE,996.2,0.0833333333329165,FALSE,TRUE,411.515185484082,1.3717172849538,4.93818222583368,1.66423979387766,185004.538089225,-135127.602478701,TRUE,FALSE,TRUE
15,196712,"o","2020-02-17 05:10:00",996.333333333333,TRUE,996.283333333333,0.0500000000000682,FALSE,TRUE,244.808976040441,1.36004986688949,4.89617952080215,1.7686748494427,184763.074091258,-135080.729460808,TRUE,FALSE,TRUE
15,196712,"o","2020-02-17 05:11:00",996.35,TRUE,996.333333333333,0.0166666666669926,FALSE,TRUE,17.8911112969758,0.298185188277099,1.07346667779756,1.76692344083776,184752.777388048,-135095.443386305,TRUE,FALSE,TRUE
15,196712,"p","2020-02-17 05:12:00",996.366666666667,TRUE,996.35,0.0166666666669926,FALSE,TRUE,32.5664938685247,0.542774897798131,1.95398963207327,1.78963100687481,184724.476626389,-135079.046706946,TRUE,FALSE,TRUE
15,196712,"p","2020-02-17 05:17:00",996.45,TRUE,996.366666666667,0.0833333333330302,FALSE,TRUE,167.582979286566,0.558609930957251,2.0109957514461,1.81392207991706,184580.125538623,-134992.505978053,TRUE,FALSE,TRUE
15,196712,"p","2020-02-17 05:22:00",996.533333333333,TRUE,996.45,0.0833333333329165,FALSE,TRUE,167.582956203262,0.558609854013668,2.01099547444921,1.83821314895111,184435.774450853,-134905.96524915,TRUE,FALSE,TRUE
15,196712,"o","2020-02-17 05:26:00",996.6,TRUE,996.533333333333,0.0666666666670608,FALSE,TRUE,137.72623455861,0.573859310657483,2.06589351836694,1.86402916733314,184316.315658733,-134836.232838361,TRUE,FALSE,TRUE
15,196712,"p","2020-02-17 05:27:00",996.616666666667,TRUE,996.6,0.0166666666669926,FALSE,TRUE,175.193685134381,2.91989475218259,10.5116211078573,2.12444873355207,184143.877127382,-134800.885269961,TRUE,FALSE,TRUE
15,196712,"p","2020-02-17 05:32:00",996.7,TRUE,996.616666666667,0.0833333333330302,FALSE,TRUE,895.859938573423,2.98619979525561,10.7503192629202,2.39149880775867,183261.794861314,-134621.648289684,TRUE,FALSE,TRUE
15,196712,"o","2020-02-17 05:34:00",996.733333333333,TRUE,996.7,0.033333333332962,FALSE,TRUE,354.433442520848,2.95361202103998,10.6330032757439,2.65529010822261,182912.639410427,-134551.587396767,TRUE,FALSE,TRUE
15,196712,"p","2020-02-17 05:37:00",996.783333333333,TRUE,996.733333333333,0.0499999999999545,FALSE,TRUE,142.825814167218,0.793476745374152,2.85651628334695,2.70306788479782,182788.917253069,-134624.221572396,TRUE,FALSE,TRUE
15,196712,"p","2020-02-17 05:42:00",996.866666666667,TRUE,996.783333333333,0.0833333333340533,FALSE,TRUE,234.224174891197,0.780747249630579,2.81069009867008,2.74957271547367,182588.842750063,-134748.001697098,TRUE,FALSE,TRUE
15,196712,"p","2020-02-17 05:47:00",996.95,TRUE,996.866666666667,0.0833333333330302,FALSE,TRUE,234.224107962213,0.780747026543552,2.81068929555679,2.79607752751424,182388.768247057,-134871.781821806,TRUE,FALSE,TRUE
15,196712,"p","2020-02-17 05:52:00",997.033333333333,TRUE,996.95,0.0833333333329165,FALSE,TRUE,234.224041118405,0.780746803731921,2.81068849343491,2.8425823209462,182188.693744051,-134995.561946515,TRUE,FALSE,TRUE
15,196712,"p","2020-02-17 05:57:00",997.116666666667,TRUE,997.033333333333,0.0833333333340533,FALSE,TRUE,234.223974356477,0.780746581181511,2.81068769225344,2.88908709579261,181988.619241044,-135119.342071228,TRUE,FALSE,TRUE
15,196712,"p","2020-02-17 06:02:00",997.2,TRUE,997.116666666667,0.0833333333330302,FALSE,TRUE,234.223907680816,0.780746358938893,2.81068689218001,2.93559185208281,181788.544738039,-135243.122195918,TRUE,FALSE,TRUE
15,196712,"p","2020-02-17 06:07:00",997.283333333333,TRUE,997.2,0.0833333333329165,FALSE,TRUE,234.223841085293,0.780746136954884,2.81068609303758,2.982096589841,181588.470235033,-135366.902320627,TRUE,FALSE,TRUE
15,196712,"p","2020-02-17 06:12:00",997.366666666667,TRUE,997.283333333333,0.0833333333340533,FALSE,TRUE,234.223774576816,0.780745915249309,2.81068529489751,3.02860130909322,181388.395732027,-135490.682445332,TRUE,FALSE,TRUE
15,196712,"p","2020-02-17 06:17:00",997.45,TRUE,997.366666666667,0.0833333333330302,FALSE,TRUE,234.223708148771,0.780745693832075,2.81068449779547,3.07510600986587,181188.32122902,-135614.46257004,TRUE,FALSE,TRUE
15,196712,"o","2020-02-17 06:20:00",997.5,TRUE,997.45,0.0499999999999545,FALSE,TRUE,141.78833060851,0.787712947825772,2.83576661217278,3.12230743969967,181067.414914022,-135689.730185193,TRUE,FALSE,TRUE
15,196712,"p","2020-02-17 06:22:00",997.533333333333,TRUE,997.5,0.033333333332962,FALSE,TRUE,187.673308749258,1.56394423959457,5.63019926254046,3.24713200236873,180924.330044648,-135812.39116559,TRUE,FALSE,TRUE
15,196712,"p","2020-02-17 06:27:00",997.616666666667,TRUE,997.533333333333,0.0833333333340533,FALSE,TRUE,472.432201417622,1.5747740047118,5.66918641696248,3.37303954520567,180564.463838224,-136121.542467432,TRUE,FALSE,TRUE
15,196712,"p","2020-02-17 06:32:00",997.7,TRUE,997.616666666667,0.0833333333330302,FALSE,TRUE,472.431945798286,1.57477315266668,5.66918334960006,3.49894700649444,180204.597631801,-136430.693769272,TRUE,FALSE,TRUE
15,196712,"p","2020-02-17 06:37:00",997.783333333333,TRUE,997.7,0.0833333333329165,FALSE,TRUE,472.431690862882,1.57477230288415,5.66918029038295,3.62485438645797,179844.731425378,-136739.845071095,TRUE,FALSE,TRUE
15,196712,"p","2020-02-17 06:42:00",997.866666666667,TRUE,997.783333333333,0.0833333333340533,FALSE,TRUE,472.431436611491,1.57477145535803,5.6691772392889,3.75076168532052,179484.865218955,-137048.996372931,TRUE,FALSE,TRUE
15,196712,"p","2020-02-17 06:47:00",997.95,TRUE,997.866666666667,0.0833333333330302,FALSE,TRUE,472.431183044162,1.57477061015294,5.66917419655057,3.87666890331177,179124.999012532,-137358.147674765,TRUE,FALSE,TRUE
15,196712,"o","2020-02-17 06:49:00",997.983333333333,TRUE,997.95,0.033333333332962,FALSE,TRUE,189.276213782429,1.57730178153782,5.67828641353614,4.00282924209019,178983.363697946,-137484.896950708,TRUE,FALSE,TRUE
15,196712,"p","2020-02-17 06:52:00",998.033333333333,TRUE,997.983333333333,0.0499999999999545,FALSE,TRUE,525.895800008721,2.92164333338444,10.517916000184,4.26342373969866,179022.305378363,-138010.996678037,TRUE,FALSE,TRUE
15,196712,"o","2020-02-17 06:54:00",998.066666666667,TRUE,998.033333333333,0.0333333333339851,FALSE,TRUE,346.373777901649,2.88644814912396,10.3912133368463,4.52049872252603,179047.613632765,-138357.529803466,TRUE,FALSE,TRUE
15,196712,"p","2020-02-17 06:57:00",998.116666666667,TRUE,998.066666666667,0.0500000000000682,FALSE,TRUE,256.233233182177,1.42351796212126,5.12466466363655,4.63128069029502,178846.964841005,-138196.492582076,TRUE,FALSE,TRUE
15,196712,"o","2020-02-17 06:58:00",998.133333333333,TRUE,998.116666666667,0.0166666666659694,FALSE,TRUE,84.1655456482348,1.40275909419593,5.04993273910536,4.73998677491225,178780.565626223,-138144.212541118,TRUE,FALSE,TRUE
15,196712,"p","2020-02-17 07:02:00",998.2,TRUE,998.133333333333,0.0666666666670608,FALSE,TRUE,303.59657634967,1.26498573478281,4.55394864521812,4.83457748831655,178689.147472533,-138434.781773042,TRUE,FALSE,TRUE
15,196712,"p","2020-02-17 07:07:00",998.283333333333,TRUE,998.2,0.0833333333329165,FALSE,TRUE,384.221520207322,1.28073840069748,4.61065824251093,4.82610301935189,178578.134428107,-138803.951266117,TRUE,FALSE,TRUE
15,196712,"p","2020-02-17 07:12:00",998.366666666667,TRUE,998.283333333333,0.0833333333340533,FALSE,TRUE,692.657213260879,2.30885737751631,8.31188655905873,4.91981684064751,178786.516151199,-139466.864512588,TRUE,FALSE,TRUE
15,196712,"o","2020-02-17 07:13:00",998.383333333333,TRUE,998.366666666667,0.0166666666659694,FALSE,TRUE,135.044401847712,2.25074003088936,8.10266411120171,5.00771899008773,178826.977176798,-139596.161858232,TRUE,FALSE,TRUE
15,196712,"p","2020-02-17 07:17:00",998.45,TRUE,998.383333333333,0.0666666666670608,FALSE,TRUE,62.0087218603654,0.258369674416662,0.930130827899982,4.8963841665322,178764.667601225,-139596.44300526,TRUE,FALSE,TRUE
15,196712,"p","2020-02-17 07:22:00",998.533333333333,TRUE,998.45,0.0833333333329165,FALSE,TRUE,79.563848266603,0.26521282755667,0.954766179204012,4.78573372079248,178684.826236873,-139592.287518528,TRUE,FALSE,TRUE
15,196712,"p","2020-02-17 07:27:00",998.616666666667,TRUE,998.533333333333,0.0833333333340533,FALSE,TRUE,79.5638410360952,0.265212803451359,0.954766092424892,4.67625001444867,178604.984872521,-139588.132031812,TRUE,FALSE,TRUE
15,196712,"p","2020-02-17 07:32:00",998.7,TRUE,998.616666666667,0.0833333333330302,FALSE,TRUE,79.5638338102091,0.265212779368329,0.954766005725983,4.67295277355779,178525.143508169,-139583.976545065,TRUE,FALSE,TRUE
15,196712,"p","2020-02-17 07:37:00",998.783333333333,TRUE,998.7,0.0833333333329165,FALSE,TRUE,79.5638265847795,0.265212755283925,0.954765919022129,4.64519655930637,178445.302143817,-139579.821058337,TRUE,FALSE,TRUE
15,196712,"p","2020-02-17 07:42:00",998.866666666667,TRUE,998.783333333333,0.0833333333340533,FALSE,TRUE,79.5638193646067,0.265212731213064,0.954765832367031,4.61585683933196,178365.460779465,-139575.665571618,TRUE,FALSE,TRUE
15,196712,"p","2020-02-17 07:47:00",998.95,TRUE,998.866666666667,0.0833333333330302,FALSE,TRUE,79.5638121470834,0.265212707157909,0.954765745768474,4.58651712464638,178285.619415113,-139571.510084882,TRUE,FALSE,TRUE
15,196712,"p","2020-02-17 07:52:00",999.033333333333,TRUE,998.95,0.0833333333329165,FALSE,TRUE,79.5638049330651,0.265212683111544,0.954765659201558,4.55565246189178,178205.778050762,-139567.35459814,TRUE,FALSE,TRUE
15,196712,"o","2020-02-17 07:56:00",999.1,TRUE,999.033333333333,0.0666666666670608,FALSE,TRUE,63.1118974816665,0.262966239505389,0.946678462219402,4.28995961062406,178142.425734958,-139564.47027461,TRUE,FALSE,TRUE
15,196712,"p","2020-02-17 07:57:00",999.116666666667,TRUE,999.1,0.0166666666669926,FALSE,TRUE,15.2665415435334,0.254442359053914,0.915992492594091,4.0167838670039,178145.25292556,-139579.521719273,TRUE,FALSE,TRUE
15,196712,"p","2020-02-17 08:02:00",999.2,TRUE,999.116666666667,0.0833333333330302,FALSE,TRUE,78.9957192066429,0.263319064023101,0.947948630483163,3.74775457130221,178161.992756933,-139656.979271822,TRUE,FALSE,TRUE
15,196712,"p","2020-02-17 08:07:00",999.283333333333,TRUE,999.2,0.0833333333329165,FALSE,TRUE,78.9957184418965,0.263319061474306,0.9479486213075,3.69473880291222,178178.732588311,-139734.436824369,TRUE,FALSE,TRUE
15,196712,"p","2020-02-17 08:12:00",999.366666666667,TRUE,999.283333333333,0.0833333333340533,FALSE,TRUE,78.9957176764102,0.263319058919092,0.947948612108732,3.64299598384107,178195.472419687,-139811.894376927,TRUE,FALSE,TRUE
15,196712,"p","2020-02-17 08:17:00",999.45,TRUE,999.366666666667,0.0833333333330302,FALSE,TRUE,78.9957169147669,0.263319056383514,0.947948602980652,3.59125318682507,178212.212251065,-139889.35192947,TRUE,FALSE,TRUE
15,196712,"p","2020-02-17 08:22:00",999.533333333333,TRUE,999.45,0.0833333333329165,FALSE,TRUE,78.9957161574984,0.263319053859645,0.947948593894723,3.53951041183784,178228.952082442,-139966.809482022,TRUE,FALSE,TRUE
15,196712,"o","2020-02-17 08:25:00",999.583333333333,TRUE,999.533333333333,0.0500000000000682,FALSE,TRUE,48.4948338432505,0.269415743573247,0.969896676863688,3.48837732807702,178235.172553504,-140015.05688299,TRUE,FALSE,TRUE
15,196712,"p","2020-02-17 08:27:00",999.616666666667,TRUE,999.583333333333,0.0333333333339851,FALSE,TRUE,315.475633397506,2.62896361159448,9.46426900174012,3.67319905334258,177962.060214871,-140175.783045706,TRUE,FALSE,TRUE
15,196712,"p","2020-02-17 08:32:00",999.7,TRUE,999.616666666667,0.0833333333330302,FALSE,TRUE,799.126616596857,2.66375538866588,9.58951939919717,3.86149997851368,177269.720798874,-140582.030626061,TRUE,FALSE,TRUE
15,196712,"o","2020-02-17 08:34:00",999.733333333333,TRUE,999.7,0.033333333332962,FALSE,TRUE,307.399616423646,2.56166347022559,9.22198849281213,4.0395917340113,177002.968761786,-140737.56897182,TRUE,FALSE,TRUE
15,196712,"p","2020-02-17 08:37:00",999.783333333333,TRUE,999.733333333333,0.0499999999999545,FALSE,TRUE,876.585415922742,4.869918977353,17.5317083184708,4.44850906236339,177710.564206479,-140213.735795518,TRUE,FALSE,TRUE
15,196712,"o","2020-02-17 08:40:00",999.833333333333,TRUE,999.783333333333,0.0500000000000682,FALSE,TRUE,880.581649342089,4.89212027411604,17.6116329868178,4.85894979499242,178422.416605275,-139688.907086549,TRUE,FALSE,TRUE
15,196712,"p","2020-02-17 08:42:00",999.866666666667,TRUE,999.833333333333,0.0333333333339851,FALSE,TRUE,93.709306170744,0.78091088474093,2.81127918506735,4.78064645950706,178467.199411037,-139771.589791686,TRUE,FALSE,TRUE
15,196712,"p","2020-02-17 08:47:00",999.95,TRUE,999.866666666667,0.0833333333330302,FALSE,TRUE,241.169747389809,0.803899157968953,2.89403696868823,4.70355897483277,178564.339487415,-139993.209438781,TRUE,FALSE,TRUE
15,196712,"p","2020-02-17 08:52:00",1000.03333333333,TRUE,999.95,0.0833333333299606,FALSE,TRUE,241.1697545412,0.803899181836537,2.89403705461153,4.62647157774976,178661.4795638,-140214.82908588,TRUE,FALSE,TRUE
15,196712,"o","2020-02-17 08:53:00",1000.05,TRUE,1000.03333333333,0.0166666666699484,FALSE,TRUE,47.9761818481058,0.799603030644318,2.87857091031954,4.54895465052578,178681.629437077,-140258.546085735,TRUE,FALSE,TRUE
15,196712,"p","2020-02-17 08:57:00",1000.11666666667,TRUE,1000.05,0.0666666666700166,FALSE,TRUE,203.072414334678,0.846135059685306,3.0460862148671,4.4760910109585,178865.718205063,-140346.401542959,TRUE,FALSE,TRUE
15,196712,"p","2020-02-17 09:02:00",1000.2,TRUE,1000.11666666667,0.0833333333300743,FALSE,TRUE,254.326659075054,0.847755530283336,3.05191990902001,4.40338950297154,179096.731487556,-140455.462202516,TRUE,FALSE,TRUE
15,196712,"p","2020-02-17 09:07:00",1000.28333333333,TRUE,1000.2,0.0833333333299606,FALSE,TRUE,254.326717080149,0.847755723634806,3.0519206050853,4.33043489718124,179327.74477005,-140564.522862075,TRUE,FALSE,TRUE
15,196712,"o","2020-02-17 09:10:00",1000.33333333333,TRUE,1000.28333333333,0.0499999999999545,FALSE,TRUE,150.769579801955,0.837608776678288,3.01539159604184,4.12203144151063,179464.514917993,-140629.551935622,TRUE,FALSE,TRUE
15,196712,"p","2020-02-17 09:12:00",1000.36666666667,TRUE,1000.33333333333,0.0333333333400105,FALSE,TRUE,44.0909145093523,0.367424287504335,1.3227274350156,3.87012905534866,179422.423725962,-140643.367314034,TRUE,FALSE,TRUE
15,196712,"p","2020-02-17 09:17:00",1000.45,TRUE,1000.36666666667,0.0833333333300743,FALSE,TRUE,114.27897398442,0.380929913296297,1.37134768786667,3.76587025046617,179312.601192001,-140676.887454579,TRUE,FALSE,TRUE
15,196712,"p","2020-02-17 09:22:00",1000.53333333333,TRUE,1000.45,0.0833333333299606,FALSE,TRUE,114.278958032712,0.380929860124457,1.37134749644804,3.66368732705902,179202.778658038,-140710.407595131,TRUE,FALSE,TRUE
15,196712,"p","2020-02-17 09:27:00",1000.61666666667,TRUE,1000.53333333333,0.0833333333399651,FALSE,TRUE,114.278942090822,0.380929806939092,1.37134730498073,3.57528173427465,179092.956124077,-140743.927735688,TRUE,FALSE,TRUE
15,196712,"p","2020-02-17 09:32:00",1000.7,TRUE,1000.61666666667,0.0833333333300743,FALSE,TRUE,114.278926159488,0.380929753879857,1.37134711396748,3.48530086959288,178983.133590115,-140777.447876239,TRUE,FALSE,TRUE
15,196712,"p","2020-02-17 09:37:00",1000.78333333333,TRUE,1000.7,0.0833333333299606,FALSE,TRUE,114.278910235353,0.380929700799927,1.37134692287974,3.29250810192125,178873.311056153,-140810.968016793,TRUE,FALSE,TRUE
15,196712,"o","2020-02-17 09:39:00",1000.81666666667,TRUE,1000.78333333333,0.0333333333400105,FALSE,TRUE,44.8984501416622,0.374153751105569,1.34695350398005,3.10484947394287,178830.418972915,-140824.945126482,TRUE,FALSE,TRUE
15,196712,"p","2020-02-17 09:42:00",1000.86666666667,TRUE,1000.81666666667,0.0499999999999545,FALSE,TRUE,95.656817593773,0.531426764410333,1.9131363518772,3.13215518294223,178878.87175963,-140907.808932076,TRUE,FALSE,TRUE
15,196712,"p","2020-02-17 09:47:00",1000.95,TRUE,1000.86666666667,0.0833333333300743,FALSE,TRUE,161.114985178767,0.537049950616892,1.93337982222081,3.15933889524826,178961.354621399,-141046.863697193,TRUE,FALSE,TRUE
15,196712,"p","2020-02-17 09:52:00",1001.03333333333,TRUE,1000.95,0.0833333333299606,FALSE,TRUE,161.114992374211,0.537049974602439,1.93337990856878,3.18652261236336,179043.837483168,-141185.918462303,TRUE,FALSE,TRUE
15,196712,"p","2020-02-17 09:57:00",1001.11666666667,TRUE,1001.03333333333,0.0833333333399651,FALSE,TRUE,161.114999601464,0.537049998628808,1.93337999506371,3.21370633428941,179126.320344937,-141324.973227419,TRUE,FALSE,TRUE
15,196712,"p","2020-02-17 10:02:00",1001.2,TRUE,1001.11666666667,0.0833333333300743,FALSE,TRUE,161.115006855782,0.537050022873609,1.93338008234499,3.24089006104838,179208.803206707,-141464.027992525,TRUE,FALSE,TRUE
15,196712,"p","2020-02-17 10:07:00",1001.28333333333,TRUE,1001.2,0.0833333333299606,FALSE,TRUE,161.115014066288,0.537050046909361,1.9333801688737,3.26807379261801,179291.286068432,-141603.08275759,TRUE,FALSE,TRUE
15,196712,"o","2020-02-17 10:08:00",1001.3,TRUE,1001.28333333333,0.0166666666699484,FALSE,TRUE,24.5972847807695,0.409954746265435,1.47583708655557,3.28254799652876,179302.71471622,-141624.958677355,TRUE,FALSE,TRUE
15,196712,"p","2020-02-17 10:12:00",1001.36666666667,TRUE,1001.3,0.0666666666700166,FALSE,TRUE,1019.01642038264,4.24590175138098,15.2852463049715,3.68061690335571,178621.865582842,-140861.585471214,TRUE,FALSE,TRUE
15,196712,"o","2020-02-17 10:14:00",1001.4,TRUE,1001.36666666667,0.0333333333300061,FALSE,TRUE,507.506907818857,4.22922423224596,15.2252072360854,4.07724270262976,178281.58936597,-140482.457853411,TRUE,FALSE,TRUE
15,196712,"p","2020-02-17 10:17:00",1001.45,TRUE,1001.4,0.0500000000000682,FALSE,TRUE,219.975423906311,1.22208568836673,4.39950847812022,4.17400703556104,178062.940471788,-140514.905348577,TRUE,FALSE,TRUE
15,196712,"p","2020-02-17 10:22:00",1001.53333333333,TRUE,1001.45,0.0833333333299606,FALSE,TRUE,363.703781246171,1.2123459375363,4.36444537513069,4.26890972291236,177702.996168356,-140578.195343746,TRUE,FALSE,TRUE
15,196712,"o","2020-02-17 10:27:00",1001.61666666667,TRUE,1001.53333333333,0.0833333333399651,FALSE,TRUE,357.302021265242,1.19100673745602,4.28762425484169,4.36167849051054,177349.898688041,-140643.206093899,TRUE,FALSE,TRUE
15,196712,"o","2020-02-17 10:32:00",1001.7,TRUE,1001.61666666667,0.0833333333300743,FALSE,TRUE,967.28979024945,3.2242993009576,11.6074774834474,4.65777651471439,178245.964556032,-141018.993703026,TRUE,FALSE,TRUE
15,196712,"p","2020-02-17 10:37:00",1001.78333333333,TRUE,1001.7,0.0833333333299606,FALSE,TRUE,637.204553395856,2.12401517807215,7.64645464105975,4.84384612688325,177877.460244438,-140496.336026276,TRUE,FALSE,TRUE
15,196712,"p","2020-02-17 10:42:00",1001.86666666667,TRUE,1001.78333333333,0.0833333333399651,FALSE,TRUE,645.181062845739,2.15060354264798,7.74217275353274,5.03257457576208,177502.025584141,-139968.771647364,TRUE,FALSE,TRUE
15,196712,"p","2020-02-17 10:47:00",1001.95,TRUE,1001.86666666667,0.0833333333300743,FALSE,TRUE,645.180911286024,2.15060303770418,7.74217093573507,5.22069330517518,177126.590923844,-139441.207268445,TRUE,FALSE,TRUE
15,196712,"p","2020-02-17 10:52:00",1002.03333333333,TRUE,1001.95,0.0833333333299606,FALSE,TRUE,645.180761462587,2.15060253829567,7.74216913786439,5.1728571978453,176751.156263545,-138913.64288954,TRUE,FALSE,TRUE
15,196712,"o","2020-02-17 10:55:00",1002.08333333333,TRUE,1002.03333333333,0.0499999999999545,FALSE,TRUE,384.682206202153,2.13712336779168,7.69364412405007,5.12019399575788,176528.968019772,-138597.916769142,TRUE,FALSE,TRUE
15,196712,"p","2020-02-17 10:57:00",1002.11666666667,TRUE,1002.08333333333,0.0333333333400105,FALSE,TRUE,168.369220990129,1.40307684130335,5.05107662869205,5.00433533286565,176603.651438132,-138446.352364959,TRUE,FALSE,TRUE
15,196712,"p","2020-02-17 11:02:00",1002.2,TRUE,1002.11666666667,0.0833333333300743,FALSE,TRUE,422.550339570186,1.4085011319557,5.07060407504054,4.65819354832592,176798.041365048,-138069.472621893,TRUE,FALSE,TRUE
15,196712,"p","2020-02-17 11:07:00",1002.28333333333,TRUE,1002.2,0.0833333333299606,FALSE,TRUE,422.550494063655,1.40850164693586,5.07060592896908,4.30983168560791,176992.431291963,-137692.592878828,TRUE,FALSE,TRUE
15,196712,"p","2020-02-17 11:12:00",1002.36666666667,TRUE,1002.28333333333,0.0833333333399651,FALSE,TRUE,422.550649046942,1.40850216337772,5.07060778815978,4.37259081347158,177186.821218879,-137315.713135762,TRUE,FALSE,TRUE
15,196712,"p","2020-02-17 11:17:00",1002.45,TRUE,1002.36666666667,0.0833333333300743,FALSE,TRUE,422.550804515114,1.40850268177213,5.07060965437967,4.4330511658519,177381.211145794,-136938.833392699,TRUE,FALSE,TRUE
15,196712,"o","2020-02-17 11:21:00",1002.51666666667,TRUE,1002.45,0.066666666669903,FALSE,TRUE,338.157265031888,1.40898860423113,5.07235897523208,4.49356010809136,177537.364655314,-136637.528546254,TRUE,FALSE,TRUE
15,196712,"p","2020-02-17 11:22:00",1002.53333333333,TRUE,1002.51666666667,0.0166666666600577,FALSE,TRUE,91.8208737039327,1.53034789567239,5.5092524244206,4.56663459459417,177599.397653875,-136569.33288664,TRUE,FALSE,TRUE
15,196712,"p","2020-02-17 11:27:00",1002.61666666667,TRUE,1002.53333333333,0.0833333333399651,FALSE,TRUE,460.526225492374,1.53508741818575,5.5263147054687,4.63552983044421,177912.770486582,-136229.349328594,TRUE,FALSE,TRUE
15,196712,"p","2020-02-17 11:32:00",1002.7,TRUE,1002.61666666667,0.0833333333300743,FALSE,TRUE,460.526452690946,1.53508817569652,5.52631743250748,4.70426309498553,178226.143319295,-135889.365770563,TRUE,FALSE,TRUE
15,196712,"p","2020-02-17 11:37:00",1002.78333333333,TRUE,1002.7,0.0833333333299606,FALSE,TRUE,460.52668051702,1.53508893511886,5.52632016642791,4.77299641613394,178539.516152009,-135549.382212516,TRUE,FALSE,TRUE
15,196712,"p","2020-02-17 11:42:00",1002.86666666667,TRUE,1002.78333333333,0.0833333333399651,FALSE,TRUE,460.526908959047,1.53508969640799,5.52632290706878,4.84274450810691,178852.888984701,-135209.398654491,TRUE,FALSE,TRUE
15,196712,"o","2020-02-17 11:43:00",1002.88333333333,TRUE,1002.86666666667,0.0166666666600577,FALSE,TRUE,90.1673116272298,1.50278852771641,5.41003869977908,4.95628093212812,178913.417853495,-135142.08256242,TRUE,FALSE,TRUE
15,196712,"p","2020-02-17 11:47:00",1002.95,TRUE,1002.88333333333,0.0666666666700166,FALSE,TRUE,183.156790114492,0.763153292105369,2.74735185157933,4.99450327000902,178847.915066154,-134970.395311475,TRUE,FALSE,TRUE
15,196712,"p","2020-02-17 11:52:00",1003.03333333333,TRUE,1002.95,0.0833333333299606,FALSE,TRUE,229.120895668442,0.763736318925717,2.74945074813258,5.03278391588915,178763.354459766,-134756.637022216,TRUE,FALSE,TRUE
15,196712,"p","2020-02-17 11:57:00",1003.11666666667,TRUE,1003.03333333333,0.0833333333399651,FALSE,TRUE,229.120893146159,0.763736310426419,2.74945071753511,5.07106456623788,178678.793853377,-134542.878732973,TRUE,FALSE,TRUE
15,196712,"p","2020-02-17 12:02:00",1003.2,TRUE,1003.11666666667,0.0833333333300743,FALSE,TRUE,229.120890705701,0.763736302382205,2.74945068857594,5.10934522108812,178594.233246988,-134329.12044372,TRUE,FALSE,TRUE
15,196712,"p","2020-02-17 12:07:00",1003.28333333333,TRUE,1003.2,0.0833333333299606,FALSE,TRUE,226.934145990665,0.756447153332833,2.7232097519982,5.14689696634141,178511.107541082,-134117.155729709,TRUE,FALSE,TRUE
15,196712,"p","2020-02-17 12:12:00",1003.36666666667,TRUE,1003.28333333333,0.0833333333399651,FALSE,TRUE,213.913258266933,0.713044194166367,2.56695909899892,5.18078601064749,178691.223548851,-134234.233919439,TRUE,FALSE,TRUE
15,196712,"p","2020-02-17 12:17:00",1003.45,TRUE,1003.36666666667,0.0833333333300743,FALSE,TRUE,216.087004086618,0.720290013650228,2.59304404914082,5.19967233557148,178872.774457102,-134353.105684407,TRUE,FALSE,TRUE
15,196712,"p","2020-02-17 12:22:00",1003.53333333333,TRUE,1003.45,0.0833333333299606,FALSE,TRUE,216.087039100156,0.720290130363004,2.59304446930681,5.21799635354609,179054.325365353,-134471.97744937,TRUE,FALSE,TRUE
15,196712,"p","2020-02-17 12:27:00",1003.61666666667,TRUE,1003.53333333333,0.0833333333399651,FALSE,TRUE,216.087074180166,0.720290247209898,2.59304488995563,5.23632038080683,179235.876273604,-134590.849214348,TRUE,FALSE,TRUE
15,196712,"p","2020-02-17 12:32:00",1003.7,TRUE,1003.61666666667,0.0833333333300743,FALSE,TRUE,216.087109323166,0.720290364438724,2.59304531197941,5.25464441738782,179417.427181855,-134709.720979317,TRUE,FALSE,TRUE
15,196712,"p","2020-02-17 12:37:00",1003.78333333333,TRUE,1003.7,0.0833333333299606,FALSE,TRUE,216.087144532639,0.720290481804616,2.59304573449662,5.27296846328093,179598.978090105,-134828.592744294,TRUE,FALSE,TRUE
15,196712,"p","2020-02-17 12:42:00",1003.86666666667,TRUE,1003.78333333333,0.0833333333399651,FALSE,TRUE,216.087179808459,0.72029059930421,2.59304615749515,5.29129251852041,179780.528998356,-134947.46450926,TRUE,FALSE,TRUE
15,196712,"p","2020-02-17 12:47:00",1003.95,TRUE,1003.86666666667,0.0833333333300743,FALSE,TRUE,216.08721514887,0.720290717191069,2.59304658188785,5.32232611561297,179962.079906606,-135066.336274232,TRUE,FALSE,TRUE
15,196712,"p","2020-02-17 12:52:00",1004.03333333333,TRUE,1003.95,0.0833333333299606,FALSE,TRUE,216.087250555964,0.720290835215698,2.59304700677651,4.96976502399645,180143.630814857,-135185.208039197,TRUE,FALSE,TRUE
15,196712,"p","2020-02-17 12:57:00",1004.11666666667,TRUE,1004.03333333333,0.0833333333399651,FALSE,TRUE,216.087286028009,0.720290953369377,2.59304743212976,4.61887169610879,180325.181723109,-135304.079804162,TRUE,FALSE,TRUE
15,196712,"p","2020-02-17 13:02:00",1004.2,TRUE,1004.11666666667,0.0833333333300743,FALSE,TRUE,216.087321567455,0.720291071919687,2.59304785891087,4.56869223446408,180506.732631359,-135422.951569134,TRUE,FALSE,TRUE
15,196712,"p","2020-02-17 13:07:00",1004.28333333333,TRUE,1004.2,0.0833333333299606,FALSE,TRUE,216.087357172837,0.720291190605276,2.59304828617899,4.51948675977098,180688.28353961,-135541.823334106,TRUE,FALSE,TRUE
15,196712,"p","2020-02-17 13:12:00",1004.36666666667,TRUE,1004.28333333333,0.0833333333399651,FALSE,TRUE,216.087392839739,0.720291309408477,2.59304871387052,4.47241521696623,180869.83444786,-135660.695099079,TRUE,FALSE,TRUE
15,196712,"p","2020-02-17 13:17:00",1004.45,TRUE,1004.36666666667,0.0833333333300743,FALSE,TRUE,216.087428577848,0.720291428620996,2.59304914303558,4.22201442973257,181051.385356111,-135779.56686405,TRUE,FALSE,TRUE
15,196712,"p","2020-02-17 13:22:00",1004.53333333333,TRUE,1004.45,0.0833333333299606,FALSE,TRUE,216.087464376904,0.720291547952166,2.5930495726278,4.08164206672057,181232.936264363,-135898.438629021,TRUE,FALSE,TRUE
15,196712,"p","2020-02-17 13:27:00",1004.61666666667,TRUE,1004.53333333333,0.0833333333399651,FALSE,TRUE,216.087500219629,0.720291667341443,2.59305000242919,3.93861087918991,181414.48717259,-136017.310393982,TRUE,FALSE,TRUE
15,196712,"o","2020-02-17 13:28:00",1004.63333333333,TRUE,1004.61666666667,0.0166666666600577,FALSE,TRUE,40.4117496560839,0.673529161201812,2.42470498032652,3.79090349153968,181448.16751964,-136039.950559258,TRUE,FALSE,TRUE
15,196712,"p","2020-02-17 13:32:00",1004.7,TRUE,1004.63333333333,0.0666666666700166,FALSE,TRUE,251.615815800415,1.04839923244905,3.77423723681657,3.68068316095501,181205.862297118,-135967.908237538,TRUE,FALSE,TRUE
15,196712,"p","2020-02-17 13:37:00",1004.78333333333,TRUE,1004.7,0.0833333333299606,FALSE,TRUE,318.058940584441,1.06019646865771,3.81670728716777,3.57299047104162,180899.693475686,-135876.437600724,TRUE,FALSE,TRUE
15,196712,"p","2020-02-17 13:42:00",1004.86666666667,TRUE,1004.78333333333,0.0833333333399651,FALSE,TRUE,318.058837941974,1.06019612638887,3.81670605499995,3.53870239955017,180593.524654255,-135784.966963922,TRUE,FALSE,TRUE
15,196712,"p","2020-02-17 13:47:00",1004.95,TRUE,1004.86666666667,0.0833333333300743,FALSE,TRUE,318.058735512231,1.06019578508223,3.81670482629604,3.50387186486282,180287.355832823,-135693.496327107,TRUE,FALSE,TRUE
15,196712,"p","2020-02-17 13:52:00",1005.03333333333,TRUE,1004.95,0.0833333333299606,FALSE,TRUE,318.058633291877,1.06019544434917,3.816703599657,3.46904124460415,179981.187011391,-135602.025690307,TRUE,FALSE,TRUE
15,196712,"p","2020-02-17 13:57:00",1005.11666666667,TRUE,1005.03333333333,0.0833333333399651,FALSE,TRUE,318.058531282474,1.06019510419054,3.81670237508595,3.43421053868544,179675.018189959,-135510.555053497,TRUE,FALSE,TRUE
15,196712,"p","2020-02-17 14:02:00",1005.2,TRUE,1005.11666666667,0.0833333333300743,FALSE,TRUE,318.058429483493,1.06019476498644,3.81670115395119,3.39937974700687,179368.849368528,-135419.084416688,TRUE,FALSE,TRUE
15,196712,"p","2020-02-17 14:07:00",1005.28333333333,TRUE,1005.2,0.0833333333299606,FALSE,TRUE,318.058327894429,1.06019442635767,3.81669993488762,3.36450032921952,179062.680547095,-135327.613779878,TRUE,FALSE,TRUE
15,196712,"p","2020-02-17 14:12:00",1005.36666666667,TRUE,1005.28333333333,0.0833333333399651,FALSE,TRUE,318.058226514187,1.06019408829625,3.8166987178665,3.31748494848191,178756.511725665,-135236.143143067,TRUE,FALSE,TRUE
15,196712,"p","2020-02-17 14:17:00",1005.45,TRUE,1005.36666666667,0.0833333333300743,FALSE,TRUE,318.058125346639,1.06019375119693,3.81669750430894,3.26999558178302,178450.342904233,-135144.672506263,TRUE,FALSE,TRUE
15,196712,"p","2020-02-17 14:22:00",1005.53333333333,TRUE,1005.45,0.0833333333299606,FALSE,TRUE,318.058024388606,1.0601934146716,3.81669629281775,3.22250610568053,178144.1740828,-135053.201869461,TRUE,FALSE,TRUE
15,196712,"p","2020-02-17 14:27:00",1005.61666666667,TRUE,1005.53333333333,0.0833333333399651,FALSE,TRUE,318.057923641297,1.06019307871995,3.81669508339183,3.17501652004064,177838.005261369,-134961.731232644,TRUE,FALSE,TRUE
15,196712,"p","2020-02-17 14:32:00",1005.7,TRUE,1005.61666666667,0.0833333333300743,FALSE,TRUE,318.057823103343,1.06019274371927,3.81669387738938,3.12752682477177,177531.836439937,-134870.260595838,TRUE,FALSE,TRUE
15,196712,"p","2020-02-17 14:37:00",1005.78333333333,TRUE,1005.7,0.0833333333299606,FALSE,TRUE,318.057722776785,1.06019240929886,3.81669267347589,3.08326721293001,177225.667618505,-134778.789959029,TRUE,FALSE,TRUE
15,196712,"p","2020-02-17 14:42:00",1005.86666666667,TRUE,1005.78333333333,0.0833333333399651,FALSE,TRUE,318.057622658515,1.06019207544401,3.81669147159844,3.11297109126388,176919.498797074,-134687.319322225,TRUE,FALSE,TRUE
15,196712,"p","2020-02-17 14:47:00",1005.95,TRUE,1005.86666666667,0.0833333333300743,FALSE,TRUE,318.057522752867,1.06019174255102,3.81669027318367,3.14261663362641,176613.329975642,-134595.848685419,TRUE,FALSE,TRUE
15,196712,"p","2020-02-17 14:52:00",1006.03333333333,TRUE,1005.95,0.0833333333299606,FALSE,TRUE,318.05742305703,1.06019141023301,3.81668907683883,3.17226214360707,176307.16115421,-134504.37804861,TRUE,FALSE,TRUE
15,196712,"p","2020-02-17 14:57:00",1006.11666666667,TRUE,1006.03333333333,0.0833333333399651,FALSE,TRUE,318.05732357101,1.06019107848566,3.81668788254839,3.20190762121741,176000.992332778,-134412.907411803,TRUE,FALSE,TRUE
15,196712,"o","2020-02-17 15:02:00",1006.2,TRUE,1006.11666666667,0.0833333333300743,FALSE,TRUE,316.535304870286,1.05511768294222,3.79842365859198,3.23177467417835,175696.177598425,-134322.245158698,TRUE,FALSE,TRUE
15,196712,"p","2020-02-17 15:07:00",1006.28333333333,TRUE,1006.2,0.0833333333299606,FALSE,TRUE,80.3167166414151,0.267722388815552,0.963800599735988,3.18724249364327,175639.778839794,-134379.88609187,TRUE,FALSE,TRUE
15,196712,"p","2020-02-17 15:12:00",1006.36666666667,TRUE,1006.28333333333,0.0833333333399651,FALSE,TRUE,79.9662367284424,0.266554122406929,0.959594840664944,3.14186890451894,175584.734168241,-134438.335408736,TRUE,FALSE,TRUE
15,196712,"p","2020-02-17 15:17:00",1006.45,TRUE,1006.36666666667,0.0833333333300743,FALSE,TRUE,79.966229851972,0.266554099516998,0.959594758261193,3.09649530143434,175529.68949669,-134496.784725606,TRUE,FALSE,TRUE
15,196712,"p","2020-02-17 15:22:00",1006.53333333333,TRUE,1006.45,0.0833333333299606,FALSE,TRUE,79.9662229800138,0.266554076610834,0.959594675799002,3.05112168437443,175474.644825137,-134555.23404248,TRUE,FALSE,TRUE
15,196712,"p","2020-02-17 15:27:00",1006.61666666667,TRUE,1006.53333333333,0.0833333333399651,FALSE,TRUE,79.9662161091507,0.266554053675956,0.959594593233443,3.00574805329816,175419.600153585,-134613.683359361,TRUE,FALSE,TRUE
15,196712,"p","2020-02-17 15:32:00",1006.7,TRUE,1006.61666666667,0.0833333333300743,FALSE,TRUE,79.9662092398183,0.266554030809819,0.959594510915348,2.96037440819868,175364.555482033,-134672.132676234,TRUE,FALSE,TRUE
15,196712,"p","2020-02-17 15:37:00",1006.78333333333,TRUE,1006.7,0.0833333333299606,FALSE,TRUE,79.9662023792066,0.266554007941477,0.959594428589317,2.9150007490624,175309.510810481,-134730.581993103,TRUE,FALSE,TRUE
15,196712,"p","2020-02-17 15:42:00",1006.86666666667,TRUE,1006.78333333333,0.0833333333399651,FALSE,TRUE,79.9661955175098,0.266553985037153,0.959594346133752,2.86962707584701,175254.466138929,-134789.031309974,TRUE,FALSE,TRUE
15,196712,"p","2020-02-17 15:47:00",1006.95,TRUE,1006.86666666667,0.0833333333300743,FALSE,TRUE,79.9661886588062,0.266553962206445,0.959594263943202,2.82425338854609,175199.421467377,-134847.480626851,TRUE,FALSE,TRUE
15,196712,"p","2020-02-17 15:52:00",1007.03333333333,TRUE,1006.95,0.0833333333299606,FALSE,TRUE,79.9661818048634,0.266553939360333,0.959594181697198,2.77887968714518,175144.376795824,-134905.92994372,TRUE,FALSE,TRUE
15,196712,"p","2020-02-17 15:57:00",1007.11666666667,TRUE,1007.03333333333,0.0833333333399651,FALSE,TRUE,79.9661749562947,0.26655391649977,0.959594099399171,2.73350597160319,175089.332124273,-134964.379260591,TRUE,FALSE,TRUE
15,196712,"p","2020-02-17 16:02:00",1007.2,TRUE,1007.11666666667,0.0833333333300743,FALSE,TRUE,79.9661681080796,0.266553893704023,0.959594017334483,2.68813224191307,175034.28745272,-135022.828577469,TRUE,FALSE,TRUE
15,196712,"p","2020-02-17 16:07:00",1007.28333333333,TRUE,1007.2,0.0833333333299606,FALSE,TRUE,79.9661612621396,0.266553870884587,0.959593935184512,2.64275849806068,174979.242781168,-135081.27789434,TRUE,FALSE,TRUE
15,196712,"p","2020-02-17 16:12:00",1007.36666666667,TRUE,1007.28333333333,0.0833333333399651,FALSE,TRUE,79.966154424296,0.266553848059774,0.959593853015187,2.59738474000455,174924.198109616,-135139.727211208,TRUE,FALSE,TRUE
15,196712,"p","2020-02-17 16:17:00",1007.45,TRUE,1007.36666666667,0.0833333333300743,FALSE,TRUE,79.9661475859938,0.266553825297071,0.959593771069454,2.55201096773904,174869.153438064,-135198.176528085,TRUE,FALSE,TRUE
15,196712,"p","2020-02-17 16:22:00",1007.53333333333,TRUE,1007.45,0.0833333333299606,FALSE,TRUE,79.9661407520882,0.266553802517749,0.959593689063895,2.50663718125667,174814.108766511,-135256.625844958,TRUE,FALSE,TRUE
15,196712,"p","2020-02-17 16:27:00",1007.61666666667,TRUE,1007.53333333333,0.0833333333399651,FALSE,TRUE,79.9661339216603,0.266553779717655,0.959593606983558,2.46593964310826,174759.06409496,-135315.075161835,TRUE,FALSE,TRUE
15,196712,"p","2020-02-17 16:32:00",1007.7,TRUE,1007.61666666667,0.0833333333300743,FALSE,TRUE,79.9661270926479,0.266553756985917,0.959593525149303,2.38775509556195,174704.019423407,-135373.524478698,TRUE,FALSE,TRUE
15,196712,"p","2020-02-17 16:37:00",1007.78333333333,TRUE,1007.7,0.0833333333299606,FALSE,TRUE,79.9661202692582,0.266553734241649,0.959593443269936,2.30839082212034,174648.974751855,-135431.973795579,TRUE,FALSE,TRUE
15,196712,"p","2020-02-17 16:42:00",1007.86666666667,TRUE,1007.78333333333,0.0833333333399651,FALSE,TRUE,79.9661134493231,0.266553711476531,0.959593361315512,2.22902658062911,174593.930080304,-135490.423112451,TRUE,FALSE,TRUE
15,196712,"o","2020-02-17 16:45:00",1007.91666666667,TRUE,1007.86666666667,0.0500000000000682,FALSE,TRUE,50.2293489799306,0.279051938777012,1.00458697959724,2.15091219599858,174556.77571016,-135524.534118533,TRUE,FALSE,TRUE
15,196712,"p","2020-02-17 16:47:00",1007.95,TRUE,1007.91666666667,0.0333333333300061,FALSE,TRUE,325.877817487184,2.71564847933093,9.77633452559136,2.31645749949676,174232.691863836,-135477.762201154,TRUE,FALSE,TRUE
15,196712,"p","2020-02-17 16:52:00",1008.03333333333,TRUE,1007.95,0.0833333333299606,FALSE,TRUE,825.200128508773,2.75066709514057,9.90240154250606,2.48550469859176,173412.163329997,-135358.435947598,TRUE,FALSE,TRUE
15,196712,"p","2020-02-17 16:57:00",1008.11666666667,TRUE,1008.03333333333,0.0833333333399651,FALSE,TRUE,825.19940698647,2.750664689736,9.9023928830496,2.65455169106672,172591.634796157,-135239.10969405,TRUE,FALSE,TRUE
15,196712,"p","2020-02-17 17:02:00",1008.2,TRUE,1008.11666666667,0.0833333333300743,FALSE,TRUE,825.198689139911,2.75066229724061,9.9023842700662,2.82359847815501,171771.106262317,-135119.783440493,TRUE,FALSE,TRUE
15,196712,"p","2020-02-17 17:07:00",1008.28333333333,TRUE,1008.2,0.0833333333299606,FALSE,TRUE,825.19797497118,2.75065991668193,9.90237570005494,2.99264506099358,170950.577728477,-135000.457186931,TRUE,FALSE,TRUE
15,196712,"p","2020-02-17 17:12:00",1008.36666666667,TRUE,1008.28333333333,0.0833333333399651,FALSE,TRUE,825.197264475693,2.75065754803341,9.90236717292028,3.16169144067723,170130.049194638,-134881.13093338,TRUE,FALSE,TRUE
15,196712,"p","2020-02-17 17:17:00",1008.45,TRUE,1008.36666666667,0.0833333333300743,FALSE,TRUE,825.19655765987,2.75065519230714,9.9023586923057,3.33073761844078,169309.520660797,-134761.804679825,TRUE,FALSE,TRUE
15,196712,"p","2020-02-17 17:22:00",1008.53333333333,TRUE,1008.45,0.0833333333299606,FALSE,TRUE,825.195854519134,2.75065284850844,9.90235025463038,3.49978359541963,168488.992126957,-134642.47842627,TRUE,FALSE,TRUE
15,196712,"o","2020-02-17 17:27:00",1008.61666666667,TRUE,1008.53333333333,0.0833333333399651,FALSE,TRUE,820.922000862019,2.7364066693223,9.85106400956028,3.66740498797993,167672.925754696,-134522.320110338,TRUE,FALSE,TRUE
15,196712,"p","2020-02-17 17:32:00",1008.7,TRUE,1008.61666666667,0.0833333333300743,FALSE,TRUE,271.96935523943,0.90656451750022,3.26363226300079,3.65204219880007,167675.471596985,-134249.514606291,TRUE,FALSE,TRUE
15,196712,"p","2020-02-17 17:37:00",1008.78333333333,TRUE,1008.7,0.0833333333299606,FALSE,TRUE,272.875423706661,0.909584745725682,3.27450508461245,3.63698146582824,167682.479600853,-133975.877039873,TRUE,FALSE,TRUE
15,196712,"p","2020-02-17 17:42:00",1008.86666666667,TRUE,1008.78333333333,0.0833333333399651,FALSE,TRUE,272.875456388449,0.909584854555779,3.2745054764008,3.62192077702871,167689.487604722,-133702.239473445,TRUE,FALSE,TRUE
15,196712,"p","2020-02-17 17:47:00",1008.95,TRUE,1008.86666666667,0.0833333333300743,FALSE,TRUE,272.875489193051,0.909584964012408,3.27450587044467,3.60686013240665,167696.49560859,-133428.601907025,TRUE,FALSE,TRUE
15,196712,"p","2020-02-17 17:52:00",1009.03333333333,TRUE,1008.95,0.0833333333299606,FALSE,TRUE,272.875522133127,0.909585073813902,3.27450626573005,3.59179953193948,167703.503612459,-133154.964340602,TRUE,FALSE,TRUE
15,196712,"p","2020-02-17 17:57:00",1009.11666666667,TRUE,1009.03333333333,0.0833333333399651,FALSE,TRUE,272.875555198841,0.909585183923752,3.27450666212551,3.57724628203763,167710.511616327,-132881.326774183,TRUE,FALSE,TRUE
15,196712,"p","2020-02-17 18:02:00",1009.2,TRUE,1009.11666666667,0.0833333333300743,FALSE,TRUE,272.875588401493,0.909585294707216,3.27450706094598,3.6414325726268,167717.519620195,-132607.689207756,TRUE,FALSE,TRUE
15,196712,"p","2020-02-17 18:07:00",1009.28333333333,TRUE,1009.2,0.0833333333299606,FALSE,TRUE,272.87562172832,0.909585405797879,3.27450746087237,3.70573570096589,167724.527624064,-132334.051641337,TRUE,FALSE,TRUE
15,196712,"p","2020-02-17 18:12:00",1009.36666666667,TRUE,1009.28333333333,0.0833333333399651,FALSE,TRUE,272.875655186441,0.90958551721575,3.2745078619767,3.77003884273577,167731.535627932,-132060.414074915,TRUE,FALSE,TRUE
15,196712,"p","2020-02-17 18:17:00",1009.45,TRUE,1009.36666666667,0.0833333333300743,FALSE,TRUE,272.875688778635,0.909585629297689,3.27450826547168,3.83434199800445,167738.5436318,-131786.77650849,TRUE,FALSE,TRUE
15,196712,"p","2020-02-17 18:22:00",1009.53333333333,TRUE,1009.45,0.0833333333299606,FALSE,TRUE,270.91541357266,0.903051378612081,3.25098496300349,3.89799173049807,167747.739662964,-131515.170669759,TRUE,FALSE,TRUE
15,196712,"p","2020-02-17 18:27:00",1009.61666666667,TRUE,1009.53333333333,0.0833333333399651,FALSE,TRUE,420.886313955021,1.40295437973842,5.05063576705831,4.01163176539093,168158.343361106,-131616.298331971,TRUE,FALSE,TRUE
15,196712,"p","2020-02-17 18:32:00",1009.7,TRUE,1009.61666666667,0.0833333333300743,FALSE,TRUE,423.488480678187,1.4116282689825,5.08186176833699,4.12613919149503,168571.135086543,-131719.457721881,TRUE,FALSE,TRUE
15,196712,"p","2020-02-17 18:37:00",1009.78333333333,TRUE,1009.7,0.0833333333299606,FALSE,TRUE,423.488653184247,1.41162884400462,5.08186383841664,4.24064667739177,168983.926811982,-131822.617111772,TRUE,FALSE,TRUE
15,196712,"p","2020-02-17 18:42:00",1009.86666666667,TRUE,1009.78333333333,0.0833333333399651,FALSE,TRUE,423.48882618594,1.41162942050746,5.08186591382687,4.35515422322188,169396.718537419,-131925.776501678,TRUE,FALSE,TRUE
15,196712,"p","2020-02-17 18:47:00",1009.95,TRUE,1009.86666666667,0.0833333333300743,FALSE,TRUE,423.488999685599,1.4116299990072,5.08186799642593,4.46966182918656,169809.510262857,-132028.935891583,TRUE,FALSE,TRUE
15,196712,"p","2020-02-17 18:52:00",1010.03333333333,TRUE,1009.95,0.0833333333299606,FALSE,TRUE,423.489173680957,1.41163057899366,5.08187008437716,4.58416949543595,170222.301988295,-132132.095281477,TRUE,FALSE,TRUE
15,196712,"p","2020-02-17 18:57:00",1010.11666666667,TRUE,1010.03333333333,0.0833333333399651,FALSE,TRUE,423.489348174016,1.41163116046771,5.08187217768377,4.69867722211232,170635.093713733,-132235.254671381,TRUE,FALSE,TRUE
15,196712,"p","2020-02-17 19:02:00",1010.2,TRUE,1010.11666666667,0.0833333333300743,FALSE,TRUE,423.48952316245,1.41163174393004,5.08187427814814,4.81318500941687,171047.88543917,-132338.414061285,TRUE,FALSE,TRUE
15,196712,"p","2020-02-17 19:07:00",1010.28333333333,TRUE,1010.2,0.0833333333299606,FALSE,TRUE,423.489698647215,1.41163232888118,5.08187638397226,4.92769285749901,171460.677164606,-132441.573451189,TRUE,FALSE,TRUE
15,196712,"o","2020-02-17 19:08:00",1010.3,TRUE,1010.28333333333,0.0166666666699484,FALSE,TRUE,84.551338607443,1.40918897651324,5.07308031544766,5.04195637262062,171543.033583874,-132462.40335118,TRUE,FALSE,TRUE
15,196712,"p","2020-02-17 19:12:00",1010.36666666667,TRUE,1010.3,0.0666666666700166,FALSE,TRUE,319.105319535493,1.32960549799774,4.78657979279187,5.14826154216862,171843.510137212,-132574.112404729,TRUE,FALSE,TRUE
15,196712,"o","2020-02-17 19:17:00",1010.45,TRUE,1010.36666666667,0.0833333333300743,FALSE,TRUE,398.500371094098,1.32833457036561,4.78200445331619,5.25443962123342,172218.828102879,-132713.396861146,TRUE,FALSE,TRUE
15,196712,"p","2020-02-17 19:22:00",1010.53333333333,TRUE,1010.45,0.0833333333299606,FALSE,TRUE,370.042448033303,1.2334748268276,4.44050937657936,5.35113172821759,172589.501184641,-132742.719732599,TRUE,FALSE,TRUE
15,196712,"p","2020-02-17 19:27:00",1010.61666666667,TRUE,1010.53333333333,0.0833333333399651,FALSE,TRUE,369.970648919675,1.23323549630077,4.43964778668279,5.4477999044235,172960.148947672,-132771.443216019,TRUE,FALSE,TRUE
15,196712,"p","2020-02-17 19:32:00",1010.7,TRUE,1010.61666666667,0.0833333333300743,FALSE,TRUE,369.970798158084,1.23323599390851,4.43964957807063,5.5444681326667,173330.796710704,-132800.166699449,TRUE,FALSE,TRUE
15,196712,"p","2020-02-17 19:37:00",1010.78333333333,TRUE,1010.7,0.0833333333299606,FALSE,TRUE,369.970947725884,1.23323649246953,4.43965137289029,5.63988658803595,173701.444473735,-132828.890182858,TRUE,FALSE,TRUE
15,196712,"p","2020-02-17 19:42:00",1010.86666666667,TRUE,1010.78333333333,0.0833333333399651,FALSE,TRUE,369.971097626793,1.23323699199117,4.43965317116821,5.49164543930197,174072.092236767,-132857.613666277,TRUE,FALSE,TRUE
15,196712,"p","2020-02-17 19:47:00",1010.95,TRUE,1010.86666666667,0.0833333333300743,FALSE,TRUE,369.971247857499,1.23323749290656,4.43965497446361,5.33990247907857,174442.739999798,-132886.3371497,TRUE,FALSE,TRUE
15,196712,"p","2020-02-17 19:52:00",1011.03333333333,TRUE,1010.95,0.0833333333299606,FALSE,TRUE,369.971398421485,1.2332379947882,4.4396567812375,5.18815980958379,174813.38776283,-132915.060633129,TRUE,FALSE,TRUE
15,196712,"p","2020-02-17 19:57:00",1011.11666666667,TRUE,1011.03333333333,0.0833333333399651,FALSE,TRUE,369.971549314357,1.23323849761638,4.43965859141897,5.03641742962137,175184.035525861,-132943.784116546,TRUE,FALSE,TRUE
15,196712,"p","2020-02-17 20:02:00",1011.2,TRUE,1011.11666666667,0.0833333333300743,FALSE,TRUE,369.971700541224,1.23323900185231,4.43966040666832,4.8846753381384,175554.683288893,-132972.507599972,TRUE,FALSE,TRUE
15,196712,"o","2020-02-17 20:04:00",1011.23333333333,TRUE,1011.2,0.0333333333300061,FALSE,TRUE,144.825471006522,1.20687892517482,4.34476413062935,4.73029747585255,175699.74275866,-132984.137414221,TRUE,FALSE,TRUE
15,196712,"p","2020-02-17 20:07:00",1011.28333333333,TRUE,1011.23333333333,0.0499999999999545,FALSE,TRUE,133.84634587135,0.743590810397065,2.67692691742943,4.52959103766154,175569.295279728,-133016.856256514,TRUE,FALSE,TRUE
15,196712,"p","2020-02-17 20:12:00",1011.36666666667,TRUE,1011.28333333333,0.0833333333399651,FALSE,TRUE,228.283472359842,0.760944907805584,2.7394016681001,4.33062024359125,175346.550089099,-133071.62169515,TRUE,FALSE,TRUE
15,196712,"p","2020-02-17 20:17:00",1011.45,TRUE,1011.36666666667,0.0833333333300743,FALSE,TRUE,228.283409511913,0.760944698402802,2.73940091425009,4.1330740464993,175123.804898468,-133126.387133788,TRUE,FALSE,TRUE
15,196712,"p","2020-02-17 20:22:00",1011.53333333333,TRUE,1011.45,0.0833333333299606,FALSE,TRUE,228.283346739562,0.760944489162672,2.73940016098562,4.11851204366555,174901.059707839,-133181.152572417,TRUE,FALSE,TRUE
15,196712,"p","2020-02-17 20:27:00",1011.61666666667,TRUE,1011.53333333333,0.0833333333399651,FALSE,TRUE,228.283284047594,0.760944280098091,2.73939940835313,4.10364799710279,174678.314517208,-133235.91801106,TRUE,FALSE,TRUE
15,196712,"p","2020-02-17 20:32:00",1011.7,TRUE,1011.61666666667,0.0833333333300743,FALSE,TRUE,228.283221431014,0.760944071466471,2.7393986572793,4.08878391879386,174455.569326579,-133290.683449685,TRUE,FALSE,TRUE
15,196712,"p","2020-02-17 20:37:00",1011.78333333333,TRUE,1011.7,0.0833333333299606,FALSE,TRUE,228.283158894902,0.760943863013804,2.73939790684969,4.073919808694,174232.824135948,-133345.448888333,TRUE,FALSE,TRUE
15,196712,"p","2020-02-17 20:42:00",1011.86666666667,TRUE,1011.78333333333,0.0833333333399651,FALSE,TRUE,228.283096432337,0.760943654713899,2.73939715697004,4.059055666784,174010.078945319,-133400.214326961,TRUE,FALSE,TRUE
15,196712,"o","2020-02-17 20:47:00",1011.95,TRUE,1011.86666666667,0.0833333333300743,FALSE,TRUE,226.780751793875,0.75593583934248,2.72136902163293,4.04369073232587,173788.912767191,-133455.076358791,TRUE,FALSE,TRUE
15,196712,"p","2020-02-17 20:52:00",1012.03333333333,TRUE,1011.95,0.0833333333299606,FALSE,TRUE,99.4290458174739,0.331430152738327,1.19314854985798,3.98587521812898,173857.426579011,-133527.659032454,TRUE,FALSE,TRUE
15,196712,"o","2020-02-17 20:55:00",1012.08333333333,TRUE,1012.03333333333,0.0499999999999545,FALSE,TRUE,59.6151384457853,0.331195213587998,1.19230276891679,3.92803619890799,173898.142669047,-133571.516465515,TRUE,FALSE,TRUE
15,196712,"p","2020-02-17 20:57:00",1012.11666666667,TRUE,1012.08333333333,0.0333333333400105,FALSE,TRUE,84.1439354251035,0.701199461735401,2.52431806224744,3.90719759335996,173828.144094023,-133618.874517035,TRUE,FALSE,TRUE
15,196712,"p","2020-02-17 21:02:00",1012.2,TRUE,1012.11666666667,0.0833333333300743,FALSE,TRUE,213.472208284485,0.711574027642778,2.561666499514,3.88739643319447,173649.79864507,-133737.894328185,TRUE,FALSE,TRUE
15,196712,"p","2020-02-17 21:07:00",1012.28333333333,TRUE,1012.2,0.0833333333299606,FALSE,TRUE,213.472155205156,0.711573850712651,2.56166586256554,3.86824868040452,173471.453196117,-133856.914139349,TRUE,FALSE,TRUE
15,196712,"p","2020-02-17 21:12:00",1012.36666666667,TRUE,1012.28333333333,0.0833333333399651,FALSE,TRUE,213.47210219325,0.711573673920872,2.56166522611514,3.79911060982277,173293.107747163,-133975.933950515,TRUE,FALSE,TRUE
15,196712,"p","2020-02-17 21:17:00",1012.45,TRUE,1012.36666666667,0.0833333333300743,FALSE,TRUE,213.472049241291,0.711573497498798,2.56166459099567,3.7291051326744,173114.762298211,-134094.953761669,TRUE,FALSE,TRUE
15,196712,"p","2020-02-17 21:22:00",1012.53333333333,TRUE,1012.45,0.0833333333299606,FALSE,TRUE,213.471996354988,0.711573321212092,2.56166395636353,3.65909958039515,172936.416849258,-134213.973572821,TRUE,FALSE,TRUE
15,196712,"p","2020-02-17 21:27:00",1012.61666666667,TRUE,1012.53333333333,0.0833333333399651,FALSE,TRUE,213.471943532797,0.711573145052696,2.5616633221897,3.58909395284967,172758.071400304,-134332.993383985,TRUE,FALSE,TRUE
15,196712,"p","2020-02-17 21:32:00",1012.7,TRUE,1012.61666666667,0.0833333333300743,FALSE,TRUE,213.471890771142,0.711572969264969,2.56166268935389,3.51908824987545,172579.725951351,-134452.013195147,TRUE,FALSE,TRUE
15,196712,"p","2020-02-17 21:37:00",1012.78333333333,TRUE,1012.7,0.0833333333299606,FALSE,TRUE,213.471838073362,0.711572793606673,2.56166205698402,3.44908247133675,172401.380502397,-134571.033006307,TRUE,FALSE,TRUE
15,196712,"p","2020-02-17 21:42:00",1012.86666666667,TRUE,1012.78333333333,0.0833333333399651,FALSE,TRUE,213.471785439554,0.711572618075219,2.56166142507079,3.3790766170975,172223.035053445,-134690.052817463,TRUE,FALSE,TRUE
15,196712,"p","2020-02-17 21:47:00",1012.95,TRUE,1012.86666666667,0.0833333333300743,FALSE,TRUE,213.471732868254,0.711572442922009,2.56166079451923,3.3090706869967,172044.689604491,-134809.072628629,TRUE,FALSE,TRUE
15,196712,"p","2020-02-17 21:52:00",1013.03333333333,TRUE,1012.95,0.0833333333299606,FALSE,TRUE,213.471680359669,0.711572267894363,2.56166016441971,3.23906468089801,171866.344155538,-134928.09243978,TRUE,FALSE,TRUE
15,196712,"p","2020-02-17 21:57:00",1013.11666666667,TRUE,1013.03333333333,0.0833333333399651,FALSE,TRUE,213.47162791841,0.711572093004739,2.56165953481706,3.16930299254716,171687.998706585,-135047.112250948,TRUE,FALSE,TRUE
15,196712,"p","2020-02-17 22:02:00",1013.2,TRUE,1013.11666666667,0.0833333333300743,FALSE,TRUE,213.471575533548,0.71157191847299,2.56165890650276,3.10749963459469,171509.653257632,-135166.132062098,TRUE,FALSE,TRUE
15,196712,"p","2020-02-17 22:07:00",1013.28333333333,TRUE,1013.2,0.0833333333299606,FALSE,TRUE,213.471523217888,0.711571744088424,2.56165827871833,3.04582335196697,171331.307808678,-135285.151873269,TRUE,FALSE,TRUE
15,196712,"p","2020-02-17 22:12:00",1013.36666666667,TRUE,1013.28333333333,0.0833333333399651,FALSE,TRUE,213.471470960969,0.71157156981327,2.56165765132777,2.99363302626554,171152.962359725,-135404.171684425,TRUE,FALSE,TRUE
15,196712,"p","2020-02-17 22:17:00",1013.45,TRUE,1013.36666666667,0.0833333333300743,FALSE,TRUE,213.471418771227,0.711571395931919,2.56165702535491,2.94146661622865,170974.616910772,-135523.191495585,TRUE,FALSE,TRUE
15,196712,"p","2020-02-17 22:22:00",1013.53333333333,TRUE,1013.45,0.0833333333299606,FALSE,TRUE,213.471366642065,0.711571222169015,2.56165639980845,2.8893001390547,170796.271461818,-135642.211306751,TRUE,FALSE,TRUE
15,196712,"p","2020-02-17 22:27:00",1013.61666666667,TRUE,1013.53333333333,0.0833333333399651,FALSE,TRUE,213.471314574854,0.711571048526221,2.56165577469439,2.83713359466037,170617.926012866,-135761.231117903,TRUE,FALSE,TRUE
15,196712,"p","2020-02-17 22:32:00",1013.7,TRUE,1013.61666666667,0.0833333333300743,FALSE,TRUE,213.471262576247,0.711570875281985,2.56165515101515,2.78496698298945,170439.580563913,-135880.250929061,TRUE,FALSE,TRUE
15,196712,"o","2020-02-17 22:36:00",1013.76666666667,TRUE,1013.7,0.066666666669903,FALSE,TRUE,169.389072639851,0.705787802631785,2.54083608947443,2.73222201396198,170298.653243007,-135975.567495597,TRUE,FALSE,TRUE
15,196712,"p","2020-02-17 22:37:00",1013.78333333333,TRUE,1013.76666666667,0.0166666666600577,FALSE,TRUE,38.6657465985018,0.644429110230572,2.31994479683006,2.67334112550621,170326.109191713,-136003.006485788,TRUE,FALSE,TRUE
15,196712,"p","2020-02-17 22:42:00",1013.86666666667,TRUE,1013.78333333333,0.0833333333399651,FALSE,TRUE,199.91911919504,0.666397063930433,2.39902943014956,2.61665698213762,170472.134126434,-136140.705024775,TRUE,FALSE,TRUE
15,196712,"p","2020-02-17 22:47:00",1013.95,TRUE,1013.86666666667,0.0833333333300743,FALSE,TRUE,199.919140534291,0.666397135140365,2.39902968650531,2.55997279546642,170618.159061171,-136278.403563759,TRUE,FALSE,TRUE
15,196712,"p","2020-02-17 22:52:00",1014.03333333333,TRUE,1013.95,0.0833333333299606,FALSE,TRUE,199.91916191183,0.666397206399736,2.39902994303905,2.50592462358892,170764.183995909,-136416.10210274,TRUE,FALSE,TRUE
15,196712,"o","2020-02-17 22:57:00",1014.11666666667,TRUE,1014.03333333333,0.0833333333399651,FALSE,TRUE,200.73823206863,0.669127440175517,2.40885878463186,2.49847828656676,170913.483872287,-136551.480253359,TRUE,FALSE,TRUE
15,196712,"p","2020-02-17 23:02:00",1014.2,TRUE,1014.11666666667,0.0833333333300743,FALSE,TRUE,800.56657150898,2.66855523846763,9.60679885848347,2.68923931963297,171663.59283682,-136261.168247261,TRUE,FALSE,TRUE
15,196712,"p","2020-02-17 23:07:00",1014.28333333333,TRUE,1014.2,0.0833333333299606,FALSE,TRUE,804.442431765422,2.68147477265993,9.65330918157575,2.88129232705868,172416.976742995,-135968.5358528,TRUE,FALSE,TRUE
15,196712,"p","2020-02-17 23:12:00",1014.36666666667,TRUE,1014.28333333333,0.0833333333399651,FALSE,TRUE,804.443200176567,2.68147733370849,9.65331840135058,3.07334561151326,173170.360649169,-135675.903458339,TRUE,FALSE,TRUE
15,196712,"p","2020-02-17 23:17:00",1014.45,TRUE,1014.36666666667,0.0833333333300743,FALSE,TRUE,804.44397198496,2.6814799067214,9.65332766419705,3.26539917417559,173923.744555344,-135383.271063871,TRUE,FALSE,TRUE
15,196712,"p","2020-02-17 23:22:00",1014.53333333333,TRUE,1014.45,0.0833333333299606,FALSE,TRUE,804.444747187793,2.6814824907345,9.65333696664421,3.4574530161024,174677.128461519,-135090.638669413,TRUE,FALSE,TRUE
15,196712,"o","2020-02-17 23:26:00",1014.6,TRUE,1014.53333333333,0.0666666666700166,FALSE,TRUE,633.598018161628,2.63999174220746,9.50397027194684,3.64535780402176,175270.586547258,-134860.353530985,TRUE,FALSE,TRUE
15,196712,"p","2020-02-17 23:27:00",1014.61666666667,TRUE,1014.6,0.0166666666699484,FALSE,TRUE,198.668842237327,3.31114736997013,11.9201305318925,3.90037817554738,175087.453617157,-134939.723809619,TRUE,FALSE,TRUE
15,196712,"p","2020-02-17 23:32:00",1014.7,TRUE,1014.61666666667,0.0833333333300743,FALSE,TRUE,1043.13954019239,3.47713180077728,12.5176744827982,4.17249777169086,174125.54377113,-135355.679088265,TRUE,FALSE,TRUE
15,196712,"p","2020-02-17 23:37:00",1014.78333333333,TRUE,1014.7,0.0833333333299606,FALSE,TRUE,1043.13823810022,3.47712746047481,12.5176588577093,4.48706750246451,173163.633925023,-135771.634366949,TRUE,FALSE,TRUE
15,196712,"p","2020-02-17 23:42:00",1014.86666666667,TRUE,1014.78333333333,0.0833333333399651,FALSE,TRUE,1043.13694331982,3.47712314412269,12.5176433188417,4.80166029551798,172201.724078914,-136187.589645634,TRUE,FALSE,TRUE
15,196712,"p","2020-02-17 23:47:00",1014.95,TRUE,1014.86666666667,0.0833333333300743,FALSE,TRUE,1043.13565594185,3.47711885327547,12.5176278717917,5.07925223467199,171239.814232806,-136603.544924317,TRUE,FALSE,TRUE
15,196712,"p","2020-02-17 23:52:00",1015.03333333333,TRUE,1014.95,0.0833333333299606,FALSE,TRUE,1043.1343759603,3.47711458667507,12.5176125120303,5.35580629057522,170277.904386698,-137019.500203,TRUE,FALSE,TRUE
15,196712,"o","2020-02-17 23:54:00",1015.06666666667,TRUE,1015.03333333333,0.0333333333400105,FALSE,TRUE,408.017644259686,3.40014703481628,12.2405293253386,5.62466360898558,169902.634283371,-137184.434016662,TRUE,FALSE,TRUE
15,196712,"p","2020-02-17 23:57:00",1015.11666666667,TRUE,1015.06666666667,0.0499999999999545,FALSE,TRUE,476.022350590859,2.64456861439606,9.52044701182583,5.8179631030331,170372.410177358,-137274.297799402,TRUE,FALSE,TRUE
15,196712,"p","2020-02-18 00:02:00",1015.2,TRUE,1015.11666666667,0.0833333333300743,FALSE,TRUE,808.40042988497,2.69466809972195,9.70080515899902,6.01627256325541,171171.193059201,-137421.656940956,TRUE,FALSE,TRUE
15,196712,"o","2020-02-18 00:04:00",1015.23333333333,TRUE,1015.2,0.0333333333300061,FALSE,TRUE,321.847145088668,2.68205954267329,9.65541435362383,6.21332118540153,171489.692676595,-137477.663059033,TRUE,FALSE,TRUE
15,196712,"p","2020-02-18 00:07:00",1015.28333333333,TRUE,1015.23333333333,0.0499999999999545,FALSE,TRUE,434.564274324026,2.41424596846901,8.69128548648843,6.38358846774317,171857.195955637,-137242.144843114,TRUE,FALSE,TRUE
15,196712,"p","2020-02-18 00:12:00",1015.36666666667,TRUE,1015.28333333333,0.0833333333399651,FALSE,TRUE,725.513181688587,2.41837727210283,8.7061581795702,6.55426889802695,172468.012195067,-136844.718585767,TRUE,FALSE,TRUE
15,196712,"o","2020-02-18 00:13:00",1015.38333333333,TRUE,1015.36666666667,0.0166666666600577,FALSE,TRUE,135.157484263732,2.25262473862211,8.10944905903961,6.7083740925285,172582.696727979,-136772.06946804,TRUE,FALSE,TRUE
15,196712,"o","2020-02-18 00:16:00",1015.43333333333,TRUE,1015.38333333333,0.0499999999999545,FALSE,TRUE,680.971756734413,3.78317642630573,13.6194351347006,7.01553447335155,172128.277204375,-137282.879692198,TRUE,FALSE,TRUE
15,196712,"p","2020-02-18 00:17:00",1015.45,TRUE,1015.43333333333,0.0166666666700621,FALSE,TRUE,20.078653740269,0.334644228936308,1.20471922417071,6.97784165195298,172110.101079088,-137291.626481761,TRUE,FALSE,TRUE
15,196712,"p","2020-02-18 00:22:00",1015.53333333333,TRUE,1015.45,0.0833333333299606,FALSE,TRUE,74.4938607784837,0.248312869271662,0.893926329377984,6.93151571209071,172038.207831111,-137312.456154248,TRUE,FALSE,TRUE
15,196712,"p","2020-02-18 00:27:00",1015.61666666667,TRUE,1015.53333333333,0.0833333333399651,FALSE,TRUE,74.4938541758071,0.248312847232929,0.893926250038546,6.88518978751353,171966.314583168,-137333.285826699,TRUE,FALSE,TRUE
15,196712,"p","2020-02-18 00:32:00",1015.7,TRUE,1015.61666666667,0.0833333333300743,FALSE,TRUE,74.4938476209769,0.248312825412967,0.893926171486683,6.83886387820752,171894.421335225,-137354.115499149,TRUE,FALSE,TRUE
15,196712,"p","2020-02-18 00:37:00",1015.78333333333,TRUE,1015.7,0.0833333333299606,FALSE,TRUE,74.4938410684127,0.248312803571426,0.893926092857132,6.79253798415582,171822.52808728,-137374.9451716,TRUE,FALSE,TRUE
15,196712,"p","2020-02-18 00:42:00",1015.86666666667,TRUE,1015.78333333333,0.0833333333399651,FALSE,TRUE,74.4938345251833,0.24831278173085,0.893926014231061,6.74621210534758,171750.634839329,-137395.774844053,TRUE,FALSE,TRUE
15,196712,"o","2020-02-18 00:43:00",1015.88333333333,TRUE,1015.86666666667,0.0166666666600577,FALSE,TRUE,15.8400713894933,0.264001189929576,0.950404283746473,6.70145508474735,171735.31980493,-137400.106666782,TRUE,FALSE,TRUE
15,196712,"p","2020-02-18 00:47:00",1015.95,TRUE,1015.88333333333,0.0666666666700166,FALSE,TRUE,198.820292469292,0.828417885247087,2.98230438688951,6.71313975105515,171539.814726217,-137441.216549101,TRUE,FALSE,TRUE
15,196712,"p","2020-02-18 00:52:00",1016.03333333333,TRUE,1015.95,0.0833333333299606,FALSE,TRUE,249.707673792557,0.832358912675543,2.99649208563196,6.72521853747009,171294.262896803,-137492.811262311,TRUE,FALSE,TRUE
15,196712,"p","2020-02-18 00:57:00",1016.11666666667,TRUE,1016.03333333333,0.0833333333399651,FALSE,TRUE,249.707600871625,0.832358669505844,2.99649121022104,6.73729731689247,171048.71106739,-137544.405975508,TRUE,FALSE,TRUE
15,196712,"p","2020-02-18 01:02:00",1016.2,TRUE,1016.11666666667,0.0833333333300743,FALSE,TRUE,249.707528052412,0.832358426873924,2.99649033674613,6.74995437931669,170803.159237976,-137596.00068871,TRUE,FALSE,TRUE
15,196712,"p","2020-02-18 01:07:00",1016.28333333333,TRUE,1016.2,0.0833333333299606,FALSE,TRUE,249.707455323165,0.832358184444238,2.99648946399926,6.76874728673805,170557.607408572,-137647.595401913,TRUE,FALSE,TRUE
15,196712,"o","2020-02-18 01:08:00",1016.3,TRUE,1016.28333333333,0.0166666666699484,FALSE,TRUE,48.7611152470598,0.812685253957642,2.92566691424751,6.78337610574077,170509.619556115,-137657.487346063,TRUE,FALSE,TRUE
15,196712,"p","2020-02-18 01:12:00",1016.36666666667,TRUE,1016.3,0.0666666666700166,FALSE,TRUE,37.670692914545,0.156961220469384,0.565060393689781,6.73243251427368,170478.597442961,-137635.83842226,TRUE,FALSE,TRUE
15,196712,"p","2020-02-18 01:17:00",1016.45,TRUE,1016.36666666667,0.0833333333300743,FALSE,TRUE,46.2653142887596,0.154217714301897,0.555183771486827,6.68121456506389,170441.222943312,-137608.24351937,TRUE,FALSE,TRUE
15,196712,"p","2020-02-18 01:22:00",1016.53333333333,TRUE,1016.45,0.0833333333299606,FALSE,TRUE,46.2653128724968,0.154217709581231,0.555183754492431,6.62972359200446,170403.848443663,-137580.648616493,TRUE,FALSE,TRUE
15,196712,"p","2020-02-18 01:27:00",1016.61666666667,TRUE,1016.53333333333,0.0833333333399651,FALSE,TRUE,46.2653114581765,0.154217704848316,0.555183737453936,6.37828983864253,170366.473944015,-137553.053713611,TRUE,FALSE,TRUE
15,196712,"o","2020-02-18 01:30:00",1016.66666666667,TRUE,1016.61666666667,0.0500000000000682,FALSE,TRUE,27.2512593654756,0.151395885363547,0.545025187308768,6.12528194991289,170343.186967223,-137538.674887073,TRUE,FALSE,TRUE
15,196712,"p","2020-02-18 01:32:00",1016.7,TRUE,1016.66666666667,0.0333333333300061,FALSE,TRUE,167.044339767597,1.39203616486892,5.01133019352812,5.99633783302894,170265.133519975,-137687.036994285,TRUE,FALSE,TRUE
15,196712,"p","2020-02-18 01:37:00",1016.78333333333,TRUE,1016.7,0.0833333333299606,FALSE,TRUE,423.414172069787,1.41138057362308,5.08097006504309,5.8693278997191,170067.84420935,-138063.387550288,TRUE,FALSE,TRUE
15,196712,"p","2020-02-18 01:42:00",1016.86666666667,TRUE,1016.78333333333,0.0833333333399651,FALSE,TRUE,423.414019558181,1.41138006508162,5.08096823429383,5.74231765715382,169870.554898725,-138439.738106304,TRUE,FALSE,TRUE
15,196712,"o","2020-02-18 01:46:00",1016.93333333333,TRUE,1016.86666666667,0.0666666666600122,FALSE,TRUE,333.547221761045,1.38978009080975,5.00320832691509,5.61729649201405,169717.970790215,-138737.672769216,TRUE,FALSE,TRUE
15,196712,"p","2020-02-18 01:47:00",1016.95,TRUE,1016.93333333333,0.0166666666700621,FALSE,TRUE,153.991183529878,2.56651972497511,9.23947100991038,5.54283372751454,169867.896172084,-138699.407568761,TRUE,FALSE,TRUE
15,196712,"p","2020-02-18 01:52:00",1017.03333333333,TRUE,1016.95,0.0833333333299606,FALSE,TRUE,799.181120233015,2.6639370675512,9.59017344318432,5.46151425419194,170643.759781042,-138492.352657175,TRUE,FALSE,TRUE
15,196712,"o","2020-02-18 01:53:00",1017.05,TRUE,1017.03333333333,0.0166666666699484,FALSE,TRUE,153.193050198306,2.55321750280235,9.19158301008846,5.36912325842469,170791.923430702,-138450.627857932,TRUE,FALSE,TRUE
15,196712,"p","2020-02-18 01:57:00",1017.11666666667,TRUE,1017.05,0.0666666666700166,FALSE,TRUE,461.431050331526,1.92262937628475,6.92146575462509,5.2136738816409,170379.721405332,-138238.738253748,TRUE,FALSE,TRUE
15,196712,"p","2020-02-18 02:02:00",1017.2,TRUE,1017.11666666667,0.0833333333300743,FALSE,TRUE,584.730692973638,1.94910230998835,7.01676831595807,5.06087222731218,169855.70753335,-137973.483977372,TRUE,FALSE,TRUE
15,196712,"p","2020-02-18 02:07:00",1017.28333333333,TRUE,1017.2,0.0833333333299606,FALSE,TRUE,584.730415135729,1.94910138386465,7.01676498191273,4.90807090703114,169331.693661369,-137708.229700987,TRUE,FALSE,TRUE
15,196712,"p","2020-02-18 02:12:00",1017.36666666667,TRUE,1017.28333333333,0.0833333333399651,FALSE,TRUE,584.730138605277,1.94910046186248,7.01676166270492,4.76296624973576,168807.679789387,-137442.975424611,TRUE,FALSE,TRUE
15,196712,"p","2020-02-18 02:17:00",1017.45,TRUE,1017.36666666667,0.0833333333300743,FALSE,TRUE,584.729863349009,1.94909954457292,7.01675836046252,4.69341934275345,168283.665917428,-137177.721148252,TRUE,FALSE,TRUE
15,196712,"o","2020-02-18 02:18:00",1017.46666666667,TRUE,1017.45,0.0166666666699484,FALSE,TRUE,113.718555107813,1.89530925142368,6.82311330512524,4.61348345792362,168181.325806158,-137126.988711365,TRUE,FALSE,TRUE
15,196712,"p","2020-02-18 02:22:00",1017.53333333333,TRUE,1017.46666666667,0.0666666666600122,FALSE,TRUE,140.676661611394,0.58615275677265,2.11014992438154,4.40389277933356,168125.025409911,-137256.439345005,TRUE,FALSE,TRUE
15,196712,"p","2020-02-18 02:27:00",1017.61666666667,TRUE,1017.53333333333,0.0833333333399651,FALSE,TRUE,177.320485618862,0.591068285349168,2.12784582725701,4.22157501102157,168057.72824354,-137421.150660058,TRUE,FALSE,TRUE
15,196712,"p","2020-02-18 02:32:00",1017.7,TRUE,1017.61666666667,0.0833333333300743,FALSE,TRUE,177.320461393059,0.591068204666644,2.12784553679992,4.03884410427795,167990.431077168,-137585.861975112,TRUE,FALSE,TRUE
15,196712,"p","2020-02-18 02:37:00",1017.78333333333,TRUE,1017.7,0.0833333333299606,FALSE,TRUE,177.320437207502,0.591068124048929,2.12784524657614,3.87268844282063,167923.133910796,-137750.573290171,TRUE,FALSE,TRUE
15,196712,"p","2020-02-18 02:42:00",1017.86666666667,TRUE,1017.78333333333,0.0833333333399651,FALSE,TRUE,177.32041305292,0.591068043462695,2.1278449564657,3.55347760453633,167855.836744425,-137915.284605222,TRUE,FALSE,TRUE
15,196712,"p","2020-02-18 02:47:00",1017.95,TRUE,1017.86666666667,0.0833333333300743,FALSE,TRUE,177.320388937394,0.591067963147762,2.12784466733194,3.57911997795748,167788.539578054,-138079.995920283,TRUE,FALSE,TRUE
15,196712,"o","2020-02-18 02:49:00",1017.98333333333,TRUE,1017.95,0.0333333333300061,FALSE,TRUE,69.504904143188,0.579207534584382,2.08514712450377,3.61220944448875,167764.462636335,-138145.448198087,TRUE,FALSE,TRUE
15,196712,"p","2020-02-18 02:52:00",1018.03333333333,TRUE,1017.98333333333,0.0499999999999545,FALSE,TRUE,276.443076949324,1.53579487194208,5.5288615389915,3.74095764695966,168037.474344378,-138196.609309748,TRUE,FALSE,TRUE
15,196712,"p","2020-02-18 02:57:00",1018.11666666667,TRUE,1018.03333333333,0.0833333333399651,FALSE,TRUE,465.241339448854,1.5508044647061,5.58289607294195,3.87120681088898,168497.230399167,-138281.157415497,TRUE,FALSE,TRUE
15,196712,"p","2020-02-18 03:02:00",1018.2,TRUE,1018.11666666667,0.0833333333300743,FALSE,TRUE,465.241558042611,1.55080519353602,5.58289869672967,4.00145604988544,168956.986453958,-138365.70552124,TRUE,FALSE,TRUE
15,196712,"p","2020-02-18 03:07:00",1018.28333333333,TRUE,1018.2,0.0833333333299606,FALSE,TRUE,465.241777293115,1.55080592437315,5.58290132774334,4.13170536414967,169416.742508748,-138450.253626978,TRUE,FALSE,TRUE
15,196712,"o","2020-02-18 03:11:00",1018.35,TRUE,1018.28333333333,0.0666666666700166,FALSE,TRUE,372.563877808315,1.55234949078998,5.58845816684391,4.26054019423571,169784.986444919,-138517.562135412,TRUE,FALSE,TRUE
15,196712,"p","2020-02-18 03:12:00",1018.36666666667,TRUE,1018.35,0.0166666666699484,FALSE,TRUE,107.392889304593,1.78988148805745,6.4435733570068,4.35668655451674,169892.785062724,-138522.562492705,TRUE,FALSE,TRUE
15,196712,"p","2020-02-18 03:17:00",1018.45,TRUE,1018.36666666667,0.0833333333300743,FALSE,TRUE,539.073276914964,1.79691092312015,6.46887932323256,4.4531417555612,170433.973613428,-138545.914398401,TRUE,FALSE,TRUE
15,196712,"o","2020-02-18 03:20:00",1018.5,TRUE,1018.45,0.0499999999999545,FALSE,TRUE,319.336549243749,1.77409194024466,6.38673098488078,4.54731508263508,170754.524591449,-138560.605661343,TRUE,FALSE,TRUE
15,196712,"p","2020-02-18 03:22:00",1018.53333333333,TRUE,1018.5,0.0333333333300061,FALSE,TRUE,105.646234727479,0.880385289483534,3.16938704214072,4.55211776889605,170666.40300069,-138619.719319795,TRUE,FALSE,TRUE
15,196712,"p","2020-02-18 03:27:00",1018.61666666667,TRUE,1018.53333333333,0.0833333333399651,FALSE,TRUE,273.689967128065,0.912299890354281,3.28427960527541,4.56011193948705,170435.693642778,-138769.203764775,TRUE,FALSE,TRUE
15,196712,"p","2020-02-18 03:32:00",1018.7,TRUE,1018.61666666667,0.0833333333300743,FALSE,TRUE,273.689882223846,0.912299607448499,3.2842785868146,4.57007337483614,170204.984284866,-138918.688209765,TRUE,FALSE,TRUE
15,196712,"o","2020-02-18 03:34:00",1018.73333333333,TRUE,1018.7,0.0333333333300061,FALSE,TRUE,107.939246080114,0.899493717424065,3.23817738272664,4.6443266245316,170114.699681251,-138978.711390501,TRUE,FALSE,TRUE
15,196712,"p","2020-02-18 03:37:00",1018.78333333333,TRUE,1018.73333333333,0.0499999999999545,FALSE,TRUE,140.737204005708,0.781873355587979,2.81474408011673,4.70709218866021,170196.726892277,-139093.699182804,TRUE,FALSE,TRUE
15,196712,"p","2020-02-18 03:42:00",1018.86666666667,TRUE,1018.78333333333,0.0833333333399651,FALSE,TRUE,236.809180693285,0.789363935581464,2.84171016809327,4.77060681126024,170336.770809906,-139285.727841209,TRUE,FALSE,TRUE
15,196712,"p","2020-02-18 03:47:00",1018.95,TRUE,1018.86666666667,0.0833333333300743,FALSE,TRUE,236.809200131833,0.789364000470315,2.84171040169313,4.83412144082244,170476.814727535,-139477.756499618,TRUE,FALSE,TRUE
15,196712,"p","2020-02-18 03:52:00",1019.03333333333,TRUE,1018.95,0.0833333333299606,FALSE,TRUE,236.809219656155,0.789364065552465,2.84171063598888,4.89791825884133,170616.858645163,-139669.785158036,TRUE,FALSE,TRUE
15,196712,"p","2020-02-18 03:57:00",1019.11666666667,TRUE,1019.03333333333,0.0833333333399651,FALSE,TRUE,236.809239268164,0.789364130831061,2.84171087099182,4.83765105543754,170756.902562791,-139861.81381645,TRUE,FALSE,TRUE
15,196712,"p","2020-02-18 04:02:00",1019.2,TRUE,1019.11666666667,0.0833333333300743,FALSE,TRUE,236.809258961771,0.789364196570106,2.84171110765238,4.77544941773224,170896.946480419,-140053.842474857,TRUE,FALSE,TRUE
15,196712,"p","2020-02-18 04:07:00",1019.28333333333,TRUE,1019.2,0.0833333333299606,FALSE,TRUE,236.809278746255,0.789364262519465,2.84171134507007,4.71324783747603,171036.990398047,-140245.871133268,TRUE,FALSE,TRUE
15,196712,"p","2020-02-18 04:12:00",1019.36666666667,TRUE,1019.28333333333,0.0833333333399651,FALSE,TRUE,236.80929861366,0.789364328649382,2.84171158313778,4.65320626125999,171177.034315676,-140437.899791678,TRUE,FALSE,TRUE
15,196712,"p","2020-02-18 04:17:00",1019.45,TRUE,1019.36666666667,0.0833333333300743,FALSE,TRUE,236.809318566979,0.789364395254134,2.84171182291488,4.47549072828789,171317.078233304,-140629.928450095,TRUE,FALSE,TRUE
15,196712,"p","2020-02-18 04:22:00",1019.53333333333,TRUE,1019.45,0.0833333333299606,FALSE,TRUE,234.920223454033,0.783067411545137,2.81904268156249,4.28740376268729,171454.062256836,-140821.822278175,TRUE,FALSE,TRUE
15,196712,"p","2020-02-18 04:27:00",1019.61666666667,TRUE,1019.53333333333,0.0833333333399651,FALSE,TRUE,453.973319718725,1.51324439894199,5.44767983619117,4.18340645230125,171029.689045985,-140988.980616437,TRUE,FALSE,TRUE
15,196712,"p","2020-02-18 04:32:00",1019.7,TRUE,1019.61666666667,0.0833333333300743,FALSE,TRUE,456.757952886545,1.52252650968136,5.4810954348529,4.14339616564091,170602.255941036,-141156.004124359,TRUE,FALSE,TRUE
15,196712,"p","2020-02-18 04:37:00",1019.78333333333,TRUE,1019.7,0.0833333333299606,FALSE,TRUE,456.757709993218,1.52252570003901,5.48109252014045,4.10073850464598,170174.822836088,-141323.027632292,TRUE,FALSE,TRUE
15,196712,"p","2020-02-18 04:42:00",1019.86666666667,TRUE,1019.78333333333,0.0833333333399651,FALSE,TRUE,456.757467722526,1.52252489228726,5.48108961223413,4.05808085548824,169747.38973114,-141490.051140224,TRUE,FALSE,TRUE
15,196712,"p","2020-02-18 04:47:00",1019.95,TRUE,1019.86666666667,0.0833333333300743,FALSE,TRUE,456.757226076085,1.52252408697983,5.48108671312737,4.01542321799998,169319.956626191,-141657.074648151,TRUE,FALSE,TRUE
15,196712,"p","2020-02-18 04:52:00",1020.03333333333,TRUE,1019.95,0.0833333333299606,FALSE,TRUE,453.646051196404,1.51215350404921,5.44375261457717,3.9717286139476,168895.714120781,-141823.671600853,TRUE,FALSE,TRUE
15,196712,"p","2020-02-18 04:57:00",1020.11666666667,TRUE,1020.03333333333,0.0833333333399651,FALSE,TRUE,182.924181405315,0.609747271302526,2.1950901766891,3.84317241593549,169056.807602838,-141912.014255103,TRUE,FALSE,TRUE
15,196712,"p","2020-02-18 05:02:00",1020.2,TRUE,1020.11666666667,0.0833333333300743,FALSE,TRUE,185.512073994771,0.618373580006752,2.22614488802431,3.8463944982589,169221.091684462,-141999.930354117,TRUE,FALSE,TRUE
15,196712,"o","2020-02-18 05:03:00",1020.21666666667,TRUE,1020.2,0.0166666666699484,FALSE,TRUE,40.013342773661,0.66688904609637,2.40080056594693,3.85397657433362,169257.362435161,-142017.246769594,TRUE,FALSE,TRUE
15,196712,"p","2020-02-18 05:07:00",1020.28333333333,TRUE,1020.21666666667,0.0666666666600122,FALSE,TRUE,632.206220223366,2.63419258452696,9.48309330429706,4.05828901231965,169891.8846248,-142048.261990731,TRUE,FALSE,TRUE
15,196712,"p","2020-02-18 05:12:00",1020.36666666667,TRUE,1020.28333333333,0.0833333333399651,FALSE,TRUE,794.483883625697,2.64827961187491,9.53380660274966,4.26401016110225,170689.304779861,-142086.697511736,TRUE,FALSE,TRUE
15,196712,"o","2020-02-18 05:14:00",1020.4,TRUE,1020.36666666667,0.0333333333300061,FALSE,TRUE,312.111980784466,2.6009331734635,9.3633594244686,4.46499667410233,171002.585977686,-142101.465902102,TRUE,FALSE,TRUE
15,196712,"p","2020-02-18 05:17:00",1020.45,TRUE,1020.4,0.0500000000000682,FALSE,TRUE,154.240871957171,0.856893733094223,3.0848174391392,4.49157925109698,170853.925629894,-142057.721324696,TRUE,FALSE,TRUE
15,196712,"p","2020-02-18 05:22:00",1020.53333333333,TRUE,1020.45,0.0833333333299606,FALSE,TRUE,266.405571291727,0.888018571008363,3.19686685563011,4.52246035473937,170596.680276571,-141983.803998976,TRUE,FALSE,TRUE
15,196712,"p","2020-02-18 05:27:00",1020.61666666667,TRUE,1020.53333333333,0.0833333333399651,FALSE,TRUE,266.405502546977,0.888018341752588,3.19686603030932,4.45768270172042,170339.43492325,-141909.886673242,TRUE,FALSE,TRUE
15,196712,"p","2020-02-18 05:32:00",1020.7,TRUE,1020.61666666667,0.0833333333300743,FALSE,TRUE,266.405433926155,0.888018113121911,3.19686520723888,4.39140406656201,170082.189569928,-141835.96934751,TRUE,FALSE,TRUE
15,196712,"p","2020-02-18 05:37:00",1020.78333333333,TRUE,1020.7,0.0833333333299606,FALSE,TRUE,266.405365428809,0.888017884798635,3.19686438527509,4.32512533568827,169824.944216607,-141762.052021777,TRUE,FALSE,TRUE
15,196712,"p","2020-02-18 05:42:00",1020.86666666667,TRUE,1020.78333333333,0.0833333333399651,FALSE,TRUE,266.405297055759,0.888017656781862,3.1968635644147,4.25884650892914,169567.698863284,-141688.134696052,TRUE,FALSE,TRUE
15,196712,"p","2020-02-18 05:47:00",1020.95,TRUE,1020.86666666667,0.0833333333300743,FALSE,TRUE,266.405228804356,0.888017429382582,3.1968627457773,4.1924133027884,169310.453509963,-141614.217370315,TRUE,FALSE,TRUE
15,196712,"p","2020-02-18 05:52:00",1021.03333333333,TRUE,1020.95,0.0833333333299606,FALSE,TRUE,266.405160678104,0.888017202296289,3.19686192826664,4.10222687421228,169053.208156641,-141540.300044592,TRUE,FALSE,TRUE
15,196712,"p","2020-02-18 05:57:00",1021.11666666667,TRUE,1021.03333333333,0.0833333333399651,FALSE,TRUE,266.40509267488,0.888016975512266,3.19686111184416,4.01133747945149,168795.962803319,-141466.382718871,TRUE,FALSE,TRUE
15,196712,"p","2020-02-18 06:02:00",1021.2,TRUE,1021.11666666667,0.0833333333300743,FALSE,TRUE,266.405024796476,0.888016749356315,3.19686029768273,3.92272996036266,168538.717449997,-141392.465393135,TRUE,FALSE,TRUE
15,196712,"o","2020-02-18 06:04:00",1021.23333333333,TRUE,1021.2,0.0333333333300061,FALSE,TRUE,112.111753116326,0.93426460939597,3.36335259382549,3.9281178923539,168430.369307058,-141361.675945709,TRUE,FALSE,TRUE
15,196712,"p","2020-02-18 06:07:00",1021.28333333333,TRUE,1021.23333333333,0.0499999999999545,FALSE,TRUE,772.635625416169,4.29242014120484,15.4527125083374,4.26612991743896,167675.029405238,-141182.51387217,TRUE,FALSE,TRUE
15,196712,"p","2020-02-18 06:12:00",1021.36666666667,TRUE,1021.28333333333,0.0833333333399651,FALSE,TRUE,1296.98908146265,4.3232969378648,15.5638689763133,4.60722965048059,166407.046232854,-140881.87288772,TRUE,FALSE,TRUE
15,196712,"p","2020-02-18 06:17:00",1021.45,TRUE,1021.36666666667,0.0833333333300743,FALSE,TRUE,1296.98744973993,4.32329149930217,15.5638493974878,4.9496094286684,165139.063060469,-140581.231903274,TRUE,FALSE,TRUE
15,196712,"o","2020-02-18 06:20:00",1021.5,TRUE,1021.45,0.0499999999999545,FALSE,TRUE,770.123904157054,4.27846613420974,15.4024780831551,5.29926870653058,164386.367014407,-140401.852490064,TRUE,FALSE,TRUE
15,196712,"p","2020-02-18 06:22:00",1021.53333333333,TRUE,1021.5,0.0333333333300061,FALSE,TRUE,96.6611663033065,0.805509719274625,2.89983498938865,5.30088328489989,164471.503031512,-140355.157567162,TRUE,FALSE,TRUE
15,196712,"p","2020-02-18 06:27:00",1021.61666666667,TRUE,1021.53333333333,0.0833333333399651,FALSE,TRUE,258.368434784952,0.861228115881302,3.10042121717269,5.30806969644099,164704.577717699,-140240.933203594,TRUE,FALSE,TRUE
15,196712,"o","2020-02-18 06:29:00",1021.65,TRUE,1021.61666666667,0.0333333333300061,FALSE,TRUE,100.587704996853,0.838230875057443,3.01763115020679,5.31295637739149,164795.255987606,-140196.337462206,TRUE,FALSE,TRUE
15,196712,"p","2020-02-18 06:32:00",1021.7,TRUE,1021.65,0.0500000000000682,FALSE,TRUE,150.107712465194,0.833931735916606,3.00215424929978,5.31741313790004,164653.725525891,-140248.4428874,TRUE,FALSE,TRUE
15,196712,"p","2020-02-18 06:37:00",1021.78333333333,TRUE,1021.7,0.0833333333299606,FALSE,TRUE,254.778827781812,0.84926275930708,3.05734593350549,5.32340299417374,164413.588748753,-140337.108602797,TRUE,FALSE,TRUE
15,196712,"p","2020-02-18 06:42:00",1021.86666666667,TRUE,1021.78333333333,0.0833333333399651,FALSE,TRUE,254.778754464802,0.849262514815087,3.05734505333431,5.3293928194033,164173.451971615,-140425.7743182,TRUE,FALSE,TRUE
15,196712,"o","2020-02-18 06:46:00",1021.93333333333,TRUE,1021.86666666667,0.0666666666600122,FALSE,TRUE,202.721229330667,0.84467178896209,3.04081844026352,5.33492356543457,163982.303043438,-140496.112756524,TRUE,FALSE,TRUE
15,196712,"p","2020-02-18 06:47:00",1021.95,TRUE,1021.93333333333,0.0166666666700621,FALSE,TRUE,13.802436764619,0.230040612696784,0.828146205708423,5.27899118717884,163968.941134027,-140492.40284028,TRUE,FALSE,TRUE
15,196712,"p","2020-02-18 06:52:00",1022.03333333333,TRUE,1021.95,0.0833333333299606,FALSE,TRUE,65.3327413033883,0.217775804353441,0.783992895672389,5.22246202645967,163906.934054594,-140470.882589119,TRUE,FALSE,TRUE
15,196712,"o","2020-02-18 06:54:00",1022.06666666667,TRUE,1022.03333333333,0.0333333333400105,FALSE,TRUE,27.1080563797428,0.225900469785938,0.813241691229377,5.09372763354406,163881.203220943,-140461.961007476,TRUE,FALSE,TRUE
15,196712,"p","2020-02-18 06:57:00",1022.11666666667,TRUE,1022.06666666667,0.0499999999999545,FALSE,TRUE,146.714912145985,0.815082845256212,2.93429824292236,5.02298326710155,163741.664627885,-140414.480079608,TRUE,FALSE,TRUE
15,196712,"p","2020-02-18 07:02:00",1022.2,TRUE,1022.11666666667,0.0833333333300743,FALSE,TRUE,246.149795253209,0.820499317542785,2.95379754315403,4.95278062885193,163507.553636317,-140334.82273123,TRUE,FALSE,TRUE
15,196712,"p","2020-02-18 07:07:00",1022.28333333333,TRUE,1022.2,0.0833333333299606,FALSE,TRUE,246.149741391184,0.82049913800382,2.95379689681375,4.88257805342358,163273.442644751,-140255.165382838,TRUE,FALSE,TRUE
15,196712,"p","2020-02-18 07:12:00",1022.36666666667,TRUE,1022.28333333333,0.0833333333399651,FALSE,TRUE,246.149687628531,0.820498958696476,2.95379625130731,4.81237554059525,163039.331653183,-140175.50803445,TRUE,FALSE,TRUE
15,196712,"p","2020-02-18 07:17:00",1022.45,TRUE,1022.36666666667,0.0833333333300743,FALSE,TRUE,246.149633961921,0.820498779905157,2.95379560765856,4.74321006818084,162805.220661616,-140095.850686065,TRUE,FALSE,TRUE
15,196712,"p","2020-02-18 07:22:00",1022.53333333333,TRUE,1022.45,0.0833333333299606,FALSE,TRUE,246.149580392595,0.820498601341857,2.95379496483069,4.76428520118477,162571.109670049,-140016.193337674,TRUE,FALSE,TRUE
15,196712,"p","2020-02-18 07:27:00",1022.61666666667,TRUE,1022.53333333333,0.0833333333399651,FALSE,TRUE,246.149526922632,0.820498423010143,2.95379432283652,4.78449768548511,162336.998678481,-139936.535989292,TRUE,FALSE,TRUE
15,196712,"p","2020-02-18 07:32:00",1022.7,TRUE,1022.61666666667,0.0833333333300743,FALSE,TRUE,246.149473547779,0.820498245191352,2.95379368268887,4.79985860539461,162102.887686914,-139856.878640901,TRUE,FALSE,TRUE
15,196712,"p","2020-02-18 07:37:00",1022.78333333333,TRUE,1022.7,0.0833333333299606,FALSE,TRUE,246.149420271536,0.820498067604993,2.95379304337798,4.61848915370242,161868.776695347,-139777.221292517,TRUE,FALSE,TRUE
15,196712,"o","2020-02-18 07:40:00",1022.83333333333,TRUE,1022.78333333333,0.0499999999999545,FALSE,TRUE,146.30999292087,0.812833294005571,2.92619985842006,4.43494452191548,161728.995789172,-139731.748443178,TRUE,FALSE,TRUE
15,196712,"p","2020-02-18 07:42:00",1022.86666666667,TRUE,1022.83333333333,0.0333333333400105,FALSE,TRUE,144.236643316479,1.20197202739655,4.32709929862757,4.29504840730879,161685.531858865,-139869.783209488,TRUE,FALSE,TRUE
15,196712,"p","2020-02-18 07:47:00",1022.95,TRUE,1022.86666666667,0.0833333333300743,FALSE,TRUE,365.615364443782,1.21871788152693,4.38738437349696,4.33123082215206,161578.586255012,-140220.674024494,TRUE,FALSE,TRUE
15,196712,"p","2020-02-18 07:52:00",1023.03333333333,TRUE,1022.95,0.0833333333299606,FALSE,TRUE,365.615276335103,1.218717587833,4.3873833161988,4.36430072383452,161471.640651158,-140571.564839493,TRUE,FALSE,TRUE
15,196712,"p","2020-02-18 07:57:00",1023.11666666667,TRUE,1023.03333333333,0.0833333333399651,FALSE,TRUE,365.615188547398,1.21871729506101,4.38738226221963,4.39737061916536,161364.695047305,-140922.455654496,TRUE,FALSE,TRUE
15,196712,"o","2020-02-18 08:02:00",1023.2,TRUE,1023.11666666667,0.0833333333300743,FALSE,TRUE,363.767474745117,1.21255824919781,4.36520969711212,4.42982463277295,161263.807657724,-141273.200895918,TRUE,FALSE,TRUE
15,196712,"o","2020-02-18 08:04:00",1023.23333333333,TRUE,1023.2,0.0333333333300061,FALSE,TRUE,412.818041609369,3.44015034708813,12.3845412495173,4.6850378790019,161658.284962318,-141401.256994982,TRUE,FALSE,TRUE
15,196712,"p","2020-02-18 08:07:00",1023.28333333333,TRUE,1023.23333333333,0.0499999999999545,FALSE,TRUE,63.7046726718194,0.353914848177096,1.27409345343755,4.63162759814143,161595.551859474,-141413.99636298,TRUE,FALSE,TRUE
15,196712,"p","2020-02-18 08:12:00",1023.36666666667,TRUE,1023.28333333333,0.0833333333399651,FALSE,TRUE,115.639379077737,0.385464596895114,1.38767254882241,4.58137231489268,161480.829778345,-141432.484012556,TRUE,FALSE,TRUE
15,196712,"p","2020-02-18 08:17:00",1023.45,TRUE,1023.36666666667,0.0833333333300743,FALSE,TRUE,115.639364443863,0.385464548161287,1.38767237338063,4.53111704947918,161366.107697217,-141450.971662128,TRUE,FALSE,TRUE
15,196712,"p","2020-02-18 08:22:00",1023.53333333333,TRUE,1023.45,0.0833333333299606,FALSE,TRUE,115.639349819287,0.385464499413223,1.3876721978876,4.48086180186927,161251.385616089,-141469.459311705,TRUE,FALSE,TRUE
15,196712,"o","2020-02-18 08:27:00",1023.61666666667,TRUE,1023.53333333333,0.0833333333399651,FALSE,TRUE,112.56023240354,0.375200774648609,1.35072278873499,4.4295802043985,161140.35378604,-141491.023562124,TRUE,FALSE,TRUE
15,196712,"o","2020-02-18 08:29:00",1023.65,TRUE,1023.61666666667,0.0333333333300061,FALSE,TRUE,317.716520662348,2.64763767245051,9.53149562082184,4.60091751070396,161359.038313427,-141723.187623449,TRUE,FALSE,TRUE
15,196712,"o","2020-02-18 08:31:00",1023.68333333333,TRUE,1023.65,0.0333333333300061,FALSE,TRUE,265.628618276474,2.21357181919157,7.96885854908964,4.39303267850263,161187.787308355,-141927.608018306,TRUE,FALSE,TRUE
15,196712,"p","2020-02-18 08:32:00",1023.7,TRUE,1023.68333333333,0.0166666666700621,FALSE,TRUE,7.49235232257103,0.124872538684077,0.449541139262678,3.97319023858456,161190.624986128,-141920.646083307,TRUE,FALSE,TRUE
15,196712,"p","2020-02-18 08:37:00",1023.78333333333,TRUE,1023.7,0.0833333333299606,FALSE,TRUE,56.7267983940819,0.189089327987926,0.680721580756533,3.55977002145313,161217.626557851,-141870.526501282,TRUE,FALSE,TRUE
15,196712,"p","2020-02-18 08:42:00",1023.86666666667,TRUE,1023.78333333333,0.0833333333399651,FALSE,TRUE,56.7268010370786,0.189089336775214,0.680721612390771,3.15083234170968,161244.628129596,-141820.40691924,TRUE,FALSE,TRUE
15,196712,"p","2020-02-18 08:47:00",1023.95,TRUE,1023.86666666667,0.0833333333300743,FALSE,TRUE,56.7268036493396,0.189089345505194,0.680721643818697,3.08919030433274,161271.629701341,-141770.287337198,TRUE,FALSE,TRUE
15,196712,"p","2020-02-18 08:52:00",1024.03333333333,TRUE,1023.95,0.0833333333298469,FALSE,TRUE,56.2668601755074,0.187556200592871,0.675202322134337,3.0218231128039,161299.612844889,-141721.237330943,TRUE,FALSE,TRUE
15,196712,"p","2020-02-18 08:57:00",1024.11666666667,TRUE,1024.03333333333,0.0833333333400788,FALSE,TRUE,253.781018308781,0.845936727627463,3.04537221945887,3.0225936980609,161507.67164311,-141868.407874508,TRUE,FALSE,TRUE
15,196712,"p","2020-02-18 09:02:00",1024.2,TRUE,1024.11666666667,0.0833333333300743,FALSE,TRUE,255.194846412255,0.850649488074118,3.06233815706682,3.02426547327665,161716.712013133,-142016.64799386,TRUE,FALSE,TRUE
15,196712,"p","2020-02-18 09:07:00",1024.28333333333,TRUE,1024.2,0.0833333333298469,FALSE,TRUE,255.194888769325,0.850649629266672,3.06233866536002,3.02440416027261,161925.752383157,-142164.888113212,TRUE,FALSE,TRUE
15,196712,"p","2020-02-18 09:12:00",1024.36666666667,TRUE,1024.28333333333,0.0833333333400788,FALSE,TRUE,254.367872313482,0.847892907642974,3.05241446751471,3.0242671995554,162133.67788333,-142313.260426631,TRUE,FALSE,TRUE
15,196712,"p","2020-02-18 09:17:00",1024.45,TRUE,1024.36666666667,0.0833333333300743,FALSE,TRUE,172.122095481437,0.573740318293895,2.06546514585802,2.99717405248858,162137.073345495,-142485.884590514,TRUE,FALSE,TRUE
15,196712,"p","2020-02-18 09:22:00",1024.53333333333,TRUE,1024.45,0.0833333333298469,FALSE,TRUE,172.235446731599,0.574118155796016,2.06682536086566,3.0315818067985,162139.353937809,-142658.64094847,TRUE,FALSE,TRUE
15,196712,"p","2020-02-18 09:27:00",1024.61666666667,TRUE,1024.53333333333,0.0833333333400788,FALSE,TRUE,172.235436586662,0.574118121909068,2.06682523887264,3.06721603855406,162141.634530123,-142831.39730642,TRUE,FALSE,TRUE
15,196712,"p","2020-02-18 09:32:00",1024.7,TRUE,1024.61666666667,0.0833333333300743,FALSE,TRUE,172.235426477234,0.5741180882799,2.06682511780764,3.10203780040346,162143.915122437,-143004.15366438,TRUE,FALSE,TRUE
15,196712,"p","2020-02-18 09:37:00",1024.78333333333,TRUE,1024.7,0.0833333333298469,FALSE,TRUE,172.235416401884,0.574118054696967,2.06682499690908,3.07794132134753,162146.19571475,-143176.910022331,TRUE,FALSE,TRUE
15,196712,"o","2020-02-18 09:41:00",1024.85,TRUE,1024.78333333333,0.0666666666700166,FALSE,TRUE,136.92397913986,0.570516579720747,2.05385968699469,3.05294304756533,162147.986874825,-143314.248437609,TRUE,FALSE,TRUE
15,196712,"p","2020-02-18 09:42:00",1024.86666666667,TRUE,1024.85,0.0166666666700621,FALSE,TRUE,3.10872791077384,0.0518121318356751,0.18652367460843,2.97607434694852,162148.106653683,-143317.364531318,TRUE,FALSE,TRUE
15,196712,"p","2020-02-18 09:47:00",1024.95,TRUE,1024.86666666667,0.0833333333300743,FALSE,TRUE,155.974794942677,0.51991598316259,1.87169753938533,2.94601604939513,162303.947826874,-143300.633548174,TRUE,FALSE,TRUE
15,196712,"p","2020-02-18 09:52:00",1025.03333333333,TRUE,1024.95,0.0833333333298469,FALSE,TRUE,156.848271213202,0.522827570732547,1.88217925463717,2.91624892847787,162460.654997744,-143283.746660339,TRUE,FALSE,TRUE
15,196712,"p","2020-02-18 09:57:00",1025.11666666667,TRUE,1025.03333333333,0.0833333333400788,FALSE,TRUE,156.848297985229,0.522827659908444,1.8821795756704,2.88648183433453,162617.362168612,-143266.859772496,TRUE,FALSE,TRUE
15,196712,"p","2020-02-18 10:02:00",1025.2,TRUE,1025.11666666667,0.0833333333300743,FALSE,TRUE,156.848324783021,0.522827749297185,1.88217989746987,2.85671476696323,162774.06933948,-143249.972884659,TRUE,FALSE,TRUE
15,196712,"o","2020-02-18 10:06:00",1025.26666666667,TRUE,1025.2,0.0666666666700166,FALSE,TRUE,118.948448640699,0.495618535978008,1.78422672952083,2.8242267960419,162892.949435713,-143237.530269887,TRUE,FALSE,TRUE
15,196712,"p","2020-02-18 10:07:00",1025.28333333333,TRUE,1025.26666666667,0.0166666666598303,FALSE,TRUE,204.758497084789,3.41264161947963,12.2855098301267,3.08344115122936,162690.215770463,-143272.658522264,TRUE,FALSE,TRUE
15,196712,"o","2020-02-18 10:11:00",1025.35,TRUE,1025.28333333333,0.0666666666700166,FALSE,TRUE,839.316007396185,3.49715003064171,12.5897401103102,3.35187282489297,161859.179005894,-143416.535000342,TRUE,FALSE,TRUE
15,196712,"p","2020-02-18 10:12:00",1025.36666666667,TRUE,1025.35,0.0166666666700621,FALSE,TRUE,3.88216852729632,0.0647028087750903,0.232930111590325,3.23814590303083,161860.749335158,-143420.099534705,TRUE,FALSE,TRUE
15,196712,"p","2020-02-18 10:17:00",1025.45,TRUE,1025.36666666667,0.0833333333300743,FALSE,TRUE,39.188109989069,0.130627033302005,0.470257319887218,3.12933681820833,161897.803271138,-143433.40163968,TRUE,FALSE,TRUE
15,196712,"p","2020-02-18 10:22:00",1025.53333333333,TRUE,1025.45,0.0833333333298469,FALSE,TRUE,39.188111376949,0.130627037928628,0.470257336543062,3.0205277632179,161934.857207169,-143446.703744659,TRUE,FALSE,TRUE
15,196712,"p","2020-02-18 10:27:00",1025.61666666667,TRUE,1025.53333333333,0.0833333333400788,FALSE,TRUE,39.1881127195989,0.130627042388089,0.470257352597122,2.9117187379506,161971.9111432,-143460.00584963,TRUE,FALSE,TRUE
15,196712,"p","2020-02-18 10:32:00",1025.7,TRUE,1025.61666666667,0.0833333333300743,FALSE,TRUE,39.1881140614364,0.130627046876563,0.470257368755627,2.80352561771848,162008.965079231,-143473.307954607,TRUE,FALSE,TRUE
15,196712,"p","2020-02-18 10:37:00",1025.78333333333,TRUE,1025.7,0.0833333333298469,FALSE,TRUE,39.1881154055667,0.130627051357354,0.470257384886475,2.4725732881454,162046.019015261,-143486.610059578,TRUE,FALSE,TRUE
15,196712,"p","2020-02-18 10:42:00",1025.86666666667,TRUE,1025.78333333333,0.0833333333400788,FALSE,TRUE,39.188116752027,0.130627055829516,0.470257400986259,2.45024450891064,162083.072951293,-143499.912164543,TRUE,FALSE,TRUE
15,196712,"p","2020-02-18 10:47:00",1025.95,TRUE,1025.86666666667,0.0833333333300743,FALSE,TRUE,39.1881180942291,0.130627060319206,0.47025741714914,2.42476075525305,162120.126887324,-143513.214269525,TRUE,FALSE,TRUE
15,196712,"p","2020-02-18 10:52:00",1026.03333333333,TRUE,1025.95,0.0833333333298469,FALSE,TRUE,39.1881194394324,0.130627064803573,0.470257433292863,2.39927700691728,162157.180823355,-143526.516374494,TRUE,FALSE,TRUE
15,196712,"p","2020-02-18 10:57:00",1026.11666666667,TRUE,1026.03333333333,0.0833333333400788,FALSE,TRUE,38.3577410885119,0.127859136951357,0.460292893024884,2.3735164706711,162193.694544895,-143538.835881662,TRUE,FALSE,TRUE
15,196712,"p","2020-02-18 11:02:00",1026.2,TRUE,1026.11666666667,0.0833333333300743,FALSE,TRUE,178.645263736678,0.595484212478882,2.14374316492397,2.39554481445412,162131.102446916,-143370.891507682,TRUE,FALSE,TRUE
15,196712,"p","2020-02-18 11:07:00",1026.28333333333,TRUE,1026.2,0.0833333333298469,FALSE,TRUE,179.75094688409,0.599169822972033,2.15701136269932,2.19069802950628,162067.970134448,-143201.964535902,TRUE,FALSE,TRUE
15,196712,"p","2020-02-18 11:12:00",1026.36666666667,TRUE,1026.28333333333,0.0833333333400788,FALSE,TRUE,179.75094567572,0.599169818870568,2.15701134793404,2.02925782947417,162004.837821979,-143033.037564118,TRUE,FALSE,TRUE
15,196712,"o","2020-02-18 11:17:00",1026.45,TRUE,1026.36666666667,0.0833333333300743,FALSE,TRUE,178.832295845491,0.596107652841617,2.14598755022982,2.07638134088993,161942.740851823,-142864.710107878,TRUE,FALSE,TRUE
15,196712,"p","2020-02-18 11:22:00",1026.53333333333,TRUE,1026.45,0.0833333333298469,FALSE,TRUE,139.8762955127,0.466254318395173,1.67851554622262,2.10409783993065,162070.58408187,-142806.36763114,TRUE,FALSE,TRUE
15,196712,"o","2020-02-18 11:26:00",1026.6,TRUE,1026.53333333333,0.0666666666700166,FALSE,TRUE,110.42719580528,0.460113315832213,1.65640793699597,2.13120023783635,162171.764334473,-142760.864477837,TRUE,FALSE,TRUE
15,196712,"p","2020-02-18 11:27:00",1026.61666666667,TRUE,1026.6,0.0166666666700621,FALSE,TRUE,45.4079645578232,0.756799409142873,2.72447787291434,2.18797124420012,162128.150753396,-142774.2627467,TRUE,FALSE,TRUE
15,196712,"p","2020-02-18 11:32:00",1026.7,TRUE,1026.61666666667,0.0833333333300743,FALSE,TRUE,237.196186450807,0.790653954866944,2.846354237521,2.24828101962753,161900.469821698,-142844.710169226,TRUE,FALSE,TRUE
15,196712,"p","2020-02-18 11:37:00",1026.78333333333,TRUE,1026.7,0.0833333333298469,FALSE,TRUE,237.19612406489,0.790653746916047,2.84635348889777,2.24275272155639,161672.788889984,-142915.157591761,TRUE,FALSE,TRUE
15,196712,"p","2020-02-18 11:42:00",1026.86666666667,TRUE,1026.78333333333,0.0833333333400788,FALSE,TRUE,237.196061747771,0.790653539095236,2.84635274074285,2.2367531266585,161445.10795827,-142985.605014293,TRUE,FALSE,TRUE
15,196712,"p","2020-02-18 11:47:00",1026.95,TRUE,1026.86666666667,0.0833333333300743,FALSE,TRUE,237.195999519516,0.790653331762642,2.84635199434551,2.2307534969081,161217.427026555,-143056.052436819,TRUE,FALSE,TRUE
15,196712,"p","2020-02-18 11:52:00",1027.03333333333,TRUE,1026.95,0.0833333333298469,FALSE,TRUE,237.195937377427,0.790653124624503,2.84635124864821,2.22502951860625,160989.746094839,-143126.499859359,TRUE,FALSE,TRUE
15,196712,"o","2020-02-18 11:54:00",1027.06666666667,TRUE,1027.03333333333,0.0333333333401242,FALSE,TRUE,95.0951546790482,0.792459622163956,2.85285463979024,2.24690144899326,160898.601902206,-143155.178663492,TRUE,FALSE,TRUE
15,196712,"p","2020-02-18 11:57:00",1027.11666666667,TRUE,1027.06666666667,0.0499999999999545,FALSE,TRUE,173.511175230224,0.963950973502119,3.47022350460763,2.28588473076387,160754.073480707,-143252.565862319,TRUE,FALSE,TRUE
15,196712,"p","2020-02-18 12:02:00",1027.2,TRUE,1027.11666666667,0.0833333333300743,FALSE,TRUE,289.749162522214,0.965830541778487,3.47698995040255,2.32505597275081,160513.073078296,-143415.710918878,TRUE,FALSE,TRUE
15,196712,"p","2020-02-18 12:07:00",1027.28333333333,TRUE,1027.2,0.0833333333298469,FALSE,TRUE,289.749073751386,0.965830245878361,3.4769888851621,2.36422718851065,160272.072675884,-143578.855975454,TRUE,FALSE,TRUE
15,196712,"p","2020-02-18 12:12:00",1027.36666666667,TRUE,1027.28333333333,0.0833333333400788,FALSE,TRUE,289.74898513703,0.965829950378588,3.47698782136292,2.40339837807882,160031.072273473,-143742.001032012,TRUE,FALSE,TRUE
15,196712,"p","2020-02-18 12:17:00",1027.45,TRUE,1027.36666666667,0.0833333333300743,FALSE,TRUE,289.748896683693,0.965829655650083,3.4769867603403,2.44292968567175,159790.071871062,-143905.146088594,TRUE,FALSE,TRUE
15,196712,"p","2020-02-18 12:22:00",1027.53333333333,TRUE,1027.45,0.0833333333298469,FALSE,TRUE,289.748808386874,0.965829361329988,3.47698570078796,2.53433140862118,159549.07146865,-144068.291145157,TRUE,FALSE,TRUE
15,196712,"p","2020-02-18 12:27:00",1027.61666666667,TRUE,1027.53333333333,0.0833333333400788,FALSE,TRUE,289.74872024671,0.965829067410854,3.47698464267907,2.57892271704601,159308.071066238,-144231.436201728,TRUE,FALSE,TRUE
15,196712,"p","2020-02-18 12:32:00",1027.7,TRUE,1027.61666666667,0.0833333333300743,FALSE,TRUE,289.748632264152,0.965828774251613,3.47698358730581,2.62322283739791,159067.070663828,-144394.581258298,TRUE,FALSE,TRUE
15,196712,"p","2020-02-18 12:37:00",1027.78333333333,TRUE,1027.7,0.0833333333298469,FALSE,TRUE,289.748544444357,0.965828481521599,3.47698253347776,2.66752291955923,158826.070261416,-144557.726314869,TRUE,FALSE,TRUE
15,196712,"p","2020-02-18 12:42:00",1027.86666666667,TRUE,1027.78333333333,0.0833333333400788,FALSE,TRUE,289.748456771735,0.965828189160939,3.47698148097938,2.7118229635456,158585.069858982,-144720.871371389,TRUE,FALSE,TRUE
15,196712,"o","2020-02-18 12:43:00",1027.88333333333,TRUE,1027.86666666667,0.0166666666600577,FALSE,TRUE,57.4984721061192,0.958307868815327,3.44990832773518,2.75809189682934,158534.329161809,-144748.470132411,TRUE,FALSE,TRUE
15,196712,"p","2020-02-18 12:47:00",1027.95,TRUE,1027.88333333333,0.0666666666700166,FALSE,TRUE,830.327728827863,3.45969886994225,12.4549159317921,2.7627976218756,157967.130500809,-144137.702628811,TRUE,FALSE,TRUE
15,196712,"p","2020-02-18 12:52:00",1028.03333333333,TRUE,1027.95,0.0833333333298469,FALSE,TRUE,1044.65707061446,3.4821902355272,12.5358848478979,2.76130164236415,157254.956403663,-143367.955436375,TRUE,FALSE,TRUE
15,196712,"o","2020-02-18 12:56:00",1028.1,TRUE,1028.03333333333,0.0666666666700166,FALSE,TRUE,829.30850379311,3.45545209896432,12.4396275562716,3.10037657138307,156689.93971218,-142756.565154666,TRUE,FALSE,TRUE
15,196712,"p","2020-02-18 12:57:00",1028.11666666667,TRUE,1028.1,0.0166666666700621,FALSE,TRUE,28.3378134041486,0.472296889972924,1.70026880390253,3.13454355705016,156717.949099179,-142761.687053729,TRUE,FALSE,TRUE
15,196712,"p","2020-02-18 13:02:00",1028.2,TRUE,1028.11666666667,0.0833333333300743,FALSE,TRUE,169.656909822561,0.565523032763988,2.03588291795036,3.1780331565337,156881.608965087,-142809.333909974,TRUE,FALSE,TRUE
15,196712,"p","2020-02-18 13:07:00",1028.28333333333,TRUE,1028.2,0.0833333333298469,FALSE,TRUE,169.656935265005,0.565523117573676,2.03588322326523,3.22152276405226,157045.268831038,-142856.980766247,TRUE,FALSE,TRUE
15,196712,"o","2020-02-18 13:10:00",1028.33333333333,TRUE,1028.28333333333,0.0500000000001819,FALSE,TRUE,100.085301424284,0.55602945235511,2.0017060284784,3.26406300460011,157141.398238342,-142886.481427538,TRUE,FALSE,TRUE
15,196712,"p","2020-02-18 13:12:00",1028.36666666667,TRUE,1028.33333333333,0.0333333333398969,FALSE,TRUE,120.852561280984,1.00710467714323,3.62557683771561,3.3517107671787,157055.629505592,-142972.322742402,TRUE,FALSE,TRUE
15,196712,"p","2020-02-18 13:17:00",1028.45,TRUE,1028.36666666667,0.0833333333300743,FALSE,TRUE,307.378443659291,1.02459481223771,3.68854132405575,3.44110754281952,156836.041393054,-143189.207398335,TRUE,FALSE,TRUE
15,196712,"p","2020-02-18 13:22:00",1028.53333333333,TRUE,1028.45,0.0833333333298469,FALSE,TRUE,307.378352116909,1.02459450709923,3.68854022555722,3.53050428749752,156616.453280516,-143406.092054279,TRUE,FALSE,TRUE
15,196712,"p","2020-02-18 13:27:00",1028.61666666667,TRUE,1028.53333333333,0.0833333333400788,FALSE,TRUE,307.378260764403,1.02459420246507,3.68853912887426,3.61990100126367,156396.865167978,-143622.976710217,TRUE,FALSE,TRUE
15,196712,"p","2020-02-18 13:32:00",1028.7,TRUE,1028.61666666667,0.0833333333300743,FALSE,TRUE,307.378169598135,1.02459389870052,3.68853803532187,3.70957447743859,156177.277055439,-143839.861366165,TRUE,FALSE,TRUE
15,196712,"p","2020-02-18 13:37:00",1028.78333333333,TRUE,1028.7,0.0833333333298469,FALSE,TRUE,307.378078621705,1.02459359544855,3.68853694361478,3.75248541573555,155957.6889429,-144056.746022101,TRUE,FALSE,TRUE
15,196712,"p","2020-02-18 13:42:00",1028.86666666667,TRUE,1028.78333333333,0.0833333333400788,FALSE,TRUE,307.377987831032,1.02459329268717,3.68853585367382,3.79502776270707,155738.100830361,-144273.630678043,TRUE,FALSE,TRUE
15,196712,"p","2020-02-18 13:47:00",1028.95,TRUE,1028.86666666667,0.0833333333300743,FALSE,TRUE,307.377897229791,1.02459299080604,3.68853476690174,3.83757007990061,155518.512717822,-144490.515333989,TRUE,FALSE,TRUE
15,196712,"p","2020-02-18 13:52:00",1029.03333333333,TRUE,1028.95,0.0833333333298469,FALSE,TRUE,307.377806816287,1.02459268943049,3.68853368194976,3.8804185835595,155298.924605284,-144707.399989934,TRUE,FALSE,TRUE
15,196712,"p","2020-02-18 13:57:00",1029.11666666667,TRUE,1029.03333333333,0.0833333333400788,FALSE,TRUE,307.377716589618,1.02459238854912,3.68853259877684,3.9362523905749,155079.336492746,-144924.284645871,TRUE,FALSE,TRUE
15,196712,"p","2020-02-18 14:02:00",1029.2,TRUE,1029.11666666667,0.0833333333300743,FALSE,TRUE,307.377626551979,1.02459208854667,3.688531518768,3.99270026784634,154859.748380207,-145141.169301812,TRUE,FALSE,TRUE
15,196712,"p","2020-02-18 14:07:00",1029.28333333333,TRUE,1029.2,0.0833333333298469,FALSE,TRUE,307.37753670382,1.0245917890556,3.68853044060016,4.01947950583761,154640.160267668,-145358.053957746,TRUE,FALSE,TRUE
15,196712,"p","2020-02-18 14:12:00",1029.36666666667,TRUE,1029.28333333333,0.0833333333400788,FALSE,TRUE,307.377447041113,1.02459149005411,3.68852936419479,4.04287325935633,154420.57215513,-145574.938613689,TRUE,FALSE,TRUE
15,196712,"p","2020-02-18 14:17:00",1029.45,TRUE,1029.36666666667,0.0833333333300743,FALSE,TRUE,307.377357569548,1.02459119193856,3.68852829097882,4.06626700385858,154200.984042591,-145791.82326963,TRUE,FALSE,TRUE
15,196712,"p","2020-02-18 14:22:00",1029.53333333333,TRUE,1029.45,0.0833333333298469,FALSE,TRUE,307.377268283472,1.02459089432111,3.68852721955598,4.08966073938117,153981.395930053,-146008.707925575,TRUE,FALSE,TRUE
15,196712,"p","2020-02-18 14:27:00",1029.61666666667,TRUE,1029.53333333333,0.0833333333400788,FALSE,TRUE,307.377179184666,1.02459059719928,3.68852614991742,4.11305446592483,153761.807817514,-146225.592581515,TRUE,FALSE,TRUE
15,196712,"p","2020-02-18 14:32:00",1029.7,TRUE,1029.61666666667,0.0833333333300743,FALSE,TRUE,307.377090275744,1.02459030095922,3.68852508345318,4.13644818355831,153542.219704976,-146442.477237453,TRUE,FALSE,TRUE
15,196712,"o","2020-02-18 14:34:00",1029.73333333333,TRUE,1029.7,0.0333333333298924,FALSE,TRUE,122.00262845493,1.0166885705627,3.66007885402572,4.15887107839818,153454.689572807,-146528.184873197,TRUE,FALSE,TRUE
15,196712,"p","2020-02-18 14:37:00",1029.78333333333,TRUE,1029.73333333333,0.0499999999999545,FALSE,TRUE,98.7284658967634,0.54849147720474,1.97456931793706,4.11732512876844,153356.582675279,-146542.94422162,TRUE,FALSE,TRUE
15,196712,"p","2020-02-18 14:42:00",1029.86666666667,TRUE,1029.78333333333,0.0833333333400788,FALSE,TRUE,163.796527827815,0.545988426048521,1.96555833377468,4.07534091719544,153193.579700807,-146565.799424608,TRUE,FALSE,TRUE
15,196712,"p","2020-02-18 14:47:00",1029.95,TRUE,1029.86666666667,0.0833333333300743,FALSE,TRUE,163.796500127979,0.545988333781282,1.96555800161261,4.03335672598574,153030.576726338,-146588.654627585,TRUE,FALSE,TRUE
15,196712,"p","2020-02-18 14:52:00",1030.03333333333,TRUE,1029.95,0.0833333333298469,FALSE,TRUE,163.796472459672,0.545988241555082,1.96555766959829,3.99137255510339,152867.573751868,-146611.509830567,TRUE,FALSE,TRUE
15,196712,"p","2020-02-18 14:57:00",1030.11666666667,TRUE,1030.03333333333,0.0833333333400788,FALSE,TRUE,163.796444817394,0.545988149347119,1.96555733764963,3.94938840447309,152704.570777398,-146634.365033557,TRUE,FALSE,TRUE
15,196712,"p","2020-02-18 15:02:00",1030.2,TRUE,1030.11666666667,0.0833333333300743,FALSE,TRUE,163.796417204465,0.54598805736957,1.96555700653045,3.90740427407705,152541.567802928,-146657.220236538,TRUE,FALSE,TRUE
15,196712,"p","2020-02-18 15:07:00",1030.28333333333,TRUE,1030.2,0.0833333333298469,FALSE,TRUE,163.796389622446,0.545987965430994,1.96555667555158,3.86542016387906,152378.564828458,-146680.075439514,TRUE,FALSE,TRUE
15,196712,"p","2020-02-18 15:12:00",1030.36666666667,TRUE,1030.28333333333,0.0833333333400788,FALSE,TRUE,163.796362066986,0.545987873512426,1.96555634464473,3.82343607380514,152215.561853988,-146702.930642492,TRUE,FALSE,TRUE
15,196712,"p","2020-02-18 15:17:00",1030.45,TRUE,1030.36666666667,0.0833333333300743,FALSE,TRUE,163.796334539574,0.545987781819932,1.96555601455176,3.78145200383498,152052.558879518,-146725.785845474,TRUE,FALSE,TRUE
15,196712,"p","2020-02-18 15:22:00",1030.53333333333,TRUE,1030.45,0.0833333333298469,FALSE,TRUE,163.796307043172,0.545987690166748,1.96555568460029,3.73946795393556,151889.555905047,-146748.641048464,TRUE,FALSE,TRUE
15,196712,"p","2020-02-18 15:27:00",1030.61666666667,TRUE,1030.53333333333,0.0833333333400788,FALSE,TRUE,163.7962795741,0.545987598536139,1.9655553547301,3.69823592690764,151726.552930578,-146771.496251446,TRUE,FALSE,TRUE
15,196712,"p","2020-02-18 15:32:00",1030.7,TRUE,1030.61666666667,0.0833333333300743,FALSE,TRUE,163.796252133813,0.545987507134063,1.96555502568263,3.40686479062682,151563.549956108,-146794.351454423,TRUE,FALSE,TRUE
15,196712,"p","2020-02-18 15:37:00",1030.78333333333,TRUE,1030.7,0.0833333333298469,FALSE,TRUE,163.796224723188,0.545987415766803,1.96555469676049,3.11324450865078,151400.546981638,-146817.206657402,TRUE,FALSE,TRUE
15,196712,"p","2020-02-18 15:42:00",1030.86666666667,TRUE,1030.78333333333,0.0833333333400788,FALSE,TRUE,163.79619733979,0.545987324421771,1.96555436791838,2.82229803119653,151237.544007169,-146840.061860383,TRUE,FALSE,TRUE
15,196712,"p","2020-02-18 15:47:00",1030.95,TRUE,1030.86666666667,0.0833333333300743,FALSE,TRUE,163.796169987365,0.545987233312568,1.96555403992524,2.82966706553049,151074.541032698,-146862.91706337,TRUE,FALSE,TRUE
15,196712,"p","2020-02-18 15:52:00",1031.03333333333,TRUE,1030.95,0.0833333333298469,FALSE,TRUE,163.796142662322,0.545987142230583,1.9655537120301,2.82771347647715,150911.538058227,-146885.772266359,TRUE,FALSE,TRUE
15,196712,"p","2020-02-18 15:57:00",1031.11666666667,TRUE,1031.03333333333,0.0833333333400788,FALSE,TRUE,163.796115364904,0.545987051172153,1.96555338421975,2.825759869837,150748.535083758,-146908.627469333,TRUE,FALSE,TRUE
15,196712,"p","2020-02-18 16:02:00",1031.2,TRUE,1031.11666666667,0.0833333333300743,FALSE,TRUE,163.79608809664,0.545986960343484,1.96555305723654,2.82475562063583,150585.532109288,-146931.482672311,TRUE,FALSE,TRUE
15,196712,"p","2020-02-18 16:07:00",1031.28333333333,TRUE,1031.2,0.0833333333298469,FALSE,TRUE,163.796060859439,0.545986869554306,1.9655527303955,2.77864383987694,150422.529134818,-146954.337875291,TRUE,FALSE,TRUE
15,196712,"o","2020-02-18 16:09:00",1031.31666666667,TRUE,1031.28333333333,0.0333333333401242,FALSE,TRUE,65.5652790064585,0.546377324942509,1.96695836979303,2.73082209114742,150357.300129865,-146963.619423313,TRUE,FALSE,TRUE
15,196712,"p","2020-02-18 16:12:00",1031.36666666667,TRUE,1031.31666666667,0.0499999999999545,FALSE,TRUE,104.477907916013,0.580432821756157,2.08955815832217,2.68640592261312,150256.43105974,-146992.712090109,TRUE,FALSE,TRUE
15,196712,"p","2020-02-18 16:17:00",1031.45,TRUE,1031.36666666667,0.0833333333300743,FALSE,TRUE,174.238553091393,0.580795176994024,2.09086263717849,2.64202602006601,150088.269584257,-147041.4323128,TRUE,FALSE,TRUE
15,196712,"p","2020-02-18 16:22:00",1031.53333333333,TRUE,1031.45,0.0833333333298469,FALSE,TRUE,174.238521902747,0.580795073033455,2.09086226292044,2.5976461374993,149920.108108774,-147090.152535487,TRUE,FALSE,TRUE
15,196712,"p","2020-02-18 16:27:00",1031.61666666667,TRUE,1031.53333333333,0.0833333333400788,FALSE,TRUE,174.238490746818,0.580794969109049,2.09086188879258,2.55326627486535,149751.946633292,-147138.872758174,TRUE,FALSE,TRUE
15,196712,"p","2020-02-18 16:32:00",1031.7,TRUE,1031.61666666667,0.0833333333300743,FALSE,TRUE,174.238459626758,0.580794865445241,2.09086151560287,2.50888643214116,149583.785157809,-147187.592980863,TRUE,FALSE,TRUE
15,196712,"p","2020-02-18 16:37:00",1031.78333333333,TRUE,1031.7,0.0833333333298469,FALSE,TRUE,174.2384285409,0.5807947618273,2.09086114257828,2.46450660924329,149415.623682325,-147236.31320356,TRUE,FALSE,TRUE
15,196712,"p","2020-02-18 16:42:00",1031.86666666667,TRUE,1031.78333333333,0.0833333333400788,FALSE,TRUE,174.238397488593,0.580794658248298,2.09086076969387,2.42012680612507,149247.462206842,-147285.033426247,TRUE,FALSE,TRUE
15,196712,"p","2020-02-18 16:47:00",1031.95,TRUE,1031.86666666667,0.0833333333300743,FALSE,TRUE,174.238366470538,0.580794554924506,2.09086039772822,2.37574702276261,149079.300731361,-147333.753648937,TRUE,FALSE,TRUE
15,196712,"p","2020-02-18 16:52:00",1032.03333333333,TRUE,1031.95,0.0833333333298469,FALSE,TRUE,174.238335489942,0.580794451657439,2.09086002596678,2.33136725907368,148911.139255877,-147382.473871625,TRUE,FALSE,TRUE
15,196712,"p","2020-02-18 16:57:00",1032.11666666667,TRUE,1032.03333333333,0.0833333333400788,FALSE,TRUE,174.238304541593,0.580794348424966,2.09085965432988,2.28698751501062,148742.977780394,-147431.194094318,TRUE,FALSE,TRUE
15,196712,"p","2020-02-18 17:02:00",1032.2,TRUE,1032.11666666667,0.0833333333300743,FALSE,TRUE,174.238273627257,0.580794245446904,2.09085928360885,2.2426077905499,148574.816304911,-147479.914317011,TRUE,FALSE,TRUE
15,196712,"p","2020-02-18 17:07:00",1032.28333333333,TRUE,1032.2,0.0833333333298469,FALSE,TRUE,174.23824274843,0.580794142519065,2.09085891306863,2.19822808560795,148406.654829428,-147528.6345397,TRUE,FALSE,TRUE
15,196712,"p","2020-02-18 17:12:00",1032.36666666667,TRUE,1032.28333333333,0.0833333333400788,FALSE,TRUE,174.238211904622,0.580794039635062,2.09085854268623,2.15384840013935,148238.493353945,-147577.35476239,TRUE,FALSE,TRUE
15,196712,"o","2020-02-18 17:16:00",1032.43333333333,TRUE,1032.36666666667,0.0666666666600122,FALSE,TRUE,138.490849209672,0.577045205097898,2.07736273835243,2.10909386092921,148104.51013888,-147614.95234871,TRUE,FALSE,TRUE
15,196712,"p","2020-02-18 17:17:00",1032.45,TRUE,1032.43333333333,0.0166666666700621,FALSE,TRUE,42.2290213019439,0.703817021555679,2.53374127760044,2.07701653298885,148090.582433882,-147574.941242297,TRUE,FALSE,TRUE
15,196712,"p","2020-02-18 17:22:00",1032.53333333333,TRUE,1032.45,0.0833333333298469,FALSE,TRUE,216.797695822313,0.72265898610461,2.6015723499766,2.04761357454304,148023.673735468,-147367.992751152,TRUE,FALSE,TRUE
15,196712,"p","2020-02-18 17:27:00",1032.61666666667,TRUE,1032.53333333333,0.0833333333400788,FALSE,TRUE,216.797696544161,0.72265898842204,2.60157235831934,2.06503032566477,147956.765037059,-147161.044259997,TRUE,FALSE,TRUE
15,196712,"p","2020-02-18 17:32:00",1032.7,TRUE,1032.61666666667,0.0833333333300743,FALSE,TRUE,216.79769732195,0.722658991101427,2.60157236796514,2.08269738217007,147889.85633865,-146954.095768848,TRUE,FALSE,TRUE
15,196712,"p","2020-02-18 17:37:00",1032.78333333333,TRUE,1032.7,0.0833333333298469,FALSE,TRUE,216.797698162696,0.722658993905887,2.60157237806119,2.10036444818253,147822.94764024,-146747.147277688,TRUE,FALSE,TRUE
15,196712,"p","2020-02-18 17:42:00",1032.86666666667,TRUE,1032.78333333333,0.0833333333400788,FALSE,TRUE,216.797699071346,0.722658996845991,2.60157238864557,2.11803152371162,147756.038941832,-146540.198786532,TRUE,FALSE,TRUE
15,196712,"p","2020-02-18 17:47:00",1032.95,TRUE,1032.86666666667,0.0833333333300743,FALSE,TRUE,216.797700042864,0.722659000171141,2.60157240061611,2.13569860879402,147689.130243423,-146333.250295379,TRUE,FALSE,TRUE
15,196712,"o","2020-02-18 17:51:00",1033.01666666667,TRUE,1032.95,0.0666666666700166,FALSE,TRUE,172.521114143822,0.718837975563136,2.58781671202729,2.15298360061338,147635.95785797,-146168.543842552,TRUE,FALSE,TRUE
15,196712,"p","2020-02-18 17:52:00",1033.03333333333,TRUE,1033.01666666667,0.0166666666598303,FALSE,TRUE,10.6108557473327,0.176847595861418,0.636651345101105,2.11606956365642,147635.373123438,-146157.91619397,TRUE,FALSE,TRUE
15,196712,"p","2020-02-18 17:57:00",1033.11666666667,TRUE,1033.03333333333,0.0833333333400788,FALSE,TRUE,48.7390688282923,0.162463562747824,0.584868825892165,2.07771713257996,147634.222317131,-146109.039651502,TRUE,FALSE,TRUE
15,196712,"p","2020-02-18 18:02:00",1033.2,TRUE,1033.11666666667,0.0833333333300743,FALSE,TRUE,48.7390695573233,0.162463565197431,0.584868834710752,2.03936471091771,147633.071510827,-146060.163109042,TRUE,FALSE,TRUE
15,196712,"p","2020-02-18 18:07:00",1033.28333333333,TRUE,1033.2,0.0833333333298469,FALSE,TRUE,48.7390702993904,0.162463567671432,0.584868843617154,2.00101229866818,147631.920704523,-146011.286566577,TRUE,FALSE,TRUE
15,196712,"p","2020-02-18 18:12:00",1033.36666666667,TRUE,1033.28333333333,0.0833333333400788,FALSE,TRUE,48.7390710386686,0.162463570115745,0.584868852416681,1.96265989582614,147630.76989822,-145962.410024115,TRUE,FALSE,TRUE
15,196712,"p","2020-02-18 18:17:00",1033.45,TRUE,1033.36666666667,0.0833333333300743,FALSE,TRUE,48.7390717782246,0.162463572600436,0.584868861361568,1.92430750237277,147629.619091916,-145913.533481652,TRUE,FALSE,TRUE
15,196712,"p","2020-02-18 18:22:00",1033.53333333333,TRUE,1033.45,0.0833333333298469,FALSE,TRUE,48.7390725234636,0.162463575085009,0.584868870306032,1.88595511830459,147628.468285612,-145864.656939195,TRUE,FALSE,TRUE
15,196712,"p","2020-02-18 18:27:00",1033.61666666667,TRUE,1033.53333333333,0.0833333333400788,FALSE,TRUE,48.7390732660145,0.162463577540231,0.584868879144832,1.84760274361644,147627.317479308,-145815.780396732,TRUE,FALSE,TRUE
15,196712,"p","2020-02-18 18:32:00",1033.7,TRUE,1033.61666666667,0.0833333333300743,FALSE,TRUE,48.7390740086752,0.162463580035271,0.584868888126975,1.80925037828871,147626.166673004,-145766.903854266,TRUE,FALSE,TRUE
15,196712,"p","2020-02-18 18:37:00",1033.78333333333,TRUE,1033.7,0.0833333333298469,FALSE,TRUE,48.7390747556984,0.162463582525792,0.58486889709285,1.77089802231823,147625.0158667,-145718.027311813,TRUE,FALSE,TRUE
15,196712,"p","2020-02-18 18:42:00",1033.86666666667,TRUE,1033.78333333333,0.0833333333400788,FALSE,TRUE,48.7390754985674,0.162463584982074,0.584868905935466,1.73254567569922,147623.865060397,-145669.150769345,TRUE,FALSE,TRUE
15,196712,"p","2020-02-18 18:47:00",1033.95,TRUE,1033.86666666667,0.0833333333300743,FALSE,TRUE,48.7390762444785,0.162463587487949,0.584868914956615,1.69419333841367,147622.714254093,-145620.274226889,TRUE,FALSE,TRUE
15,196712,"o","2020-02-18 18:50:00",1034,TRUE,1033.95,0.0499999999999545,FALSE,TRUE,33.7578934063532,0.187543852257688,0.675157868127677,1.65834903668401,147626.473758184,-145586.619567711,TRUE,FALSE,TRUE
15,196712,"p","2020-02-18 18:52:00",1034.03333333333,TRUE,1034,0.0333333333298924,FALSE,TRUE,465.954552770621,3.88295460682267,13.9786365845616,1.99200676487202,147951.674986102,-145250.281092666,TRUE,FALSE,TRUE
15,196712,"o","2020-02-18 18:56:00",1034.1,TRUE,1034.03333333333,0.0666666666700166,FALSE,TRUE,936.216076424161,3.90090031823799,14.0432411456567,2.32405351452021,148605.05750247,-144574.471154502,TRUE,FALSE,TRUE
15,196712,"p","2020-02-18 18:57:00",1034.11666666667,TRUE,1034.1,0.0166666666700621,FALSE,TRUE,56.5654646638583,0.942757744205574,3.39392787914006,2.36024977124136,148556.225762132,-144603.523108672,TRUE,FALSE,TRUE
15,196712,"p","2020-02-18 19:02:00",1034.2,TRUE,1034.11666666667,0.0833333333300743,FALSE,TRUE,322.337865576521,1.07445955196376,3.86805438706953,2.40961621913439,148282.467484668,-144776.405275798,TRUE,FALSE,TRUE
15,196712,"p","2020-02-18 19:07:00",1034.28333333333,TRUE,1034.2,0.0833333333298469,FALSE,TRUE,322.337762307503,1.07445920773663,3.86805314785186,2.45898264299715,148008.709207152,-144949.287442982,TRUE,FALSE,TRUE
15,196712,"p","2020-02-18 19:12:00",1034.36666666667,TRUE,1034.28333333333,0.0833333333400788,FALSE,TRUE,322.337659184255,1.07445886386054,3.86805190989796,2.50834904283868,147734.950929637,-145122.169610152,TRUE,FALSE,TRUE
15,196712,"p","2020-02-18 19:17:00",1034.45,TRUE,1034.36666666667,0.0833333333300743,FALSE,TRUE,322.337556279404,1.07445852097337,3.86805067550413,2.55771541875329,147461.192652121,-145295.05177733,TRUE,FALSE,TRUE
15,196712,"p","2020-02-18 19:22:00",1034.53333333333,TRUE,1034.45,0.0833333333298469,FALSE,TRUE,322.337453589953,1.07445817867813,3.86804944324126,2.60708177079627,147187.434374605,-145467.933944507,TRUE,FALSE,TRUE
15,196712,"p","2020-02-18 19:27:00",1034.61666666667,TRUE,1034.53333333333,0.0833333333400788,FALSE,TRUE,322.337351122009,1.07445783698639,3.86804821315101,2.65644809900246,146913.676097089,-145640.816111686,TRUE,FALSE,TRUE
15,196712,"o","2020-02-18 19:32:00",1034.7,TRUE,1034.61666666667,0.0833333333300743,FALSE,TRUE,321.129089993955,1.07043030002171,3.85354908007817,2.70541168383889,146640.798989053,-145812.821403712,TRUE,FALSE,TRUE
15,196712,"p","2020-02-18 19:37:00",1034.78333333333,TRUE,1034.7,0.0833333333298469,FALSE,TRUE,111.231620415209,0.370772068066207,1.33477944503835,2.68440945580301,146529.578084433,-145823.958312561,TRUE,FALSE,TRUE
15,196712,"p","2020-02-18 19:42:00",1034.86666666667,TRUE,1034.78333333333,0.0833333333400788,FALSE,TRUE,110.274790592625,0.367582635278997,1.32329748700439,2.66308829478622,146419.238349293,-145834.218346247,TRUE,FALSE,TRUE
15,196712,"p","2020-02-18 19:47:00",1034.95,TRUE,1034.86666666667,0.0833333333300743,FALSE,TRUE,110.27477868282,0.367582595623777,1.3232973442456,2.64176714009669,146308.898614153,-145844.478379935,TRUE,FALSE,TRUE
15,196712,"p","2020-02-18 19:52:00",1035.03333333333,TRUE,1034.95,0.0833333333298469,FALSE,TRUE,110.274766782716,0.367582555957765,1.32329720144795,2.62044599172896,146198.558879013,-145854.738413621,TRUE,FALSE,TRUE
15,196712,"p","2020-02-18 19:57:00",1035.11666666667,TRUE,1035.03333333333,0.0833333333400788,FALSE,TRUE,110.274754889908,0.36758251626994,1.32329705857179,2.59949972284617,146088.219143873,-145864.998447317,TRUE,FALSE,TRUE
15,196712,"p","2020-02-18 20:02:00",1035.2,TRUE,1035.11666666667,0.0833333333300743,FALSE,TRUE,110.27474300662,0.367582476703109,1.32329691613119,2.56587626836091,145977.879408733,-145875.258480996,TRUE,FALSE,TRUE
15,196712,"p","2020-02-18 20:07:00",1035.28333333333,TRUE,1035.2,0.0833333333298469,FALSE,TRUE,110.274731133026,0.367582437125466,1.32329677365168,2.53036861346299,145867.539673592,-145885.51851469,TRUE,FALSE,TRUE
15,196712,"p","2020-02-18 20:12:00",1035.36666666667,TRUE,1035.28333333333,0.0833333333400788,FALSE,TRUE,110.274719266792,0.36758239752622,1.32329663109439,2.49486095437341,145757.199938453,-145895.778548374,TRUE,FALSE,TRUE
15,196712,"p","2020-02-18 20:17:00",1035.45,TRUE,1035.36666666667,0.0833333333300743,FALSE,TRUE,110.274707408809,0.367582358043738,1.32329648895746,2.45935329106764,145646.860203314,-145906.038582064,TRUE,FALSE,TRUE
15,196712,"p","2020-02-18 20:22:00",1035.53333333333,TRUE,1035.45,0.0833333333298469,FALSE,TRUE,110.274695561811,0.36758231855475,1.3232963467971,2.42384562353253,145536.520468174,-145916.298615751,TRUE,FALSE,TRUE
15,196712,"p","2020-02-18 20:27:00",1035.61666666667,TRUE,1035.53333333333,0.0833333333400788,FALSE,TRUE,110.274683722549,0.367582279045409,1.32329620456347,2.38833795175247,145426.180733033,-145926.558649445,TRUE,FALSE,TRUE
15,196712,"p","2020-02-18 20:32:00",1035.7,TRUE,1035.61666666667,0.0833333333300743,FALSE,TRUE,110.274671891935,0.367582239654159,1.32329606275497,2.35283027570077,145315.840997893,-145936.818683132,TRUE,FALSE,TRUE
15,196712,"p","2020-02-18 20:37:00",1035.78333333333,TRUE,1035.7,0.0833333333298469,FALSE,TRUE,110.274660069798,0.367582200248038,1.32329592089294,2.31770469816926,145205.501262753,-145947.078716818,TRUE,FALSE,TRUE
15,196712,"p","2020-02-18 20:42:00",1035.86666666667,TRUE,1035.78333333333,0.0833333333400788,FALSE,TRUE,110.274648257229,0.367582160827677,1.32329577897964,2.33677815466589,145095.161527613,-145957.338750515,TRUE,FALSE,TRUE
15,196712,"p","2020-02-18 20:47:00",1035.95,TRUE,1035.86666666667,0.0833333333300743,FALSE,TRUE,110.274636452611,0.367582121523079,1.32329563748308,2.35729001054341,144984.821792473,-145967.598784193,TRUE,FALSE,TRUE
15,196712,"p","2020-02-18 20:52:00",1036.03333333333,TRUE,1035.95,0.0833333333298469,FALSE,TRUE,110.274624657029,0.367582082205476,1.32329549593971,2.37780186224422,144874.482057333,-145977.85881788,TRUE,FALSE,TRUE
15,196712,"p","2020-02-18 20:57:00",1036.11666666667,TRUE,1036.03333333333,0.0833333333400788,FALSE,TRUE,110.274612870318,0.367582042871307,1.3232953543367,2.39831370976421,144764.142322193,-145988.118851579,TRUE,FALSE,TRUE
15,196712,"p","2020-02-18 21:02:00",1036.2,TRUE,1036.11666666667,0.0833333333300743,FALSE,TRUE,110.274601092664,0.367582003656589,1.32329521316372,2.41882555311829,144653.802587053,-145998.378885261,TRUE,FALSE,TRUE
15,196712,"p","2020-02-18 21:07:00",1036.28333333333,TRUE,1036.2,0.0833333333298469,FALSE,TRUE,110.274589323532,0.367581964427153,1.32329507193775,2.43933739230096,144543.462851912,-146008.638918955,TRUE,FALSE,TRUE
15,196712,"p","2020-02-18 21:12:00",1036.36666666667,TRUE,1036.28333333333,0.0833333333400788,FALSE,TRUE,110.274577562926,0.367581925180001,1.323294930648,2.45984922731046,144433.123116772,-146018.898952639,TRUE,FALSE,TRUE
15,196712,"p","2020-02-18 21:17:00",1036.45,TRUE,1036.36666666667,0.0833333333300743,FALSE,TRUE,110.274565810854,0.367581886050554,1.32329478978199,2.48036105816149,144322.783381633,-146029.15898632,TRUE,FALSE,TRUE
15,196712,"p","2020-02-18 21:22:00",1036.53333333333,TRUE,1036.45,0.0833333333298469,FALSE,TRUE,110.274554068604,0.367581846910724,1.32329464887861,2.50087288484904,144212.443646493,-146039.419020012,TRUE,FALSE,TRUE
15,196712,"p","2020-02-18 21:27:00",1036.61666666667,TRUE,1036.53333333333,0.0833333333400788,FALSE,TRUE,110.274542333988,0.367581807750206,1.32329450790074,2.52138470737148,144102.103911352,-146049.6790537,TRUE,FALSE,TRUE
15,196712,"p","2020-02-18 21:32:00",1036.7,TRUE,1036.61666666667,0.0833333333300743,FALSE,TRUE,110.274530608321,0.367581768708778,1.3232943673516,2.54189652574415,143991.764176213,-146059.939087397,TRUE,FALSE,TRUE
15,196712,"p","2020-02-18 21:37:00",1036.78333333333,TRUE,1036.7,0.0833333333298469,FALSE,TRUE,110.274518893532,0.367581729660486,1.32329422677775,2.56240833996141,143881.424441072,-146070.199121079,TRUE,FALSE,TRUE
15,196712,"p","2020-02-18 21:42:00",1036.86666666667,TRUE,1036.78333333333,0.0833333333400788,FALSE,TRUE,110.27450718356,0.367581690582111,1.3232940860956,2.58041212379385,143771.084705933,-146080.45915477,TRUE,FALSE,TRUE
15,196712,"p","2020-02-18 21:47:00",1036.95,TRUE,1036.86666666667,0.0833333333300743,FALSE,TRUE,110.2744954854,0.367581651632375,1.32329394587655,2.22887482827482,143660.744970793,-146090.719188464,TRUE,FALSE,TRUE
15,196712,"p","2020-02-18 21:52:00",1037.03333333333,TRUE,1036.95,0.0833333333298469,FALSE,TRUE,110.274483795112,0.367581612665751,1.3232938055967,1.87554295771759,143550.405235653,-146100.979222146,TRUE,FALSE,TRUE
15,196712,"p","2020-02-18 21:57:00",1037.11666666667,TRUE,1037.03333333333,0.0833333333400788,FALSE,TRUE,110.274472113616,0.3675815736823,1.32329366525628,1.81802534066527,143440.065500513,-146111.239255829,TRUE,FALSE,TRUE
15,196712,"p","2020-02-18 22:02:00",1037.2,TRUE,1037.11666666667,0.0833333333300743,FALSE,TRUE,110.274460441442,0.367581534819184,1.32329352534906,1.74733753895081,143329.725765373,-146121.499289519,TRUE,FALSE,TRUE
15,196712,"p","2020-02-18 22:07:00",1037.28333333333,TRUE,1037.2,0.0833333333298469,FALSE,TRUE,110.274448776801,0.367581495938048,1.32329338537697,1.67664976777095,143219.386030233,-146131.759323213,TRUE,FALSE,TRUE
15,196712,"p","2020-02-18 22:12:00",1037.36666666667,TRUE,1037.28333333333,0.0833333333400788,FALSE,TRUE,110.274437122226,0.367581457044333,1.3232932453596,1.60596202708933,143109.046295093,-146142.019356896,TRUE,FALSE,TRUE
15,196712,"p","2020-02-18 22:17:00",1037.45,TRUE,1037.36666666667,0.0833333333300743,FALSE,TRUE,110.274425475552,0.367581418266216,1.32329310575838,1.53527431681862,142998.706559953,-146152.27939058,TRUE,FALSE,TRUE
15,196712,"p","2020-02-18 22:22:00",1037.53333333333,TRUE,1037.45,0.0833333333298469,FALSE,TRUE,110.274413838075,0.367581379475627,1.32329296611226,1.46458663689837,142888.366824812,-146162.539424272,TRUE,FALSE,TRUE
15,196712,"p","2020-02-18 22:27:00",1037.61666666667,TRUE,1037.53333333333,0.0833333333400788,FALSE,TRUE,110.274402209041,0.367581340667049,1.32329282640138,1.39389898726643,142778.027089672,-146172.799457962,TRUE,FALSE,TRUE
15,196712,"p","2020-02-18 22:32:00",1037.7,TRUE,1037.61666666667,0.0833333333300743,FALSE,TRUE,110.274390589406,0.367581301979063,1.32329268712463,1.32361408746217,142667.687354532,-146183.059491659,TRUE,FALSE,TRUE
15,196712,"p","2020-02-18 22:37:00",1037.78333333333,TRUE,1037.7,0.0833333333298469,FALSE,TRUE,110.274378977686,0.36758126327433,1.32329254778759,1.32329500698298,142557.347619392,-146193.319525346,TRUE,FALSE,TRUE
15,196712,"p","2020-02-18 22:42:00",1037.86666666667,TRUE,1037.78333333333,0.0833333333400788,FALSE,TRUE,110.274367375008,0.367581224553607,1.32329240839298,1.32329486591044,142447.007884252,-146203.579559029,TRUE,FALSE,TRUE
15,196712,"p","2020-02-18 22:47:00",1037.95,TRUE,1037.86666666667,0.0833333333300743,FALSE,TRUE,110.274355780836,0.367581185950496,1.32329226942178,1.32329472494311,142336.668149113,-146213.839592717,TRUE,FALSE,TRUE
15,196712,"p","2020-02-18 22:52:00",1038.03333333333,TRUE,1037.95,0.0833333333298469,FALSE,TRUE,110.274344197306,0.367581147339731,1.32329213042303,1.32329458408131,142226.328413972,-146224.099626404,TRUE,FALSE,TRUE
15,196712,"p","2020-02-18 22:57:00",1038.11666666667,TRUE,1038.03333333333,0.0833333333400788,FALSE,TRUE,110.274332619068,0.367581108700473,1.3232919913217,1.32329444332436,142115.988678833,-146234.359660094,TRUE,FALSE,TRUE
15,196712,"p","2020-02-18 23:02:00",1038.2,TRUE,1038.11666666667,0.0833333333300743,FALSE,TRUE,110.274321052765,0.367581070190259,1.32329185268493,1.32329430267308,142005.648943693,-146244.619693781,TRUE,FALSE,TRUE
15,196712,"p","2020-02-18 23:07:00",1038.28333333333,TRUE,1038.2,0.0833333333298469,FALSE,TRUE,110.274309494261,0.367581031662916,1.3232917139865,1.32329416212682,141895.309208552,-146254.879727471,TRUE,FALSE,TRUE
15,196712,"p","2020-02-18 23:12:00",1038.36666666667,TRUE,1038.28333333333,0.0833333333400788,FALSE,TRUE,110.274297944475,0.367580993118496,1.32329157522659,1.32329402168605,141784.969473412,-146265.139761162,TRUE,FALSE,TRUE
15,196712,"p","2020-02-18 23:17:00",1038.45,TRUE,1038.36666666667,0.0833333333300743,FALSE,TRUE,110.274286402512,0.367580954689415,1.32329143688189,1.32329388135062,141674.629738272,-146275.399794848,TRUE,FALSE,TRUE
15,196712,"p","2020-02-18 23:22:00",1038.53333333333,TRUE,1038.45,0.0833333333298469,FALSE,TRUE,110.274274870907,0.367580916251736,1.32329129850625,1.32329374112031,141564.290003132,-146285.659828531,TRUE,FALSE,TRUE
15,196712,"p","2020-02-18 23:27:00",1038.61666666667,TRUE,1038.53333333333,0.0833333333400788,FALSE,TRUE,110.274263347129,0.367580877794009,1.32329116005843,1.32329360099518,141453.950267992,-146295.919862222,TRUE,FALSE,TRUE
15,196712,"p","2020-02-18 23:32:00",1038.7,TRUE,1038.61666666667,0.0833333333300743,FALSE,TRUE,110.274251832107,0.367580839454731,1.32329102203703,1.32329346097523,141343.610532852,-146306.179895912,TRUE,FALSE,TRUE
15,196712,"p","2020-02-18 23:37:00",1038.78333333333,TRUE,1038.7,0.0833333333298469,FALSE,TRUE,110.274240326007,0.367580801102068,1.32329088396744,1.32329332106064,141233.270797712,-146316.439929604,TRUE,FALSE,TRUE
15,196712,"p","2020-02-18 23:42:00",1038.86666666667,TRUE,1038.78333333333,0.0833333333400788,FALSE,TRUE,110.274228829219,0.367580762734308,1.32329074584351,1.3232931812513,141122.931062572,-146326.699963284,TRUE,FALSE,TRUE
15,196712,"p","2020-02-18 23:47:00",1038.95,TRUE,1038.86666666667,0.0833333333300743,FALSE,TRUE,110.274217340291,0.367580724482013,1.32329060813525,1.32329304154719,141012.591327432,-146336.959996975,TRUE,FALSE,TRUE
15,196712,"p","2020-02-18 23:52:00",1039.03333333333,TRUE,1038.95,0.0833333333298469,FALSE,TRUE,110.274205860865,0.367580686218262,1.32329047038574,1.32329290194847,140902.251592292,-146347.220030658,TRUE,FALSE,TRUE
15,196712,"p","2020-02-18 23:57:00",1039.11666666667,TRUE,1039.03333333333,0.0833333333400788,FALSE,TRUE,110.274194389681,0.367580647935849,1.32329033256906,1.32329276245492,140791.911857152,-146357.48006435,TRUE,FALSE,TRUE
15,196712,"p","2020-02-19 00:02:00",1039.2,TRUE,1039.11666666667,0.0833333333300743,FALSE,TRUE,110.274182926388,0.367580609769004,1.32329019516841,1.32329262306617,140681.572122013,-146367.740098039,TRUE,FALSE,TRUE
15,196712,"p","2020-02-19 00:07:00",1039.28333333333,TRUE,1039.2,0.0833333333298469,FALSE,TRUE,110.274171475128,0.367580571599137,1.32329005775689,1.32329248378336,140571.232386871,-146378.000131737,TRUE,FALSE,TRUE
15,196712,"p","2020-02-19 00:12:00",1039.36666666667,TRUE,1039.28333333333,0.0833333333400788,FALSE,TRUE,110.274160028733,0.367580533399356,1.32328992023768,1.3232923446053,140460.892651732,-146388.260165421,TRUE,FALSE,TRUE
15,196712,"p","2020-02-19 00:17:00",1039.45,TRUE,1039.36666666667,0.0833333333300743,FALSE,TRUE,110.274148593293,0.367580495325354,1.32328978317127,1.32329220553278,140350.552916592,-146398.520199112,TRUE,FALSE,TRUE
15,196712,"p","2020-02-19 00:22:00",1039.53333333333,TRUE,1039.45,0.0833333333298469,FALSE,TRUE,110.274137166506,0.367580457237065,1.32328964605343,1.32329206656541,140240.213181452,-146408.780232794,TRUE,FALSE,TRUE
15,196712,"p","2020-02-19 00:27:00",1039.61666666667,TRUE,1039.53333333333,0.0833333333400788,FALSE,TRUE,110.27412574855,0.367580419132078,1.32328950887548,1.3232919277036,140129.873446312,-146419.040266487,TRUE,FALSE,TRUE
15,196712,"p","2020-02-19 00:32:00",1039.7,TRUE,1039.61666666667,0.0833333333300743,FALSE,TRUE,110.274114338338,0.367580381142169,1.32328937211181,1.32329178894694,140019.533711172,-146429.300300175,TRUE,FALSE,TRUE
15,196712,"p","2020-02-19 00:37:00",1039.78333333333,TRUE,1039.7,0.0833333333298469,FALSE,TRUE,110.274102937341,0.367580343139849,1.32328923530345,1.32329165029488,139909.193976032,-146439.560333857,TRUE,FALSE,TRUE
15,196712,"p","2020-02-19 00:42:00",1039.86666666667,TRUE,1039.78333333333,0.0833333333400788,FALSE,TRUE,110.274091546285,0.367580305124528,1.3232890984483,1.32329151174912,139798.854240892,-146449.820367555,TRUE,FALSE,TRUE
15,196712,"p","2020-02-19 00:47:00",1039.95,TRUE,1039.86666666667,0.0833333333300743,FALSE,TRUE,110.274080162092,0.367580267221348,1.32328896199685,1.32329137330802,139688.514505752,-146460.08040124,TRUE,FALSE,TRUE
15,196712,"p","2020-02-19 00:52:00",1040.03333333333,TRUE,1039.95,0.0833333333298469,FALSE,TRUE,110.274068787855,0.367580229308227,1.32328882550962,1.32329123497226,139578.174770612,-146470.340434927,TRUE,FALSE,TRUE
15,196712,"p","2020-02-19 00:57:00",1040.11666666667,TRUE,1040.03333333333,0.0833333333400788,FALSE,TRUE,110.274057422322,0.367580191377985,1.32328868896075,1.32329109674183,139467.835035472,-146480.600468611,TRUE,FALSE,TRUE
15,196712,"p","2020-02-19 01:02:00",1040.2,TRUE,1040.11666666667,0.0833333333300743,FALSE,TRUE,110.274046065481,0.367580153565978,1.32328855283752,1.32329095861651,139357.495300332,-146490.8605023,TRUE,FALSE,TRUE
15,196712,"p","2020-02-19 01:07:00",1040.28333333333,TRUE,1040.2,0.0833333333298469,FALSE,TRUE,110.274034717174,0.367580115739292,1.32328841666145,1.32329082059664,139247.155565191,-146501.120535998,TRUE,FALSE,TRUE
15,196712,"p","2020-02-19 01:12:00",1040.36666666667,TRUE,1040.28333333333,0.0833333333400788,FALSE,TRUE,110.274023377578,0.367580077895507,1.32328828042382,1.32329068268175,139136.815830051,-146511.380569675,TRUE,FALSE,TRUE
15,196712,"p","2020-02-19 01:17:00",1040.45,TRUE,1040.36666666667,0.0833333333300743,FALSE,TRUE,110.274012046374,0.367580040168957,1.32328814460824,1.32329054487203,139026.476094912,-146521.640603364,TRUE,FALSE,TRUE
15,196712,"p","2020-02-19 01:22:00",1040.53333333333,TRUE,1040.45,0.0833333333298469,FALSE,TRUE,110.274000726209,0.367580002436076,1.32328800876988,1.32329040716807,138916.136359771,-146531.90063706,TRUE,FALSE,TRUE
15,196712,"p","2020-02-19 01:27:00",1040.61666666667,TRUE,1040.53333333333,0.0833333333400788,FALSE,TRUE,110.273989411216,0.367579964674301,1.32328787282748,1.3232902695688,138805.796624632,-146542.160670742,TRUE,FALSE,TRUE
15,196712,"p","2020-02-19 01:32:00",1040.7,TRUE,1040.61666666667,0.0833333333300743,FALSE,TRUE,110.273978107466,0.367579927039262,1.32328773734134,1.32329013207482,138695.456889492,-146552.420704433,TRUE,FALSE,TRUE
15,196712,"p","2020-02-19 01:37:00",1040.78333333333,TRUE,1040.7,0.0833333333298469,FALSE,TRUE,110.273966812855,0.367579889391562,1.32328760180962,1.32328999468654,138585.117154352,-146562.680738119,TRUE,FALSE,TRUE
15,196712,"p","2020-02-19 01:42:00",1040.86666666667,TRUE,1040.78333333333,0.0833333333400788,FALSE,TRUE,110.27395552501,0.36757985172028,1.32328746619301,1.32328985740321,138474.777419212,-146572.940771807,TRUE,FALSE,TRUE
15,196712,"p","2020-02-19 01:47:00",1040.95,TRUE,1040.86666666667,0.0833333333300743,FALSE,TRUE,110.27394424775,0.367579814173543,1.32328733102475,1.32328972022551,138364.437684072,-146583.200805495,TRUE,FALSE,TRUE
15,196712,"p","2020-02-19 01:52:00",1041.03333333333,TRUE,1040.95,0.0833333333298469,FALSE,TRUE,110.273932978183,0.367579776609323,1.32328719579356,1.32328958315247,138254.097948932,-146593.460839181,TRUE,FALSE,TRUE
15,196712,"p","2020-02-19 01:57:00",1041.11666666667,TRUE,1041.03333333333,0.0833333333400788,FALSE,TRUE,110.273921717947,0.367579739030069,1.32328706050825,1.32328944618543,138143.758213792,-146603.72087287,TRUE,FALSE,TRUE
15,196712,"p","2020-02-19 02:02:00",1041.2,TRUE,1041.11666666667,0.0833333333300743,FALSE,TRUE,110.273910466143,0.367579701568186,1.32328692564547,1.32328930932322,138033.418478651,-146613.980906562,TRUE,FALSE,TRUE
15,196712,"p","2020-02-19 02:07:00",1041.28333333333,TRUE,1041.2,0.0833333333298469,FALSE,TRUE,110.273899223321,0.367579664093116,1.32328679073522,1.32328917256624,137923.078743511,-146624.240940249,TRUE,FALSE,TRUE
15,196712,"p","2020-02-19 02:12:00",1041.36666666667,TRUE,1041.28333333333,0.0833333333400788,FALSE,TRUE,110.273887988953,0.367579626600089,1.32328665576032,1.3232890359144,137812.739008371,-146634.500973941,TRUE,FALSE,TRUE
15,196712,"p","2020-02-19 02:17:00",1041.45,TRUE,1041.36666666667,0.0833333333300743,FALSE,TRUE,110.273876764115,0.367579589228094,1.32328652122114,1.32328889936827,137702.399273231,-146644.761007626,TRUE,FALSE,TRUE
15,196712,"p","2020-02-19 02:22:00",1041.53333333333,TRUE,1041.45,0.0833333333298469,FALSE,TRUE,110.273865547033,0.367579551838823,1.32328638661976,1.32328876292698,137592.059538091,-146655.021041318,TRUE,FALSE,TRUE
15,196712,"p","2020-02-19 02:27:00",1041.61666666667,TRUE,1041.53333333333,0.0833333333400788,FALSE,TRUE,110.273854339135,0.367579514434029,1.3232862519625,1.32328862659098,137481.719802951,-146665.281075,TRUE,FALSE,TRUE
15,196712,"p","2020-02-19 02:32:00",1041.7,TRUE,1041.61666666667,0.0833333333300743,FALSE,TRUE,110.273843140261,0.367579477148579,1.32328611773488,1.32328849036037,137371.380067811,-146675.541108692,TRUE,FALSE,TRUE
15,196712,"p","2020-02-19 02:37:00",1041.78333333333,TRUE,1041.7,0.0833333333298469,FALSE,TRUE,110.273831949692,0.367579439847684,1.32328598345166,1.32328835423493,137261.040332671,-146685.801142385,TRUE,FALSE,TRUE
15,196712,"p","2020-02-19 02:42:00",1041.86666666667,TRUE,1041.78333333333,0.0833333333400788,FALSE,TRUE,110.273820767449,0.367579402528411,1.32328584910228,1.32328821821434,137150.700597532,-146696.061176063,TRUE,FALSE,TRUE
15,196712,"p","2020-02-19 02:47:00",1041.95,TRUE,1041.86666666667,0.0833333333300743,FALSE,TRUE,110.273809595857,0.367579365333897,1.32328571520203,1.32328808229953,137040.360862391,-146706.321209765,TRUE,FALSE,TRUE
15,196712,"p","2020-02-19 02:52:00",1042.03333333333,TRUE,1041.95,0.0833333333298469,FALSE,TRUE,110.273798431697,0.367579328121035,1.32328558123572,1.3232879464898,136930.021127251,-146716.581243445,TRUE,FALSE,TRUE
15,196712,"p","2020-02-19 02:57:00",1042.11666666667,TRUE,1042.03333333333,0.0833333333400788,FALSE,TRUE,110.273787276421,0.367579290891648,1.32328544720993,1.32328781078538,136819.681392111,-146726.841277136,TRUE,FALSE,TRUE
15,196712,"p","2020-02-19 03:02:00",1042.2,TRUE,1042.11666666667,0.0833333333300743,FALSE,TRUE,110.273776130028,0.367579253781135,1.32328531361209,1.3232876751866,136709.341656971,-146737.101310824,TRUE,FALSE,TRUE
15,196712,"p","2020-02-19 03:07:00",1042.28333333333,TRUE,1042.2,0.0833333333298469,FALSE,TRUE,110.27376499235,0.367579216656546,1.32328517996356,1.32328753969234,136599.001921831,-146747.361344518,TRUE,FALSE,TRUE
15,196712,"p","2020-02-19 03:12:00",1042.36666666667,TRUE,1042.28333333333,0.0833333333400788,FALSE,TRUE,110.27375386339,0.367579179514881,1.32328504625357,1.32328740430389,136488.662186691,-146757.621378197,TRUE,FALSE,TRUE
15,196712,"p","2020-02-19 03:17:00",1042.45,TRUE,1042.36666666667,0.0833333333300743,FALSE,TRUE,110.273742743884,0.36757914249399,1.32328491297836,1.32328726902075,136378.322451551,-146767.881411889,TRUE,FALSE,TRUE
15,196712,"p","2020-02-19 03:22:00",1042.53333333333,TRUE,1042.45,0.0833333333298469,FALSE,TRUE,110.273731631489,0.367579105453675,1.32328477963323,1.32328713384242,136267.982716411,-146778.141445572,TRUE,FALSE,TRUE
15,196712,"p","2020-02-19 03:27:00",1042.61666666667,TRUE,1042.53333333333,0.0833333333400788,FALSE,TRUE,110.273720529644,0.367579068402392,1.32328464624861,1.32328699876945,136157.642981271,-146788.40147926,TRUE,FALSE,TRUE
15,196712,"p","2020-02-19 03:32:00",1042.7,TRUE,1042.61666666667,0.0833333333300743,FALSE,TRUE,110.273709435644,0.367579031466523,1.32328451327948,1.32328686380188,136047.303246131,-146798.661512951,TRUE,FALSE,TRUE
15,196712,"p","2020-02-19 03:37:00",1042.78333333333,TRUE,1042.7,0.0833333333298469,FALSE,TRUE,110.273698350407,0.367578994516735,1.32328438026024,1.32328672893957,135936.963510991,-146808.921546642,TRUE,FALSE,TRUE
15,196712,"p","2020-02-19 03:42:00",1042.86666666667,TRUE,1042.78333333333,0.0833333333400788,FALSE,TRUE,110.273687273937,0.367578957550036,1.32328424718013,1.32328659418212,135826.623775851,-146819.181580325,TRUE,FALSE,TRUE
15,196712,"p","2020-02-19 03:47:00",1042.95,TRUE,1042.86666666667,0.0833333333300743,FALSE,TRUE,110.273676206963,0.367578920704252,1.32328411453531,1.32328645953041,135716.284040711,-146829.441614016,TRUE,FALSE,TRUE
15,196712,"p","2020-02-19 03:52:00",1043.03333333333,TRUE,1042.95,0.0833333333298469,FALSE,TRUE,110.273665148227,0.367578883842802,1.32328398183409,1.32328632498387,135605.94430557,-146839.701647713,TRUE,FALSE,TRUE
15,196712,"p","2020-02-19 03:57:00",1043.11666666667,TRUE,1043.03333333333,0.0833333333400788,FALSE,TRUE,110.273654097027,0.367578846960338,1.32328384905722,1.3232861905421,135495.604570431,-146849.961681393,TRUE,FALSE,TRUE
15,196712,"p","2020-02-19 04:02:00",1043.2,TRUE,1043.11666666667,0.0833333333300743,FALSE,TRUE,110.273643057312,0.367578810205415,1.32328371673949,1.32328605620605,135385.264835291,-146860.221715083,TRUE,FALSE,TRUE
15,196712,"p","2020-02-19 04:07:00",1043.28333333333,TRUE,1043.2,0.0833333333298469,FALSE,TRUE,110.273632024251,0.367578773429549,1.32328358434638,1.32328592197507,135274.925100151,-146870.481748774,TRUE,FALSE,TRUE
15,196712,"p","2020-02-19 04:12:00",1043.36666666667,TRUE,1043.28333333333,0.0833333333400788,FALSE,TRUE,110.27362100072,0.367578736639315,1.32328345190153,1.32328578784945,135164.585365011,-146880.741782459,TRUE,FALSE,TRUE
15,196712,"p","2020-02-19 04:17:00",1043.45,TRUE,1043.36666666667,0.0833333333300743,FALSE,TRUE,110.273609986369,0.367578699968938,1.32328331988818,1.32328565382945,135054.245629871,-146891.001816149,TRUE,FALSE,TRUE
15,196712,"p","2020-02-19 04:22:00",1043.53333333333,TRUE,1043.45,0.0833333333298469,FALSE,TRUE,110.273598979763,0.367578663281256,1.32328318781252,1.32328551991397,134943.905894731,-146901.261849831,TRUE,FALSE,TRUE
15,196712,"p","2020-02-19 04:27:00",1043.61666666667,TRUE,1043.53333333333,0.0833333333400788,FALSE,TRUE,110.273587982897,0.367578626579902,1.32328305568765,1.32328538610453,134833.566159591,-146911.521883525,TRUE,FALSE,TRUE
15,196712,"p","2020-02-19 04:32:00",1043.7,TRUE,1043.61666666667,0.0833333333300743,FALSE,TRUE,110.27357699361,0.367578589993074,1.32328292397507,1.32328525239991,134723.226424451,-146921.781917218,TRUE,FALSE,TRUE
15,196712,"p","2020-02-19 04:37:00",1043.78333333333,TRUE,1043.7,0.0833333333298469,FALSE,TRUE,110.273566014073,0.367578553395622,1.32328279222424,1.32328511880032,134612.886689311,-146932.041950899,TRUE,FALSE,TRUE
15,196712,"p","2020-02-19 04:42:00",1043.86666666667,TRUE,1043.78333333333,0.0833333333400788,FALSE,TRUE,110.273555043934,0.367578516783358,1.32328266042009,1.32328498530663,134502.54695417,-146942.301984594,TRUE,FALSE,TRUE
15,196712,"p","2020-02-19 04:47:00",1043.95,TRUE,1043.86666666667,0.0833333333300743,FALSE,TRUE,110.273544080863,0.367578480283918,1.32328252902211,1.32328485191766,134392.20721903,-146952.562018283,TRUE,FALSE,TRUE
15,196712,"p","2020-02-19 04:52:00",1044.03333333333,TRUE,1043.95,0.0833333333298469,FALSE,TRUE,110.273533127201,0.367578443772717,1.32328239758178,1.323284718634,134281.86748389,-146962.822051972,TRUE,FALSE,TRUE
15,196712,"p","2020-02-19 04:57:00",1044.11666666667,TRUE,1044.03333333333,0.0833333333400788,FALSE,TRUE,110.273522182781,0.367578407246182,1.32328226608625,1.32328458545561,134171.52774875,-146973.082085654,TRUE,FALSE,TRUE
15,196712,"p","2020-02-19 05:02:00",1044.2,TRUE,1044.11666666667,0.0833333333300743,FALSE,TRUE,110.273511246708,0.367578370836735,1.32328213501225,1.32328445238247,134061.18801361,-146983.342119342,TRUE,FALSE,TRUE
15,196712,"p","2020-02-19 05:07:00",1044.28333333333,TRUE,1044.2,0.0833333333298469,FALSE,TRUE,110.273500319892,0.367578334415017,1.32328200389406,1.32328431941466,133950.84827847,-146993.602153029,TRUE,FALSE,TRUE
15,196712,"p","2020-02-19 05:12:00",1044.36666666667,TRUE,1044.28333333333,0.0833333333400788,FALSE,TRUE,110.273489401437,0.367578297975038,1.32328187271014,1.32328418655215,133840.50854333,-147003.862186716,TRUE,FALSE,TRUE
15,196712,"p","2020-02-19 05:17:00",1044.45,TRUE,1044.36666666667,0.0833333333300743,FALSE,TRUE,110.273478490641,0.367578261649846,1.32328174193945,1.32328405379433,133730.168808191,-147014.122220412,TRUE,FALSE,TRUE
15,196712,"p","2020-02-19 05:22:00",1044.53333333333,TRUE,1044.45,0.0833333333298469,FALSE,TRUE,110.273467590729,0.367578225317808,1.32328161114411,1.32328392114223,133619.829073051,-147024.382254094,TRUE,FALSE,TRUE
15,196712,"p","2020-02-19 05:27:00",1044.61666666667,TRUE,1044.53333333333,0.0833333333400788,FALSE,TRUE,110.27345669903,0.367578188967014,1.32328148028125,1.32328378859553,133509.489337911,-147034.642287784,TRUE,FALSE,TRUE
15,196712,"p","2020-02-19 05:32:00",1044.7,TRUE,1044.61666666667,0.0833333333300743,FALSE,TRUE,110.273445815363,0.367578152732253,1.32328134983611,1.32328365615389,133399.149602771,-147044.902321469,TRUE,FALSE,TRUE
15,196712,"p","2020-02-19 05:37:00",1044.78333333333,TRUE,1044.7,0.0833333333298469,FALSE,TRUE,110.273434940818,0.36757811648477,1.32328121934517,1.3232835238176,133288.809867631,-147055.162355165,TRUE,FALSE,TRUE
15,196712,"p","2020-02-19 05:42:00",1044.86666666667,TRUE,1044.78333333333,0.0833333333400788,FALSE,TRUE,110.273424075042,0.367578080220387,1.32328108879339,1.3232833915868,133178.470132491,-147065.422388853,TRUE,FALSE,TRUE
15,196712,"p","2020-02-19 05:47:00",1044.95,TRUE,1044.86666666667,0.0833333333300743,FALSE,TRUE,110.273413218398,0.367578044075704,1.32328095867253,1.32328325946098,133068.130397351,-147075.682422535,TRUE,FALSE,TRUE
15,196712,"p","2020-02-19 05:52:00",1045.03333333333,TRUE,1044.95,0.0833333333298469,FALSE,TRUE,110.273402370002,0.367578007915384,1.32328082849538,1.32328312744042,132957.79066221,-147085.942456223,TRUE,FALSE,TRUE
15,196712,"p","2020-02-19 05:57:00",1045.11666666667,TRUE,1045.03333333333,0.0833333333400788,FALSE,TRUE,110.273391530215,0.367577971737631,1.32328069825547,1.32328299552501,132847.450927071,-147096.202489909,TRUE,FALSE,TRUE
15,196712,"p","2020-02-19 06:02:00",1045.2,TRUE,1045.11666666667,0.0833333333300743,FALSE,TRUE,110.273380699946,0.36757793568086,1.3232805684511,1.32328286371499,132737.11119193,-147106.462523596,TRUE,FALSE,TRUE
15,196712,"p","2020-02-19 06:07:00",1045.28333333333,TRUE,1045.2,0.0833333333298469,FALSE,TRUE,110.273369877765,0.367577899607929,1.32328043858854,1.32328273201012,132626.77145679,-147116.722557289,TRUE,FALSE,TRUE
15,196712,"p","2020-02-19 06:12:00",1045.36666666667,TRUE,1045.28333333333,0.0833333333400788,FALSE,TRUE,110.273359064755,0.367577863519431,1.32328030866995,1.32328260041058,132516.43172165,-147126.982590971,TRUE,FALSE,TRUE
15,196712,"p","2020-02-19 06:17:00",1045.45,TRUE,1045.36666666667,0.0833333333300743,FALSE,TRUE,110.273348260387,0.367577827548998,1.32328017917639,1.32328246891608,132406.09198651,-147137.242624665,TRUE,FALSE,TRUE
15,196712,"p","2020-02-19 06:22:00",1045.53333333333,TRUE,1045.45,0.0833333333298469,FALSE,TRUE,110.273337464849,0.367577791564873,1.32328004963354,1.3232823375272,132295.75225137,-147147.502658357,TRUE,FALSE,TRUE
15,196712,"p","2020-02-19 06:27:00",1045.61666666667,TRUE,1045.53333333333,0.0833333333400788,FALSE,TRUE,110.273326677965,0.367577755563462,1.32327992002846,1.32328220624331,132185.41251623,-147157.762692039,TRUE,FALSE,TRUE
15,196712,"p","2020-02-19 06:32:00",1045.7,TRUE,1045.61666666667,0.0833333333300743,FALSE,TRUE,110.273315898853,0.367577719677219,1.32327979083799,1.32328207506438,132075.072781091,-147168.022725737,TRUE,FALSE,TRUE
15,196712,"o","2020-02-19 06:36:00",1045.76666666667,TRUE,1045.7,0.0666666666700166,FALSE,TRUE,86.3837625554155,0.359932343962811,1.29575643826612,1.32251741000898,131989.05422022,-147179.701309132,TRUE,FALSE,TRUE
15,196712,"p","2020-02-19 06:37:00",1045.78333333333,TRUE,1045.76666666667,0.0166666666598303,FALSE,TRUE,139.953515758874,2.33255859693801,8.39721094897685,1.51901537394778,132048.308140104,-147307.010158292,TRUE,FALSE,TRUE
15,196712,"p","2020-02-19 06:42:00",1045.86666666667,TRUE,1045.78333333333,0.0833333333400788,FALSE,TRUE,715.308782811242,2.3843626091778,8.58370539304009,1.72069374279514,132354.030297145,-147956.35122193,TRUE,FALSE,TRUE
15,196712,"p","2020-02-19 06:47:00",1045.95,TRUE,1045.86666666667,0.0833333333300743,FALSE,TRUE,187.839908405669,0.626133028043384,2.25407890095618,1.7465491572152,132327.039830784,-147769.871370411,TRUE,FALSE,TRUE
15,196712,"p","2020-02-19 06:52:00",1046.03333333333,TRUE,1045.95,0.0833333333298469,FALSE,TRUE,192.596864269379,0.641989547591457,2.31116237132924,1.77399022727831,132298.235785957,-147578.83555464,TRUE,FALSE,TRUE
15,196712,"p","2020-02-19 06:57:00",1046.11666666667,TRUE,1046.03333333333,0.0833333333400788,FALSE,TRUE,192.596871441685,0.641989571420318,2.31116245711314,1.8014313033998,132269.431741128,-147387.799738881,TRUE,FALSE,TRUE
15,196712,"p","2020-02-19 07:02:00",1046.2,TRUE,1046.11666666667,0.0833333333300743,FALSE,TRUE,192.596878654826,0.641989595541195,2.3111625439483,1.82887238561096,132240.627696301,-147196.76392312,TRUE,FALSE,TRUE
15,196712,"p","2020-02-19 07:07:00",1046.28333333333,TRUE,1046.2,0.0833333333298469,FALSE,TRUE,192.596885917808,0.641989619752887,2.31116263111039,1.85631347392232,132211.823651473,-147005.728107354,TRUE,FALSE,TRUE
15,196712,"p","2020-02-19 07:12:00",1046.36666666667,TRUE,1046.28333333333,0.0833333333400788,FALSE,TRUE,192.59689322866,0.641989644043568,2.31116271855684,1.88375456832978,132183.019606646,-146814.69229159,TRUE,FALSE,TRUE
15,196712,"o","2020-02-19 07:14:00",1046.4,TRUE,1046.36666666667,0.0333333333301198,FALSE,TRUE,78.0197783095531,0.650164819308956,2.34059334951224,1.91201318393255,132170.022372306,-146737.516399548,TRUE,FALSE,TRUE
15,196712,"p","2020-02-19 07:17:00",1046.45,TRUE,1046.4,0.0499999999999545,FALSE,TRUE,267.014344118463,1.4834130228817,5.34028688237411,2.02359662356273,131990.018034777,-146538.914120221,TRUE,FALSE,TRUE
15,196712,"p","2020-02-19 07:22:00",1046.53333333333,TRUE,1046.45,0.0833333333298469,FALSE,TRUE,447.605340090899,1.49201780036542,5.37126408131551,2.13604054459997,131687.551444876,-146206.641045123,TRUE,FALSE,TRUE
15,196712,"p","2020-02-19 07:27:00",1046.61666666667,TRUE,1046.53333333333,0.0833333333400788,FALSE,TRUE,447.60527395943,1.492017579744,5.37126328707839,2.2484844472348,131385.084854978,-145874.367970009,TRUE,FALSE,TRUE
15,196712,"p","2020-02-19 07:32:00",1046.7,TRUE,1046.61666666667,0.0833333333300743,FALSE,TRUE,447.605208429071,1.49201736148859,5.37126250135892,2.36092833170533,131082.618265073,-145542.0948949,TRUE,FALSE,TRUE
15,196712,"o","2020-02-19 07:33:00",1046.71666666667,TRUE,1046.7,0.0166666666700621,FALSE,TRUE,90.6560733469501,1.51093455547468,5.43936439970886,2.4752639392244,131021.531168553,-145474.640994503,TRUE,FALSE,TRUE
15,196712,"p","2020-02-19 07:37:00",1046.78333333333,TRUE,1046.71666666667,0.0666666666597848,FALSE,TRUE,526.422626495708,2.19342761062521,7.89633939825074,2.65784885590965,130692.055637914,-145061.56270354,TRUE,FALSE,TRUE
15,196712,"p","2020-02-19 07:42:00",1046.86666666667,TRUE,1046.78333333333,0.0833333333400788,FALSE,TRUE,659.462559568697,2.19820853171772,7.9135507141838,2.84091186835681,130279.469001472,-144543.965733133,TRUE,FALSE,TRUE
15,196712,"o","2020-02-19 07:43:00",1046.88333333333,TRUE,1046.86666666667,0.0166666666600577,FALSE,TRUE,126.767080559488,2.11278467682928,7.6060248365854,3.01543249895606,130201.254430774,-144443.608306676,TRUE,FALSE,TRUE
15,196712,"p","2020-02-19 07:47:00",1046.95,TRUE,1046.88333333333,0.0666666666700166,FALSE,TRUE,306.917642417258,1.27882351000765,4.60376463602754,3.10655701651532,130505.26145835,-144495.494540037,TRUE,FALSE,TRUE
15,196712,"p","2020-02-19 07:52:00",1047.03333333333,TRUE,1046.95,0.0833333333298469,FALSE,TRUE,389.598811139722,1.29866270385341,4.67518573387226,3.19966545710316,130890.648688617,-144564.30479131,TRUE,FALSE,TRUE
15,196712,"p","2020-02-19 07:57:00",1047.11666666667,TRUE,1047.03333333333,0.0833333333400788,FALSE,TRUE,389.598929392428,1.29866309786964,4.6751871523307,3.29277394072514,131276.035918883,-144633.11504259,TRUE,FALSE,TRUE
15,196712,"p","2020-02-19 08:02:00",1047.2,TRUE,1047.11666666667,0.0833333333300743,FALSE,TRUE,389.59904797985,1.29866349331696,4.67518857594104,3.38588246752505,131661.423149092,-144701.925293895,TRUE,FALSE,TRUE
15,196712,"o","2020-02-19 08:03:00",1047.21666666667,TRUE,1047.2,0.0166666666700621,FALSE,TRUE,72.2514853304756,1.20419142192927,4.33508911894536,3.46954379082128,131732.056354199,-144718.697029796,TRUE,FALSE,TRUE
15,196712,"p","2020-02-19 08:07:00",1047.28333333333,TRUE,1047.21666666667,0.0666666666597848,FALSE,TRUE,808.861741382751,3.37025725610937,12.1329261219937,3.76981170115899,131090.709656567,-145217.267982336,TRUE,FALSE,TRUE
15,196712,"p","2020-02-19 08:12:00",1047.36666666667,TRUE,1047.28333333333,0.0833333333400788,FALSE,TRUE,1019.7063914695,3.39902130462319,12.2364766966435,4.07295601997283,130280.970983271,-145844.243780088,TRUE,FALSE,TRUE
15,196712,"o","2020-02-19 08:15:00",1047.41666666667,TRUE,1047.36666666667,0.0499999999999545,FALSE,TRUE,603.625107854886,3.35347282141908,12.0725021571087,4.3715454940927,129799.231293112,-146212.270441603,TRUE,FALSE,TRUE
15,196712,"p","2020-02-19 08:17:00",1047.45,TRUE,1047.41666666667,0.0333333333301198,FALSE,TRUE,346.028032758762,2.88356693993435,10.3808409837636,4.62314438367857,129775.641512541,-145865.977551972,TRUE,FALSE,TRUE
15,196712,"p","2020-02-19 08:22:00",1047.53333333333,TRUE,1047.45,0.0833333333298469,FALSE,TRUE,879.781039344911,2.93260346460573,10.5573724725806,4.8796469293476,129726.454070089,-144984.855402256,TRUE,FALSE,TRUE
15,196712,"p","2020-02-19 08:27:00",1047.61666666667,TRUE,1047.53333333333,0.0833333333400788,FALSE,TRUE,140.136789678706,0.467122632224543,1.68164147600835,4.88960139539629,129590.71636664,-145022.32107699,TRUE,FALSE,TRUE
15,196712,"p","2020-02-19 08:32:00",1047.7,TRUE,1047.61666666667,0.0833333333300743,FALSE,TRUE,141.996304553763,0.473321015197719,1.70395565471179,4.90017570334798,129454.506887615,-145064.793868921,TRUE,FALSE,TRUE
15,196712,"p","2020-02-19 08:37:00",1047.78333333333,TRUE,1047.7,0.0833333333298469,FALSE,TRUE,141.996286335062,0.47332095447001,1.70395543609204,4.91075000883419,129318.297408591,-145107.266660847,TRUE,FALSE,TRUE
15,196712,"p","2020-02-19 08:42:00",1047.86666666667,TRUE,1047.78333333333,0.0833333333400788,FALSE,TRUE,141.99626813604,0.473320893748488,1.70395521749456,4.92132431185709,129182.087929566,-145149.739452777,TRUE,FALSE,TRUE
15,196712,"p","2020-02-19 08:47:00",1047.95,TRUE,1047.86666666667,0.0833333333300743,FALSE,TRUE,141.996249957078,0.47332083320877,1.70395499955157,4.93189861242307,129045.878450541,-145192.212244706,TRUE,FALSE,TRUE
15,196712,"p","2020-02-19 08:52:00",1048.03333333333,TRUE,1047.95,0.0833333333298469,FALSE,TRUE,141.996231794809,0.473320772669167,1.703954781609,4.9424729105335,128909.668971516,-145234.685036646,TRUE,FALSE,TRUE
15,196712,"p","2020-02-19 08:57:00",1048.11666666667,TRUE,1048.03333333333,0.0833333333400788,FALSE,TRUE,141.996213650423,0.473320712129765,1.70395456366716,4.95304720619013,128773.459492495,-145277.157828575,TRUE,FALSE,TRUE
15,196712,"o","2020-02-19 08:58:00",1048.13333333333,TRUE,1048.11666666667,0.0166666666600577,FALSE,TRUE,28.2186920959043,0.470311535118236,1.69312152642565,4.96332058773423,128746.613952366,-145286.28119609,TRUE,FALSE,TRUE
15,196712,"p","2020-02-19 09:02:00",1048.2,TRUE,1048.13333333333,0.0666666666700166,FALSE,TRUE,135.901226377633,0.566255109878349,2.03851839556206,4.98395286432579,128696.055379553,-145412.923975975,TRUE,FALSE,TRUE
15,196712,"p","2020-02-19 09:07:00",1048.28333333333,TRUE,1048.2,0.0833333333298469,FALSE,TRUE,170.423631129912,0.568078770456807,2.0450835736445,4.80750488167766,128633.352608136,-145572.013462256,TRUE,FALSE,TRUE
15,196712,"p","2020-02-19 09:12:00",1048.36666666667,TRUE,1048.28333333333,0.0833333333400788,FALSE,TRUE,170.423613183399,0.568078710565346,2.04508335803525,4.62587649181642,128570.649836717,-145731.102948537,TRUE,FALSE,TRUE
15,196712,"o","2020-02-19 09:15:00",1048.41666666667,TRUE,1048.36666666667,0.0499999999999545,FALSE,TRUE,101.455117164269,0.563639539802008,2.02910234328723,4.61962714299228,128532.313900494,-145825.408726134,TRUE,FALSE,TRUE
15,196712,"p","2020-02-19 09:17:00",1048.45,TRUE,1048.41666666667,0.0333333333301198,FALSE,TRUE,79.6117370381049,0.663431142048167,2.3883521113734,4.62177130243795,128454.960430619,-145805.037210242,TRUE,FALSE,TRUE
15,196712,"p","2020-02-19 09:22:00",1048.53333333333,TRUE,1048.45,0.0833333333298469,FALSE,TRUE,201.490994567243,0.671636648585577,2.41789193490808,4.62473601015448,128259.791072495,-145751.238635072,TRUE,FALSE,TRUE
15,196712,"o","2020-02-19 09:26:00",1048.6,TRUE,1048.53333333333,0.0666666666700166,FALSE,TRUE,159.27929933062,0.663663747177567,2.38918948983924,4.62690342531812,128104.979724057,-145710.671342484,TRUE,FALSE,TRUE
15,196712,"p","2020-02-19 09:27:00",1048.61666666667,TRUE,1048.6,0.0166666666700621,FALSE,TRUE,78.6862755687407,1.3114379258785,4.72117653316261,4.69384825593068,128113.73569678,-145789.113677034,TRUE,FALSE,TRUE
15,196712,"p","2020-02-19 09:32:00",1048.7,TRUE,1048.61666666667,0.0833333333300743,FALSE,TRUE,406.438999141856,1.35479666385917,4.87726798989302,4.76512895791224,128164.136250627,-146193.683187423,TRUE,FALSE,TRUE
15,196712,"p","2020-02-19 09:37:00",1048.78333333333,TRUE,1048.7,0.0833333333298469,FALSE,TRUE,406.438961438949,1.35479653818651,4.87726753747144,4.83559212979999,128214.536804486,-146598.252697836,TRUE,FALSE,TRUE
15,196712,"p","2020-02-19 09:42:00",1048.86666666667,TRUE,1048.78333333333,0.0833333333400788,FALSE,TRUE,406.438924142447,1.35479641369849,4.87726708931457,4.82273046888167,128264.937358344,-147002.822208249,TRUE,FALSE,TRUE
15,196712,"o","2020-02-19 09:44:00",1048.9,TRUE,1048.86666666667,0.0333333333301198,FALSE,TRUE,163.409947393615,1.36174956174474,4.90229842228107,4.8097036450196,128284.086677746,-147165.615191874,TRUE,FALSE,TRUE
15,196712,"p","2020-02-19 09:47:00",1048.95,TRUE,1048.9,0.0499999999999545,FALSE,TRUE,357.352381538844,1.98529100855094,7.14704763078338,4.8590309879003,128202.850933414,-147514.790958842,TRUE,FALSE,TRUE
15,196712,"p","2020-02-19 09:52:00",1049.03333333333,TRUE,1048.95,0.0833333333298469,FALSE,TRUE,597.529633914795,1.99176544646598,7.17035560727752,4.90900579639804,128065.773189292,-148098.359202905,TRUE,FALSE,TRUE
15,196712,"p","2020-02-19 09:57:00",1049.11666666667,TRUE,1049.03333333333,0.0833333333400788,FALSE,TRUE,597.529454875213,1.99176484942282,7.17035345792215,4.95708882579285,127928.69544517,-148681.927446965,TRUE,FALSE,TRUE
15,196712,"o","2020-02-19 10:01:00",1049.18333333333,TRUE,1049.11666666667,0.0666666666600122,FALSE,TRUE,475.125723056168,1.97969051293164,7.12688584655391,4.93571511602349,127819.351777336,-149145.870917794,TRUE,FALSE,TRUE
15,196712,"p","2020-02-19 10:02:00",1049.2,TRUE,1049.18333333333,0.0166666666700621,FALSE,TRUE,19.6398219220929,0.32733036530153,1.17838931508551,4.74862729938188,127803.432294048,-149157.518345325,TRUE,FALSE,TRUE
15,196712,"p","2020-02-19 10:07:00",1049.28333333333,TRUE,1049.2,0.0833333333298469,FALSE,TRUE,88.997322851387,0.296657742850368,1.06796787426132,4.56701460598398,127725.42751491,-149201.199861047,TRUE,FALSE,TRUE
15,196712,"p","2020-02-19 10:12:00",1049.36666666667,TRUE,1049.28333333333,0.0833333333400788,FALSE,TRUE,88.9973159050617,0.296657719659526,1.06796779077429,4.46879802694917,127647.422735776,-149244.881376746,TRUE,FALSE,TRUE
15,196712,"p","2020-02-19 10:17:00",1049.45,TRUE,1049.36666666667,0.0833333333300743,FALSE,TRUE,88.9973089784981,0.296657696606595,1.06796770778374,4.36859752622449,127569.417956642,-149288.562892441,TRUE,FALSE,TRUE
15,196712,"p","2020-02-19 10:22:00",1049.53333333333,TRUE,1049.45,0.0833333333298469,FALSE,TRUE,88.9973020547117,0.296657673528117,1.06796762470122,4.26839698379034,127491.413177508,-149332.244408142,TRUE,FALSE,TRUE
15,196712,"p","2020-02-19 10:27:00",1049.61666666667,TRUE,1049.53333333333,0.0833333333400788,FALSE,TRUE,88.9972951402177,0.296657650443379,1.06796754159617,4.16819639950298,127413.408398373,-149375.925923839,TRUE,FALSE,TRUE
15,196712,"p","2020-02-19 10:32:00",1049.7,TRUE,1049.61666666667,0.0833333333300743,FALSE,TRUE,88.9972882271245,0.29665762743535,1.06796745876726,4.07744302005359,127335.403619238,-149419.607439542,TRUE,FALSE,TRUE
15,196712,"p","2020-02-19 10:37:00",1049.78333333333,TRUE,1049.7,0.0833333333298469,FALSE,TRUE,88.997281307382,0.296657604370351,1.06796737573326,3.77008305487969,127257.398840118,-149463.288955242,TRUE,FALSE,TRUE
15,196712,"o","2020-02-19 10:38:00",1049.8,TRUE,1049.78333333333,0.0166666666700621,FALSE,TRUE,16.6415670246727,0.277359450354706,0.998494021276943,3.45791686945284,127243.290227483,-149472.25383586,TRUE,FALSE,TRUE
15,196712,"p","2020-02-19 10:42:00",1049.86666666667,TRUE,1049.8,0.0666666666700166,FALSE,TRUE,171.034714986865,0.712644645742792,2.56552072467405,3.19383405188521,127400.805770492,-149540.883401314,TRUE,FALSE,TRUE
15,196712,"p","2020-02-19 10:47:00",1049.95,TRUE,1049.86666666667,0.0833333333300743,FALSE,TRUE,215.609232885341,0.718697442979244,2.58731079472528,2.9773471021897,127599.56562826,-149626.956079992,TRUE,FALSE,TRUE
15,196712,"p","2020-02-19 10:52:00",1050.03333333333,TRUE,1049.95,0.0833333333298469,FALSE,TRUE,215.609262617619,0.718697542088798,2.58731115151967,2.75595650993801,127798.325486029,-149713.028758674,TRUE,FALSE,TRUE
15,196712,"p","2020-02-19 10:57:00",1050.11666666667,TRUE,1050.03333333333,0.0833333333400788,FALSE,TRUE,215.609292412732,0.7186976413176,2.58731150874336,2.78111401084731,127997.085343797,-149799.101437349,TRUE,FALSE,TRUE
15,196712,"o","2020-02-19 10:59:00",1050.15,TRUE,1050.11666666667,0.0333333333301198,FALSE,TRUE,84.9010129669973,0.707508441459853,2.54703038925547,2.80453275347353,128075.16704483,-149833.415646478,TRUE,FALSE,TRUE
15,196712,"p","2020-02-19 11:02:00",1050.2,TRUE,1050.15,0.0499999999999545,FALSE,TRUE,53.9248593134115,0.299582551741447,1.07849718626921,2.78715891320067,128037.586842406,-149872.392940591,TRUE,FALSE,TRUE
15,196712,"p","2020-02-19 11:07:00",1050.28333333333,TRUE,1050.2,0.0833333333298469,FALSE,TRUE,91.3911276975697,0.304637092337977,1.09669353241672,2.77029053305962,127972.582768241,-149937.163660211,TRUE,FALSE,TRUE
15,196712,"p","2020-02-19 11:12:00",1050.36666666667,TRUE,1050.28333333333,0.0833333333400788,FALSE,TRUE,91.3911209837247,0.30463706992109,1.09669345171592,2.75342215673085,127907.578694076,-150001.934379834,TRUE,FALSE,TRUE
15,196712,"p","2020-02-19 11:17:00",1050.45,TRUE,1050.36666666667,0.0833333333300743,FALSE,TRUE,91.3911142758407,0.30463704759805,1.09669337135298,2.73655378422374,127842.574619911,-150066.705099458,TRUE,FALSE,TRUE
15,196712,"p","2020-02-19 11:22:00",1050.53333333333,TRUE,1050.45,0.0833333333298469,FALSE,TRUE,91.3911075725184,0.304637025254473,1.0966932909161,2.71968541553621,127777.570545746,-150131.475819081,TRUE,FALSE,TRUE
15,196712,"p","2020-02-19 11:27:00",1050.61666666667,TRUE,1050.53333333333,0.0833333333400788,FALSE,TRUE,91.3911008735899,0.304637002887308,1.09669321039431,2.70311796231312,127712.566471581,-150196.246538707,TRUE,FALSE,TRUE
15,196712,"p","2020-02-19 11:32:00",1050.7,TRUE,1050.61666666667,0.0833333333300743,FALSE,TRUE,91.3910941797635,0.304636980611125,1.09669313020005,2.67695614938639,127647.562397416,-150261.017258329,TRUE,FALSE,TRUE
15,196712,"p","2020-02-19 11:37:00",1050.78333333333,TRUE,1050.7,0.0833333333298469,FALSE,TRUE,91.391087489795,0.304636958312062,1.09669304992342,2.65061196817192,127582.55832325,-150325.787977948,TRUE,FALSE,TRUE
15,196712,"p","2020-02-19 11:42:00",1050.86666666667,TRUE,1050.78333333333,0.0833333333400788,FALSE,TRUE,91.3910808054688,0.304636935993571,1.09669296957685,2.62426779071474,127517.554249084,-150390.558697581,TRUE,FALSE,TRUE
15,196712,"p","2020-02-19 11:47:00",1050.95,TRUE,1050.86666666667,0.0833333333300743,FALSE,TRUE,91.3910741286339,0.304636913774027,1.0966928895865,2.59836752811194,127452.55017492,-150455.329417196,TRUE,FALSE,TRUE
15,196712,"p","2020-02-19 11:52:00",1051.03333333333,TRUE,1050.95,0.0833333333298469,FALSE,TRUE,91.3910674524896,0.304636891521044,1.09669280947576,2.56248810305923,127387.546100754,-150520.100136817,TRUE,FALSE,TRUE
15,196712,"p","2020-02-19 11:57:00",1051.11666666667,TRUE,1051.03333333333,0.0833333333400788,FALSE,TRUE,91.3910607870999,0.304636869265674,1.09669272935643,2.52578812512724,127322.54202659,-150584.870856443,TRUE,FALSE,TRUE
15,196712,"p","2020-02-19 12:02:00",1051.2,TRUE,1051.11666666667,0.0833333333300743,FALSE,TRUE,91.3910541196799,0.304636847077514,1.09669264947905,2.48988543511724,127257.537952425,-150649.641576068,TRUE,FALSE,TRUE
15,196712,"p","2020-02-19 12:07:00",1051.28333333333,TRUE,1051.2,0.0833333333298469,FALSE,TRUE,91.3910474602937,0.304636824880391,1.09669256956941,2.38920532501743,127192.533878259,-150714.412295691,TRUE,FALSE,TRUE
15,196712,"p","2020-02-19 12:12:00",1051.36666666667,TRUE,1051.28333333333,0.0833333333400788,FALSE,TRUE,91.3910408093115,0.304636802673046,1.09669248962297,2.28418933889881,127127.529804093,-150779.183015316,TRUE,FALSE,TRUE
15,196712,"p","2020-02-19 12:17:00",1051.45,TRUE,1051.36666666667,0.0833333333300743,FALSE,TRUE,91.3910341576706,0.304636780537482,1.09669240993494,2.17917336313391,127062.525729928,-150843.953734938,TRUE,FALSE,TRUE
15,196712,"p","2020-02-19 12:22:00",1051.53333333333,TRUE,1051.45,0.0833333333298469,FALSE,TRUE,91.391027511713,0.304636758385122,1.09669233018644,2.07415739760257,126997.521655763,-150908.724454553,TRUE,FALSE,TRUE
15,196712,"p","2020-02-19 12:27:00",1051.61666666667,TRUE,1051.53333333333,0.0833333333400788,FALSE,TRUE,91.3910208747007,0.304636736224343,1.09669225040764,1.96844611505053,126932.517581598,-150973.49517418,TRUE,FALSE,TRUE
15,196712,"p","2020-02-19 12:32:00",1051.7,TRUE,1051.61666666667,0.0833333333300743,FALSE,TRUE,91.3910142395422,0.304636714143721,1.0966921709174,1.80038068560981,126867.513507433,-151038.26589381,TRUE,FALSE,TRUE
15,196712,"p","2020-02-19 12:37:00",1051.78333333333,TRUE,1051.7,0.0833333333298469,FALSE,TRUE,91.3910076120538,0.304636692052924,1.09669209139053,1.63166781016851,126802.509433268,-151103.036613433,TRUE,FALSE,TRUE
15,196712,"p","2020-02-19 12:42:00",1051.86666666667,TRUE,1051.78333333333,0.0833333333400788,FALSE,TRUE,91.3910009866679,0.304636669930901,1.09669201175124,1.46295499221931,126737.505359103,-151167.807333062,TRUE,FALSE,TRUE
15,196712,"p","2020-02-19 12:47:00",1051.95,TRUE,1051.86666666667,0.0833333333300743,FALSE,TRUE,91.3909943649544,0.304636647895095,1.09669193242234,1.29544960571566,126672.501284938,-151232.578052675,TRUE,FALSE,TRUE
15,196712,"p","2020-02-19 12:52:00",1052.03333333333,TRUE,1051.95,0.0833333333298469,FALSE,TRUE,91.3909877530537,0.304636625856257,1.09669185308253,1.29318023177113,126607.497210772,-151297.348772308,TRUE,FALSE,TRUE
15,196712,"p","2020-02-19 12:57:00",1052.11666666667,TRUE,1052.03333333333,0.0833333333400788,FALSE,TRUE,91.3909811394727,0.304636603773584,1.0966917735849,1.29397811786345,126542.493136607,-151362.119491921,TRUE,FALSE,TRUE
15,196712,"p","2020-02-19 13:02:00",1052.2,TRUE,1052.11666666667,0.0833333333300743,FALSE,TRUE,91.3909745373984,0.304636581803242,1.09669169449167,1.29477600407783,126477.489062442,-151426.890211544,TRUE,FALSE,TRUE
15,196712,"p","2020-02-19 13:07:00",1052.28333333333,TRUE,1052.2,0.0833333333298469,FALSE,TRUE,91.390967938586,0.304636559808032,1.09669161530891,1.29557389039797,126412.484988277,-151491.66093116,TRUE,FALSE,TRUE
15,196712,"p","2020-02-19 13:12:00",1052.36666666667,TRUE,1052.28333333333,0.0833333333400788,FALSE,TRUE,91.3909613401131,0.304636537775718,1.09669153599259,1.29637177682273,126347.480914112,-151556.431650793,TRUE,FALSE,TRUE
15,196712,"p","2020-02-19 13:17:00",1052.45,TRUE,1052.36666666667,0.0833333333300743,FALSE,TRUE,91.3909547549649,0.304636515861797,1.09669145710247,1.29716966336457,126282.476839947,-151621.20237042,TRUE,FALSE,TRUE
15,196712,"p","2020-02-19 13:22:00",1052.53333333333,TRUE,1052.45,0.0833333333298469,FALSE,TRUE,91.3909481666515,0.304636493901583,1.0966913780457,1.29796755001119,126217.472765782,-151685.973090034,TRUE,FALSE,TRUE
15,196712,"p","2020-02-19 13:27:00",1052.61666666667,TRUE,1052.53333333333,0.0833333333400788,FALSE,TRUE,91.3909415880802,0.304636471935608,1.09669129896819,1.29876543676772,126152.468691616,-151750.743809666,TRUE,FALSE,TRUE
15,196712,"p","2020-02-19 13:32:00",1052.7,TRUE,1052.61666666667,0.0833333333300743,FALSE,TRUE,91.3909350105919,0.30463645004722,1.09669122016999,1.30149313673697,126087.464617451,-151815.51452928,TRUE,FALSE,TRUE
15,196712,"p","2020-02-19 13:37:00",1052.78333333333,TRUE,1052.7,0.0833333333298469,FALSE,TRUE,91.3909284434635,0.304636428157623,1.09669114136744,1.26069231497845,126022.460543285,-151880.285248906,TRUE,FALSE,TRUE
15,196712,"p","2020-02-19 13:42:00",1052.86666666667,TRUE,1052.78333333333,0.0833333333400788,FALSE,TRUE,91.390921877096,0.304636406232328,1.09669106243638,1.21928621130376,125957.45646912,-151945.055968535,TRUE,FALSE,TRUE
15,196712,"p","2020-02-19 18:52:00",1058.03333333333,TRUE,1058,0.0333333333298924,FALSE,TRUE,51.747835754659,0.431231964666674,1.55243507280003,1.20197578166031,122063.140961608,-155930.506808385,TRUE,FALSE,TRUE
15,196712,"o","2020-02-19 18:54:00",1058.06666666667,TRUE,1058.03333333333,0.0333333333401242,FALSE,TRUE,51.887612848879,0.432396773652568,1.55662838514924,1.21114943892091,122050.393470154,-155980.977226341,TRUE,FALSE,TRUE
15,196712,"p","2020-02-19 18:57:00",1058.11666666667,TRUE,1058.06666666667,0.0499999999999545,FALSE,TRUE,77.2593336884674,0.429218520491876,1.54518667377075,1.22000527383569,122009.465408725,-156046.839363039,TRUE,FALSE,TRUE
15,196712,"p","2020-02-19 19:02:00",1058.2,TRUE,1058.11666666667,0.0833333333300743,FALSE,TRUE,128.813505986829,0.429378353306221,1.54576207190239,1.22887709500525,121940.917842103,-156156.458765833,TRUE,FALSE,TRUE
15,196712,"p","2020-02-19 19:07:00",1058.28333333333,TRUE,1058.2,0.0833333333298469,FALSE,TRUE,128.813495280257,0.429378317618819,1.54576194342775,1.23774891556714,121872.370275481,-156266.078168641,TRUE,FALSE,TRUE
15,196712,"p","2020-02-19 19:12:00",1058.36666666667,TRUE,1058.28333333333,0.0833333333400788,FALSE,TRUE,128.813484586464,0.429378281920123,1.54576181491244,1.24662073552301,121803.82270886,-156375.697571447,TRUE,FALSE,TRUE
15,196712,"p","2020-02-19 19:17:00",1058.45,TRUE,1058.36666666667,0.0833333333300743,FALSE,TRUE,128.813473901911,0.429378246356495,1.54576168688338,1.25549255488784,121735.275142237,-156485.316974257,TRUE,FALSE,TRUE
15,196712,"p","2020-02-19 19:22:00",1058.53333333333,TRUE,1058.45,0.0833333333298469,FALSE,TRUE,128.813463236234,0.429378210805409,1.54576155889947,1.26436437365308,121666.727575616,-156594.936377048,TRUE,FALSE,TRUE
15,196712,"p","2020-02-19 19:27:00",1058.61666666667,TRUE,1058.53333333333,0.0833333333400788,FALSE,TRUE,128.813452582546,0.429378175240397,1.54576143086543,1.27323619181802,121598.180008993,-156704.555779858,TRUE,FALSE,TRUE
15,196712,"p","2020-02-19 19:32:00",1058.7,TRUE,1058.61666666667,0.0833333333300743,FALSE,TRUE,128.813441942833,0.429378139826237,1.54576130337445,1.28210800940025,121529.632442372,-156814.175182668,TRUE,FALSE,TRUE
15,196712,"p","2020-02-19 19:37:00",1058.78333333333,TRUE,1058.7,0.0833333333298469,FALSE,TRUE,128.813431313738,0.429378104397091,1.54576117582953,1.29097982638781,121461.08487575,-156923.794585467,TRUE,FALSE,TRUE
15,196712,"p","2020-02-19 19:42:00",1058.86666666667,TRUE,1058.78333333333,0.0833333333400788,FALSE,TRUE,128.813420701049,0.42937806896874,1.54576104828746,1.29985164278195,121392.537309127,-157033.413988279,TRUE,FALSE,TRUE
15,196712,"p","2020-02-19 19:47:00",1058.95,TRUE,1058.86666666667,0.0833333333300743,FALSE,TRUE,128.813410107022,0.429378033706865,1.54576092134472,1.30872345860188,121323.989742506,-157143.033391086,TRUE,FALSE,TRUE
15,196712,"p","2020-02-19 19:52:00",1059.03333333333,TRUE,1058.95,0.0833333333298469,FALSE,TRUE,128.813399519067,0.429377998414855,1.54576079429348,1.31759527383304,121255.442175884,-157252.652793889,TRUE,FALSE,TRUE
15,196712,"p","2020-02-19 19:57:00",1059.11666666667,TRUE,1059.03333333333,0.0833333333400788,FALSE,TRUE,128.813388947409,0.429377963123274,1.54576066724379,1.32646708847816,121186.894609261,-157362.272196689,TRUE,FALSE,TRUE
15,196712,"p","2020-02-19 20:02:00",1059.2,TRUE,1059.11666666667,0.0833333333300743,FALSE,TRUE,128.81337839032,0.429377927984525,1.54576054074429,1.33533890255407,121118.347042639,-157471.891599493,TRUE,FALSE,TRUE
15,196712,"p","2020-02-19 20:07:00",1059.28333333333,TRUE,1059.2,0.0833333333298469,FALSE,TRUE,128.813367849015,0.429377892848014,1.54576041425285,1.3442107160505,121049.799476017,-157581.511002297,TRUE,FALSE,TRUE
15,196712,"p","2020-02-19 20:12:00",1059.36666666667,TRUE,1059.28333333333,0.0833333333400788,FALSE,TRUE,128.813357315525,0.429377857683662,1.54576028766118,1.35316859966115,120981.251909396,-157691.130405106,TRUE,FALSE,TRUE
15,196712,"p","2020-02-19 20:17:00",1059.45,TRUE,1059.36666666667,0.0833333333300743,FALSE,TRUE,128.813346802647,0.429377822692281,1.54576016169221,1.36396634472341,120912.704342773,-157800.749807909,TRUE,FALSE,TRUE
15,196712,"p","2020-02-19 20:22:00",1059.53333333333,TRUE,1059.45,0.0833333333298469,FALSE,TRUE,128.813336300104,0.429377787684978,1.54576003566592,1.37469368361067,120844.156776151,-157910.36921072,TRUE,FALSE,TRUE
15,196712,"p","2020-02-19 20:27:00",1059.61666666667,TRUE,1059.53333333333,0.0833333333400788,FALSE,TRUE,128.813325809294,0.429377752662891,1.54575990958641,1.38542102041299,120775.60920953,-158019.988613519,TRUE,FALSE,TRUE
15,196712,"p","2020-02-19 20:32:00",1059.7,TRUE,1059.61666666667,0.0833333333300743,FALSE,TRUE,128.813315337583,0.429377717808734,1.54575978411144,1.39614835514988,120707.061642908,-158129.608016328,TRUE,FALSE,TRUE
15,196712,"p","2020-02-19 20:37:00",1059.78333333333,TRUE,1059.7,0.0833333333298469,FALSE,TRUE,128.813304875328,0.429377682935723,1.5457596585686,1.40687568780982,120638.514076285,-158239.227419124,TRUE,FALSE,TRUE
15,196712,"p","2020-02-19 20:42:00",1059.86666666667,TRUE,1059.78333333333,0.0833333333400788,FALSE,TRUE,128.813294428542,0.429377648060383,1.54575953301738,1.41760301839617,120569.966509663,-158348.846821934,TRUE,FALSE,TRUE
15,196712,"p","2020-02-19 20:47:00",1059.95,TRUE,1059.86666666667,0.0833333333300743,FALSE,TRUE,128.813283995135,0.42937761333391,1.54575940800207,1.4283303469242,120501.418943042,-158458.466224741,TRUE,FALSE,TRUE
15,196712,"p","2020-02-19 20:52:00",1060.03333333333,TRUE,1059.95,0.0833333333298469,FALSE,TRUE,128.813273574513,0.429377578599674,1.54575928295883,1.43905767338071,120432.87137642,-158568.085627539,TRUE,FALSE,TRUE
15,196712,"p","2020-02-19 20:57:00",1060.11666666667,TRUE,1060.03333333333,0.0833333333400788,FALSE,TRUE,128.813263172054,0.429377543872091,1.54575915793953,1.44978499777369,120364.323809797,-158677.705030353,TRUE,FALSE,TRUE
15,196712,"o","2020-02-19 20:59:00",1060.15,TRUE,1060.11666666667,0.0333333333301198,FALSE,TRUE,51.2241801447122,0.426868167913755,1.53672540448952,1.46026138597904,120337.07194073,-158721.300845531,TRUE,FALSE,TRUE
15,196712,"p","2020-02-19 21:02:00",1060.2,TRUE,1060.15,0.0499999999999545,FALSE,TRUE,44.0910506754644,0.24495028153058,0.881821013510089,1.4525459869451,120314.37651169,-158759.289436903,TRUE,FALSE,TRUE
15,196712,"p","2020-02-19 21:07:00",1060.28333333333,TRUE,1060.2,0.0833333333298469,FALSE,TRUE,72.9835919340392,0.243278639790309,0.875803103245111,1.44466342513606,120276.829392591,-158822.183845951,TRUE,FALSE,TRUE
15,196712,"p","2020-02-19 21:12:00",1060.36666666667,TRUE,1060.28333333333,0.0833333333400788,FALSE,TRUE,72.9835886603448,0.243278628848124,0.875803063853246,1.43678086363812,120239.282273494,-158885.078255002,TRUE,FALSE,TRUE
15,196712,"p","2020-02-19 21:17:00",1060.45,TRUE,1060.36666666667,0.0833333333300743,FALSE,TRUE,72.9835853944478,0.243278617991007,0.875803024767625,1.42889830244602,120201.735154395,-158947.972664052,TRUE,FALSE,TRUE
15,196712,"p","2020-02-19 21:22:00",1060.53333333333,TRUE,1060.45,0.0833333333298469,FALSE,TRUE,72.9835821271029,0.243278607100521,0.875802985561876,1.42101574156042,120164.188035296,-159010.867073108,TRUE,FALSE,TRUE
15,196712,"p","2020-02-19 21:27:00",1060.61666666667,TRUE,1060.53333333333,0.0833333333400788,FALSE,TRUE,72.9835788628012,0.243278596189645,0.875802946282722,1.41313318098154,120126.640916198,-159073.761482156,TRUE,FALSE,TRUE
15,196712,"p","2020-02-19 21:32:00",1060.7,TRUE,1060.61666666667,0.0833333333300743,FALSE,TRUE,72.983575598705,0.243278585338531,0.875802907218711,1.40525062070389,120089.093797099,-159136.655891212,TRUE,FALSE,TRUE
15,196712,"o","2020-02-19 21:34:00",1060.73333333333,TRUE,1060.7,0.0333333333298924,FALSE,TRUE,26.7444001122231,0.222870000958199,0.802332003449515,1.39522781043232,120075.521117256,-159159.812916682,TRUE,FALSE,TRUE
15,196712,"p","2020-02-19 21:37:00",1060.78333333333,TRUE,1060.73333333333,0.0499999999999545,FALSE,TRUE,227.60998220132,1.26449990111959,4.55219964403053,1.47855460407761,120212.467344278,-158976.920452598,TRUE,FALSE,TRUE
15,196712,"p","2020-02-19 21:42:00",1060.86666666667,TRUE,1060.78333333333,0.0833333333400788,FALSE,TRUE,383.448357897687,1.27816119288883,4.60138029439979,1.56313104600124,120443.121335643,-158668.765115539,TRUE,FALSE,TRUE
15,196712,"p","2020-02-19 21:47:00",1060.95,TRUE,1060.86666666667,0.0833333333300743,FALSE,TRUE,383.448456174098,1.27816152063031,4.60138147426913,1.64802534601508,120673.775327007,-158360.609778486,TRUE,FALSE,TRUE
15,196712,"o","2020-02-19 21:50:00",1061,TRUE,1060.95,0.0499999999999545,FALSE,TRUE,224.523136020883,1.24735075567271,4.49046272042174,1.72982258625173,120808.342664589,-158179.809958425,TRUE,FALSE,TRUE
15,196712,"p","2020-02-19 21:52:00",1061.03333333333,TRUE,1061,0.0333333333298924,FALSE,TRUE,256.42474420472,2.13687286859325,7.69274232693571,1.90057204134917,120620.676740923,-158356.112053357,TRUE,FALSE,TRUE
15,196712,"p","2020-02-19 21:57:00",1061.11666666667,TRUE,1061.03333333333,0.0833333333400788,FALSE,TRUE,654.982471596551,2.18327490514511,7.85978965852241,2.07596170367167,120141.949288666,-158807.100746137,TRUE,FALSE,TRUE
15,196712,"p","2020-02-19 22:02:00",1061.2,TRUE,1061.11666666667,0.0833333333300743,FALSE,TRUE,654.982155056474,2.18327385027363,7.85978586098507,2.25135126406338,119663.22183641,-159258.089438907,TRUE,FALSE,TRUE
15,196712,"o","2020-02-19 22:06:00",1061.26666666667,TRUE,1061.2,0.0666666666700166,FALSE,TRUE,523.923176944957,2.18301323716096,7.85884765377945,2.42671476669894,119278.668385822,-159617.119618035,TRUE,FALSE,TRUE
15,196712,"p","2020-02-19 22:07:00",1061.28333333333,TRUE,1061.26666666667,0.0166666666598303,FALSE,TRUE,154.015957866018,2.56693263215321,9.24095747575157,2.64047021239022,119126.20584565,-159643.768720351,TRUE,FALSE,TRUE
15,196712,"p","2020-02-19 22:12:00",1061.36666666667,TRUE,1061.28333333333,0.0833333333400788,FALSE,TRUE,776.332800526953,2.58777600154704,9.31599360556935,2.8563099985623,118356.035700965,-159768.210356549,TRUE,FALSE,TRUE
15,196712,"o","2020-02-19 22:16:00",1061.43333333333,TRUE,1061.36666666667,0.0666666666600122,FALSE,TRUE,617.166651230407,2.57152771371671,9.25749976938016,3.07052495949426,117743.829458222,-159867.517964439,TRUE,FALSE,TRUE
15,196712,"p","2020-02-19 22:17:00",1061.45,TRUE,1061.43333333333,0.0166666666700621,FALSE,TRUE,20.0598690754428,0.334331151189268,1.20359214428137,3.06102026771632,117731.629597034,-159883.538624871,TRUE,FALSE,TRUE
15,196712,"p","2020-02-19 22:22:00",1061.53333333333,TRUE,1061.45,0.0833333333298469,FALSE,TRUE,88.7414130787174,0.295804710274767,1.06489695698916,3.04766293537311,117690.279655973,-159962.413421759,TRUE,FALSE,TRUE
15,196712,"p","2020-02-19 22:27:00",1061.61666666667,TRUE,1061.53333333333,0.0833333333400788,FALSE,TRUE,88.7414085774545,0.295804695234238,1.06489690284326,3.03430560505504,117648.929714947,-160041.288218639,TRUE,FALSE,TRUE
15,196712,"p","2020-02-19 22:32:00",1061.7,TRUE,1061.61666666667,0.0833333333300743,FALSE,TRUE,88.7414040977897,0.295804680337534,1.06489684921512,3.02094827677647,117607.579773922,-160120.163015523,TRUE,FALSE,TRUE
15,196712,"p","2020-02-19 22:37:00",1061.78333333333,TRUE,1061.7,0.0833333333298469,FALSE,TRUE,88.7413996234856,0.295804665423994,1.06489679552638,3.00759095052042,117566.229832895,-160199.037812415,TRUE,FALSE,TRUE
15,196712,"p","2020-02-19 22:42:00",1061.86666666667,TRUE,1061.78333333333,0.0833333333400788,FALSE,TRUE,88.7413951541487,0.295804650489885,1.06489674176359,2.9942336262846,117524.87989187,-160277.912609299,TRUE,FALSE,TRUE
15,196712,"p","2020-02-19 22:47:00",1061.95,TRUE,1061.86666666667,0.0833333333300743,FALSE,TRUE,88.7413906857101,0.295804635630602,1.06489668827017,2.9808763040793,117483.529950845,-160356.787406179,TRUE,FALSE,TRUE
15,196712,"p","2020-02-19 22:52:00",1062.03333333333,TRUE,1061.95,0.0833333333298469,FALSE,TRUE,88.7413862261283,0.295804620766137,1.06489663475809,2.96751898388668,117442.180009818,-160435.662203071,TRUE,FALSE,TRUE
15,196712,"p","2020-02-19 22:57:00",1062.11666666667,TRUE,1062.03333333333,0.0833333333400788,FALSE,TRUE,88.7413817691227,0.295804605873132,1.06489658114327,2.9541616657055,117400.830068793,-160514.536999953,TRUE,FALSE,TRUE
15,196712,"p","2020-02-19 23:02:00",1062.2,TRUE,1062.11666666667,0.0833333333300743,FALSE,TRUE,88.7413773189762,0.295804591074822,1.06489652786936,2.94080434954669,117359.480127766,-160593.411796845,TRUE,FALSE,TRUE
15,196712,"p","2020-02-19 23:07:00",1062.28333333333,TRUE,1062.2,0.0833333333298469,FALSE,TRUE,88.7413728688598,0.295804576241908,1.06489647447087,2.92744703539001,117318.13018674,-160672.286593733,TRUE,FALSE,TRUE
15,196712,"p","2020-02-19 23:12:00",1062.36666666667,TRUE,1062.28333333333,0.0833333333400788,FALSE,TRUE,88.7413684241712,0.29580456138996,1.06489642100386,2.91408972323543,117276.780245715,-160751.161390615,TRUE,FALSE,TRUE
15,196712,"p","2020-02-19 23:17:00",1062.45,TRUE,1062.36666666667,0.0833333333300743,FALSE,TRUE,88.7413639885662,0.295804546640122,1.06489636790444,2.90073241309341,117235.430304689,-160830.036187499,TRUE,FALSE,TRUE
15,196712,"p","2020-02-19 23:22:00",1062.53333333333,TRUE,1062.45,0.0833333333298469,FALSE,TRUE,88.7413595506788,0.295804531847972,1.0648963146527,2.88737510494481,117194.080363663,-160908.910984384,TRUE,FALSE,TRUE
15,196712,"p","2020-02-19 23:27:00",1062.61666666667,TRUE,1062.53333333333,0.0833333333400788,FALSE,TRUE,88.7413551257645,0.295804517061938,1.06489626142298,2.87401779879104,117152.730422637,-160987.78578127,TRUE,FALSE,TRUE
15,196712,"p","2020-02-19 23:32:00",1062.7,TRUE,1062.61666666667,0.0833333333300743,FALSE,TRUE,88.7413506955517,0.295804502330074,1.06489620838827,2.86066049463684,117111.380481612,-161066.660578154,TRUE,FALSE,TRUE
15,196712,"p","2020-02-19 23:37:00",1062.78333333333,TRUE,1062.7,0.0833333333298469,FALSE,TRUE,88.7413462766277,0.295804487601134,1.06489615536408,2.84755412660558,117070.030540586,-161145.535375038,TRUE,FALSE,TRUE
15,196712,"p","2020-02-19 23:42:00",1062.86666666667,TRUE,1062.78333333333,0.0833333333400788,FALSE,TRUE,88.7413418626516,0.295804472851561,1.06489610226562,2.85263954573767,117028.68059956,-161224.410171931,TRUE,FALSE,TRUE
15,196712,"p","2020-02-19 23:47:00",1062.95,TRUE,1062.86666666667,0.0833333333300743,FALSE,TRUE,88.7413374487714,0.29580445817414,1.0648960494269,2.85789212757606,116987.330658534,-161303.284968817,TRUE,FALSE,TRUE
15,196712,"p","2020-02-19 23:52:00",1063.03333333333,TRUE,1062.95,0.0833333333298469,FALSE,TRUE,88.7413330417341,0.295804443484822,1.06489599654536,2.86314470903973,116945.980717508,-161382.159765696,TRUE,FALSE,TRUE
15,196712,"p","2020-02-19 23:57:00",1063.11666666667,TRUE,1063.03333333333,0.0833333333400788,FALSE,TRUE,88.7413286373323,0.295804428767164,1.06489594356179,2.86839729011734,116904.630776482,-161461.034562591,TRUE,FALSE,TRUE
15,196712,"p","2020-02-20 00:02:00",1063.2,TRUE,1063.11666666667,0.0833333333300743,FALSE,TRUE,88.7413242421561,0.295804414152089,1.06489589094752,2.8736498708225,116863.280835456,-161539.909359472,TRUE,FALSE,TRUE
15,196712,"p","2020-02-20 00:07:00",1063.28333333333,TRUE,1063.2,0.0833333333298469,FALSE,TRUE,88.7413198471479,0.295804399502868,1.06489583821033,2.87890245115382,116821.93089443,-161618.78415636,TRUE,FALSE,TRUE
15,196712,"p","2020-02-20 00:12:00",1063.36666666667,TRUE,1063.28333333333,0.0833333333400788,FALSE,TRUE,88.7413154588977,0.295804384839049,1.06489578542057,2.88415503110387,116780.580953404,-161697.658953245,TRUE,FALSE,TRUE
15,196712,"p","2020-02-20 00:17:00",1063.45,TRUE,1063.36666666667,0.0833333333300743,FALSE,TRUE,88.7413110696193,0.295804370243633,1.06489573287708,2.89144846803242,116739.231012378,-161776.53375013,TRUE,FALSE,TRUE
15,196712,"p","2020-02-20 00:22:00",1063.53333333333,TRUE,1063.45,0.0833333333298469,FALSE,TRUE,88.7413066957601,0.295804355664909,1.06489568039367,2.79457891348695,116697.881071352,-161855.408547011,TRUE,FALSE,TRUE
15,196712,"p","2020-02-20 00:27:00",1063.61666666667,TRUE,1063.53333333333,0.0833333333400788,FALSE,TRUE,88.7413023146695,0.295804341024954,1.06489562768984,2.69634322830056,116656.531130326,-161934.283343896,TRUE,FALSE,TRUE
15,196712,"p","2020-02-20 00:32:00",1063.7,TRUE,1063.61666666667,0.0833333333300743,FALSE,TRUE,88.7412979447108,0.295804326493938,1.06489557537818,2.59810750888692,116615.181189301,-162013.158140783,TRUE,FALSE,TRUE
15,196712,"p","2020-02-20 00:37:00",1063.78333333333,TRUE,1063.7,0.0833333333298469,FALSE,TRUE,88.7412935785498,0.295804311940875,1.06489552298715,2.50295286451374,116573.831248275,-162092.032937674,TRUE,FALSE,TRUE
15,196712,"p","2020-02-20 00:42:00",1063.86666666667,TRUE,1063.78333333333,0.0833333333400788,FALSE,TRUE,88.7412892146966,0.295804297358378,1.06489547049016,2.31884600739025,116532.481307249,-162170.90773455,TRUE,FALSE,TRUE
15,196712,"p","2020-02-20 00:47:00",1063.95,TRUE,1063.86666666667,0.0833333333300743,FALSE,TRUE,88.7412848614042,0.295804282882916,1.0648954183785,2.13009894516403,116491.131366223,-162249.782531437,TRUE,FALSE,TRUE
15,196712,"p","2020-02-20 00:52:00",1064.03333333333,TRUE,1063.95,0.0833333333298469,FALSE,TRUE,88.741280505801,0.295804268365046,1.06489536611416,1.94135198697318,116449.781425197,-162328.657328329,TRUE,FALSE,TRUE
15,196712,"p","2020-02-20 00:57:00",1064.11666666667,TRUE,1064.03333333333,0.0833333333400788,FALSE,TRUE,88.7412761568631,0.295804253832267,1.06489531379616,1.75263108864031,116408.431484171,-162407.532125213,TRUE,FALSE,TRUE
15,196712,"p","2020-02-20 01:02:00",1064.2,TRUE,1064.11666666667,0.0833333333300743,FALSE,TRUE,88.7412718118896,0.295804239384534,1.06489526178432,1.52551824936344,116367.081543146,-162486.406922096,TRUE,FALSE,TRUE
15,196712,"p","2020-02-20 01:07:00",1064.28333333333,TRUE,1064.2,0.0833333333298469,FALSE,TRUE,88.7412674725418,0.295804224920848,1.06489520971505,1.29632107170082,116325.731602119,-162565.281718984,TRUE,FALSE,TRUE
15,196712,"p","2020-02-20 06:22:00",1069.53333333333,TRUE,1069.45,0.0833333333298469,FALSE,TRUE,216.86372586395,0.722879086243409,2.60236471047627,1.23465157314384,114508.70085184,-166609.756930496,TRUE,FALSE,TRUE
15,196712,"o","2020-02-20 06:23:00",1069.55,TRUE,1069.53333333333,0.0166666666700621,FALSE,TRUE,43.3253050883477,0.72208841799202,2.59951830477127,1.27728003235034,114543.455408703,-166583.572738542,TRUE,FALSE,TRUE
15,196712,"p","2020-02-20 06:27:00",1069.61666666667,TRUE,1069.55,0.0666666666700166,FALSE,TRUE,828.136185218793,3.45056743823825,12.4220427776577,1.59275639497893,115201.995700218,-167091.391967202,TRUE,FALSE,TRUE
15,196712,"o","2020-02-20 06:32:00",1069.7,TRUE,1069.61666666667,0.0833333333300743,FALSE,TRUE,1036.72146875286,3.45573822931136,12.4406576255209,1.90874983811729,116025.852188408,-167727.829494289,TRUE,FALSE,TRUE
15,196712,"p","2020-02-20 06:37:00",1069.78333333333,TRUE,1069.7,0.0833333333298469,FALSE,TRUE,123.25156236049,0.410838541218822,1.47901874838776,1.92025331385079,116143.660718857,-167689.627727753,TRUE,FALSE,TRUE
15,196712,"p","2020-02-20 06:42:00",1069.86666666667,TRUE,1069.78333333333,0.0833333333400788,FALSE,TRUE,120.831914462277,0.402773048174986,1.44998297342995,1.93095024167487,116257.62066262,-167647.748579577,TRUE,FALSE,TRUE
15,196712,"p","2020-02-20 06:47:00",1069.95,TRUE,1069.86666666667,0.0833333333300743,FALSE,TRUE,120.831925777861,0.402773085941955,1.44998310939104,1.94164717467187,116371.580606382,-167605.869431395,TRUE,FALSE,TRUE
15,196712,"p","2020-02-20 06:52:00",1070.03333333333,TRUE,1069.95,0.0833333333298469,FALSE,TRUE,120.831937106972,0.402773123706756,1.44998324534432,1.95234411284469,116485.540550145,-167563.990283213,TRUE,FALSE,TRUE
15,196712,"p","2020-02-20 06:57:00",1070.11666666667,TRUE,1070.03333333333,0.0833333333400788,FALSE,TRUE,120.238865733015,0.400796219077609,1.44286638867939,1.96284336194542,116598.986396371,-167522.439631994,TRUE,FALSE,TRUE
15,196712,"p","2020-02-20 07:02:00",1070.2,TRUE,1070.11666666667,0.0833333333300743,FALSE,TRUE,26.6569807694716,0.0888566025683803,0.319883769246169,1.94214865078763,116618.117746042,-167541.153858178,TRUE,FALSE,TRUE
15,196712,"p","2020-02-20 07:07:00",1070.28333333333,TRUE,1070.2,0.0833333333298469,FALSE,TRUE,26.5274422623324,0.0884248075448073,0.318329307161306,1.92141076152279,116636.734998176,-167560.196581331,TRUE,FALSE,TRUE
15,196712,"p","2020-02-20 07:12:00",1070.36666666667,TRUE,1070.28333333333,0.0833333333400788,FALSE,TRUE,26.5274425386163,0.0884248084548966,0.318329310437628,1.90067287373418,116655.35225031,-167579.239304479,TRUE,FALSE,TRUE
15,196712,"p","2020-02-20 07:17:00",1070.45,TRUE,1070.36666666667,0.0833333333300743,FALSE,TRUE,26.5274428105771,0.0884248093720483,0.318329313739374,1.87993498742508,116673.969502444,-167598.282027626,TRUE,FALSE,TRUE
15,196712,"p","2020-02-20 07:22:00",1070.53333333333,TRUE,1070.45,0.0833333333298469,FALSE,TRUE,26.5274430915819,0.0884248103089725,0.318329317112301,1.8591971026007,116692.586754578,-167617.324750782,TRUE,FALSE,TRUE
15,196712,"p","2020-02-20 07:27:00",1070.61666666667,TRUE,1070.53333333333,0.0833333333400788,FALSE,TRUE,25.6129364599127,0.0853764548594649,0.307355237494074,1.83815438361247,116708.89379881,-167637.200336556,TRUE,FALSE,TRUE
15,196712,"p","2020-02-20 07:32:00",1070.7,TRUE,1070.61666666667,0.0833333333300743,FALSE,TRUE,440.499722346201,1.46833240787809,5.28599666836114,1.95540726130974,116301.378358405,-167809.869923418,TRUE,FALSE,TRUE
15,196712,"p","2020-02-20 07:37:00",1070.78333333333,TRUE,1070.7,0.0833333333298469,FALSE,TRUE,442.939931040171,1.47646643686234,5.31527917270442,2.0734735432909,115891.552710096,-167983.372372918,TRUE,FALSE,TRUE
15,196712,"o","2020-02-20 07:39:00",1070.81666666667,TRUE,1070.78333333333,0.0333333333401242,FALSE,TRUE,172.952141584049,1.44126784624012,5.18856424646443,2.18801996758643,115732.46036895,-168053.267399728,TRUE,FALSE,TRUE
15,196712,"p","2020-02-20 07:42:00",1070.86666666667,TRUE,1070.81666666667,0.0499999999999545,FALSE,TRUE,326.967600011002,1.81648666672944,6.53935200022599,2.34008827531029,116020.060869774,-168211.849338329,TRUE,FALSE,TRUE
15,196712,"p","2020-02-20 07:47:00",1070.95,TRUE,1070.86666666667,0.0833333333300743,FALSE,TRUE,552.375331261461,1.84125110427688,6.62850397539676,2.4946330281702,116507.458234776,-168476.97598103,TRUE,FALSE,TRUE
15,196712,"p","2020-02-20 07:52:00",1071.03333333333,TRUE,1070.95,0.0833333333298469,FALSE,TRUE,552.375507177336,1.84125169066815,6.62850608640535,2.64917784104155,116994.855599778,-168742.102623719,TRUE,FALSE,TRUE
15,196712,"p","2020-02-20 07:57:00",1071.11666666667,TRUE,1071.03333333333,0.0833333333400788,FALSE,TRUE,552.375684188111,1.84125228047799,6.62850820972078,2.80372271426837,117482.252964779,-169007.229266413,TRUE,FALSE,TRUE
15,196712,"o","2020-02-20 07:59:00",1071.15,TRUE,1071.11666666667,0.0333333333301198,FALSE,TRUE,218.418136278012,1.82015113582558,6.55254408897207,2.95615747440651,117674.876820121,-169112.248854249,TRUE,FALSE,TRUE
15,196712,"p","2020-02-20 08:02:00",1071.2,TRUE,1071.15,0.0499999999999545,FALSE,TRUE,57.0577164777697,0.316987313765676,1.14115432955643,2.95827585370713,117709.815789189,-169157.624857542,TRUE,FALSE,TRUE
15,196712,"p","2020-02-20 08:07:00",1071.28333333333,TRUE,1071.2,0.0833333333298469,FALSE,TRUE,91.4000801150335,0.304666933729525,1.09680096142629,2.95916219637387,117764.155586536,-169231.533080948,TRUE,FALSE,TRUE
15,196712,"o","2020-02-20 08:10:00",1071.33333333333,TRUE,1071.28333333333,0.0500000000001819,FALSE,TRUE,56.6498985910231,0.314721658837872,1.13299797181634,2.96105401292225,117797.810818973,-169277.359548402,TRUE,FALSE,TRUE
15,196712,"o","2020-02-20 08:11:00",1071.35,TRUE,1071.33333333333,0.0166666666698347,FALSE,TRUE,81.9440947555774,1.36573491233335,4.91664568440006,3.06804715618566,117846.170287677,-169343.882575413,TRUE,FALSE,TRUE
15,196712,"p","2020-02-20 08:12:00",1071.36666666667,TRUE,1071.35,0.0166666666700621,FALSE,TRUE,34.1340678919785,0.568901131417074,2.04804407310147,3.09535692272261,117879.677424296,-169351.212079733,TRUE,FALSE,TRUE
15,196712,"p","2020-02-20 08:17:00",1071.45,TRUE,1071.36666666667,0.0833333333300743,FALSE,TRUE,166.810205057939,0.556034016881543,2.00172246077356,3.12137997917292,118044.947062488,-169379.214284586,TRUE,FALSE,TRUE
15,196712,"p","2020-02-20 08:22:00",1071.53333333333,TRUE,1071.45,0.0833333333298469,FALSE,TRUE,166.810225302081,0.556034084363532,2.00172270370872,3.14740304373105,118210.216700676,-169407.216489423,TRUE,FALSE,TRUE
15,196712,"p","2020-02-20 08:27:00",1071.61666666667,TRUE,1071.53333333333,0.0833333333400788,FALSE,TRUE,166.810245583616,0.55603415190038,2.00172294684137,3.17342611640332,118375.486338862,-169435.218694269,TRUE,FALSE,TRUE
15,196712,"p","2020-02-20 08:32:00",1071.7,TRUE,1071.61666666667,0.0833333333300743,FALSE,TRUE,166.810265897012,0.556034219678453,2.00172319084243,3.19944919721696,118540.75597705,-169463.220899116,TRUE,FALSE,TRUE
15,196712,"o","2020-02-20 08:35:00",1071.75,TRUE,1071.7,0.0499999999999545,FALSE,TRUE,94.7105063008344,0.526169479449558,1.89421012601841,3.22301585893959,118634.483130623,-169479.745175463,TRUE,FALSE,TRUE
15,196712,"p","2020-02-20 08:37:00",1071.78333333333,TRUE,1071.75,0.0333333333298924,FALSE,TRUE,330.099002529826,2.75082502136585,9.90297007691706,3.42635198339169,118302.870842156,-169470.671078878,TRUE,FALSE,TRUE
15,196712,"o","2020-02-20 08:39:00",1071.81666666667,TRUE,1071.78333333333,0.0333333333401242,FALSE,TRUE,331.688372197811,2.76406976775198,9.95065116390711,3.63047107248916,117969.641496723,-169462.32037904,TRUE,FALSE,TRUE
15,196712,"p","2020-02-20 08:42:00",1071.86666666667,TRUE,1071.81666666667,0.0499999999999545,FALSE,TRUE,127.66522095936,0.709251227552643,2.55330441918951,3.62910829709998,117885.049544244,-169558.616403997,TRUE,FALSE,TRUE
15,196712,"p","2020-02-20 08:47:00",1071.95,TRUE,1071.86666666667,0.0833333333300743,FALSE,TRUE,209.933329178985,0.699777763957316,2.51919995024634,3.62679816487137,117750.425577401,-169720.77718443,TRUE,FALSE,TRUE
15,196712,"p","2020-02-20 08:52:00",1072.03333333333,TRUE,1071.95,0.0833333333298469,FALSE,TRUE,209.93330160396,0.699777672042476,2.51919961935291,3.62456709027641,117615.801610558,-169882.93796487,TRUE,FALSE,TRUE
15,196712,"p","2020-02-20 08:57:00",1072.11666666667,TRUE,1072.03333333333,0.0833333333400788,FALSE,TRUE,209.933274090259,0.699777580244221,2.5191992888792,3.34948810447701,117481.177643715,-170045.098745305,TRUE,FALSE,TRUE
15,196712,"o","2020-02-20 08:59:00",1072.15,TRUE,1072.11666666667,0.0333333333301198,FALSE,TRUE,83.2457396185942,0.693714496888497,2.49737218879859,3.07328573123472,117427.960528692,-170109.537909825,TRUE,FALSE,TRUE
15,196712,"p","2020-02-20 09:02:00",1072.2,TRUE,1072.15,0.0499999999999545,FALSE,TRUE,51.4412349139372,0.285784638411022,1.02882469827968,3.06078034095394,117416.931242905,-170159.95170772,TRUE,FALSE,TRUE
15,196712,"p","2020-02-20 09:07:00",1072.28333333333,TRUE,1072.2,0.0833333333298469,FALSE,TRUE,84.8261550955124,0.282753850330204,1.01791386118874,3.04877842116947,117399.603219451,-170243.266124792,TRUE,FALSE,TRUE
15,196712,"p","2020-02-20 09:12:00",1072.36666666667,TRUE,1072.28333333333,0.0833333333400788,FALSE,TRUE,84.826152713671,0.282753842356016,1.01791383248166,3.03677649681087,117382.275195998,-170326.580541852,TRUE,FALSE,TRUE
15,196712,"p","2020-02-20 09:17:00",1072.45,TRUE,1072.36666666667,0.0833333333300743,FALSE,TRUE,84.8261503470629,0.282753834501268,1.01791380420456,3.02477456789032,117364.947172544,-170409.894958931,TRUE,FALSE,TRUE
15,196712,"o","2020-02-20 09:19:00",1072.48333333333,TRUE,1072.45,0.0333333333298924,FALSE,TRUE,33.9267513893386,0.282722928273673,1.01780254178522,3.01296723880993,117358.714969868,-170443.354076274,TRUE,FALSE,TRUE
15,196712,"p","2020-02-20 09:22:00",1072.53333333333,TRUE,1072.48333333333,0.0499999999999545,FALSE,TRUE,92.5427032020785,0.514126128900903,1.85085406404325,3.05549419144318,117425.400320225,-170508.047801575,TRUE,FALSE,TRUE
15,196712,"p","2020-02-20 09:27:00",1072.61666666667,TRUE,1072.53333333333,0.0833333333400788,FALSE,TRUE,155.225002111033,0.517416673661563,1.86270002518163,3.09839337805486,117537.707581997,-170616.092927914,TRUE,FALSE,TRUE
15,196712,"p","2020-02-20 09:32:00",1072.7,TRUE,1072.61666666667,0.0833333333300743,FALSE,TRUE,155.225012451679,0.517416708192497,1.86270014949299,3.14129256802862,117650.014843769,-170724.138054261,TRUE,FALSE,TRUE
15,196712,"p","2020-02-20 09:37:00",1072.78333333333,TRUE,1072.7,0.0833333333298469,FALSE,TRUE,155.225022814488,0.517416742736608,1.86270027385179,3.18419176136507,117762.32210554,-170832.183180606,TRUE,FALSE,TRUE
15,196712,"p","2020-02-20 09:42:00",1072.86666666667,TRUE,1072.78333333333,0.0833333333400788,FALSE,TRUE,155.225033205538,0.517416777309911,1.86270039831568,3.22709095806517,117874.629367312,-170940.228306955,TRUE,FALSE,TRUE
15,196712,"p","2020-02-20 09:47:00",1072.95,TRUE,1072.86666666667,0.0833333333300743,FALSE,TRUE,155.225043615821,0.517416812072972,1.8627005234627,3.27029499378652,117986.936629083,-171048.273433295,TRUE,FALSE,TRUE
15,196712,"o","2020-02-20 09:51:00",1073.01666666667,TRUE,1072.95,0.0666666666700166,FALSE,TRUE,121.046865909465,0.504361941264093,1.81570298855073,3.17389794712512,118073.048945431,-171134.021461931,TRUE,FALSE,TRUE
15,196712,"p","2020-02-20 09:52:00",1073.03333333333,TRUE,1073.01666666667,0.0166666666598303,FALSE,TRUE,111.7766438984,1.86294406573748,6.70659863665494,3.21254571001263,117960.763834764,-171130.797068263,TRUE,FALSE,TRUE
15,196712,"o","2020-02-20 09:53:00",1073.05,TRUE,1073.03333333333,0.0166666666700621,FALSE,TRUE,113.046488726706,1.88410814506125,6.78278932222051,3.25682973989475,117847.216140072,-171127.113412676,TRUE,FALSE,TRUE
15,196712,"p","2020-02-20 09:57:00",1073.11666666667,TRUE,1073.05,0.0666666666700166,FALSE,TRUE,101.069276890141,0.421121987021094,1.51603915327594,3.11729327192391,117747.267580931,-171145.182242812,TRUE,FALSE,TRUE
15,196712,"p","2020-02-20 10:02:00",1073.2,TRUE,1073.11666666667,0.0833333333300743,FALSE,TRUE,123.365979588871,0.411219931978987,1.48039175512435,2.97429015469412,117625.420518283,-171168.054293629,TRUE,FALSE,TRUE
15,196712,"p","2020-02-20 10:07:00",1073.28333333333,TRUE,1073.2,0.0833333333298469,FALSE,TRUE,123.365967671313,0.411219892254914,1.48039161211769,2.8312869748528,117503.573455635,-171190.92634444,TRUE,FALSE,TRUE
15,196712,"p","2020-02-20 10:12:00",1073.36666666667,TRUE,1073.28333333333,0.0833333333400788,FALSE,TRUE,123.365955765217,0.411219852517436,1.48039146906277,2.68828373205674,117381.726392987,-171213.798395257,TRUE,FALSE,TRUE
15,196712,"o","2020-02-20 10:14:00",1073.4,TRUE,1073.36666666667,0.0333333333301198,FALSE,TRUE,47.8226248944276,0.39852187415865,1.43467874697114,2.54612080589005,117334.509748225,-171222.755527709,TRUE,FALSE,TRUE
15,196712,"p","2020-02-20 10:17:00",1073.45,TRUE,1073.4,0.0499999999999545,FALSE,TRUE,94.567899847466,0.525377221375289,1.89135799695104,2.56695979665101,117429.258200673,-171215.340596754,TRUE,FALSE,TRUE
15,196712,"p","2020-02-20 10:22:00",1073.53333333333,TRUE,1073.45,0.0833333333298469,FALSE,TRUE,160.154763276043,0.533849210942476,1.92185715939291,2.58987802437231,117589.709255241,-171202.662898698,TRUE,FALSE,TRUE
15,196712,"o","2020-02-20 10:23:00",1073.55,TRUE,1073.53333333333,0.0166666666700621,FALSE,TRUE,30.9500524318455,0.515834207092336,1.85700314553241,2.60998927919775,117620.759565607,-171200.836145511,TRUE,FALSE,TRUE
15,196712,"p","2020-02-20 10:27:00",1073.61666666667,TRUE,1073.55,0.0666666666700166,FALSE,TRUE,97.2200234418373,0.4050834309873,1.45830035155428,2.51392413106315,117595.875317043,-171295.144400056,TRUE,FALSE,TRUE
15,196712,"p","2020-02-20 10:32:00",1073.7,TRUE,1073.61666666667,0.0833333333300743,FALSE,TRUE,122.712653565676,0.409042178568251,1.4725518428457,2.49793823577826,117563.470130638,-171413.915701303,TRUE,FALSE,TRUE
15,196712,"p","2020-02-20 10:37:00",1073.78333333333,TRUE,1073.7,0.0833333333298469,FALSE,TRUE,122.712648065355,0.409042160234962,1.47255177684586,2.48323905011361,117531.064944233,-171532.687002545,TRUE,FALSE,TRUE
15,196712,"p","2020-02-20 10:42:00",1073.86666666667,TRUE,1073.78333333333,0.0833333333400788,FALSE,TRUE,122.712642578985,0.409042141896839,1.47255171082862,2.46853985586694,117498.659757835,-171651.458303785,TRUE,FALSE,TRUE
15,196712,"o","2020-02-20 10:43:00",1073.88333333333,TRUE,1073.86666666667,0.0166666666600577,FALSE,TRUE,25.0670064450173,0.417783440915956,1.50402038729744,2.45471478476849,117492.863157713,-171675.928943801,TRUE,FALSE,TRUE
15,196712,"p","2020-02-20 10:47:00",1073.95,TRUE,1073.88333333333,0.0666666666700166,FALSE,TRUE,213.43257194574,0.889302383062563,3.20148857902523,2.48804160110691,117567.801187737,-171876.515391501,TRUE,FALSE,TRUE
15,196712,"p","2020-02-20 10:52:00",1074.03333333333,TRUE,1073.95,0.0833333333298469,FALSE,TRUE,267.925194908792,0.89308398306667,3.21510233904001,2.52473305146862,117662.329271724,-172128.143925839,TRUE,FALSE,TRUE
15,196712,"p","2020-02-20 10:57:00",1074.11666666667,TRUE,1074.03333333333,0.0833333333400788,FALSE,TRUE,267.925202920762,0.893084009663582,3.21510243478889,2.33895895029839,117756.85735571,-172379.77246018,TRUE,FALSE,TRUE
15,196712,"p","2020-02-20 11:02:00",1074.2,TRUE,1074.11666666667,0.0833333333300743,FALSE,TRUE,267.925211050236,0.893084036869047,3.21510253272857,2.1518603772101,117851.385439696,-172631.400994521,TRUE,FALSE,TRUE
15,196712,"p","2020-02-20 11:07:00",1074.28333333333,TRUE,1074.2,0.0833333333298469,FALSE,TRUE,267.925219311737,0.893084064409819,3.21510263187535,2.17024366089582,117945.913523683,-172883.029528864,TRUE,FALSE,TRUE
15,196712,"p","2020-02-20 11:12:00",1074.36666666667,TRUE,1074.28333333333,0.0833333333400788,FALSE,TRUE,267.925227688367,0.893084092222265,3.21510273200015,2.18957429372231,118040.441607669,-173134.658063207,TRUE,FALSE,TRUE
15,196712,"p","2020-02-20 11:17:00",1074.45,TRUE,1074.36666666667,0.0833333333300743,FALSE,TRUE,267.925236197656,0.89308412069378,3.21510283449761,2.20890493858744,118134.969691655,-173386.286597555,TRUE,FALSE,TRUE
15,196712,"p","2020-02-20 11:22:00",1074.53333333333,TRUE,1074.45,0.0833333333298469,FALSE,TRUE,267.925244822082,0.893084149444304,3.21510293799949,2.22823559550745,118229.497775642,-173637.915131893,TRUE,FALSE,TRUE
15,196712,"p","2020-02-20 11:27:00",1074.61666666667,TRUE,1074.53333333333,0.0833333333400788,FALSE,TRUE,267.925253575553,0.893084178512887,3.21510304264639,2.24817256366989,118324.025859628,-173889.543666244,TRUE,FALSE,TRUE
15,196712,"o","2020-02-20 11:30:00",1074.66666666667,TRUE,1074.61666666667,0.0499999999999545,FALSE,TRUE,160.824172245123,0.893467623584828,3.21648344490538,2.30894086218727,118378.843970384,-174041.291784002,TRUE,FALSE,TRUE
15,196712,"p","2020-02-20 11:32:00",1074.7,TRUE,1074.66666666667,0.0333333333301198,FALSE,TRUE,186.12964292119,1.55108035782611,5.58388928817401,2.43577351293686,118277.700556991,-174198.36675126,TRUE,FALSE,TRUE
15,196712,"p","2020-02-20 11:37:00",1074.78333333333,TRUE,1074.7,0.0833333333298469,FALSE,TRUE,468.343683257815,1.5611456109247,5.62012419932891,2.56361268979373,118019.092865245,-174590.937186167,TRUE,FALSE,TRUE
15,196712,"p","2020-02-20 11:42:00",1074.86666666667,TRUE,1074.78333333333,0.0833333333400788,FALSE,TRUE,440.639206990803,1.46879735651712,5.28767048346162,2.68221704199531,117576.605115564,-174608.435337251,TRUE,FALSE,TRUE
15,196712,"p","2020-02-20 11:47:00",1074.95,TRUE,1074.86666666667,0.0833333333300743,FALSE,TRUE,441.560182688895,1.47186727568721,5.29872219247396,2.80113147673667,117133.115056714,-174623.88901219,TRUE,FALSE,TRUE
15,196712,"p","2020-02-20 11:52:00",1075.03333333333,TRUE,1074.95,0.0833333333298469,FALSE,TRUE,441.560033117258,1.47186677711911,5.29872039762878,2.89690554155849,116689.624997863,-174639.342687134,TRUE,FALSE,TRUE
15,196712,"o","2020-02-20 11:56:00",1075.1,TRUE,1075.03333333333,0.0666666666700166,FALSE,TRUE,348.717224693612,1.45298843615037,5.23075837014134,2.99046271780737,116339.462796378,-174653.645685232,TRUE,FALSE,TRUE
15,196712,"p","2020-02-20 11:57:00",1075.11666666667,TRUE,1075.1,0.0166666666700621,FALSE,TRUE,106.770678254754,1.77951130388336,6.40624069398011,3.11667217737645,116417.861862237,-174726.755612003,TRUE,FALSE,TRUE
15,196712,"p","2020-02-20 12:02:00",1075.2,TRUE,1075.11666666667,0.0833333333300743,FALSE,TRUE,557.35617545831,1.85785391826702,6.68827410576129,3.2507158949295,116833.006419265,-175102.00553645,TRUE,FALSE,TRUE
15,196712,"p","2020-02-20 12:07:00",1075.28333333333,TRUE,1075.2,0.0833333333298469,FALSE,TRUE,557.356320108144,1.85785440043821,6.68827584157755,3.38475965724233,117248.150976336,-175477.25546092,TRUE,FALSE,TRUE
15,196712,"p","2020-02-20 12:12:00",1075.36666666667,TRUE,1075.28333333333,0.0833333333400788,FALSE,TRUE,557.356465836639,1.85785488597175,6.68827758949829,3.5188034646322,117663.295533404,-175852.505385383,TRUE,FALSE,TRUE
15,196712,"p","2020-02-20 12:17:00",1075.45,TRUE,1075.36666666667,0.0833333333300743,FALSE,TRUE,557.356612691191,1.85785537570996,6.68827935255586,3.65415280807679,118078.440090473,-176227.755309848,TRUE,FALSE,TRUE
15,196712,"p","2020-02-20 12:22:00",1075.53333333333,TRUE,1075.45,0.0833333333298469,FALSE,TRUE,557.356760668396,1.85785586897238,6.68828112830057,3.65364398840028,118493.584647542,-176603.00523431,TRUE,FALSE,TRUE
15,196712,"o","2020-02-20 12:26:00",1075.6,TRUE,1075.53333333333,0.0666666666700166,FALSE,TRUE,443.528095555951,1.84803373139027,6.65292143300497,3.65003654703318,118823.909806617,-176901.656100837,TRUE,FALSE,TRUE
15,196712,"p","2020-02-20 12:27:00",1075.61666666667,TRUE,1075.6,0.0166666666700621,FALSE,TRUE,26.4536813634386,0.440894689300821,1.58722088148295,3.65201381726115,118842.317756255,-176920.79804873,TRUE,FALSE,TRUE
15,196712,"p","2020-02-20 12:32:00",1075.7,TRUE,1075.61666666667,0.0833333333300743,FALSE,TRUE,120.532880997718,0.401776270008106,1.44639457202918,3.65106945106407,118925.405071639,-177008.762423062,TRUE,FALSE,TRUE
15,196712,"p","2020-02-20 12:37:00",1075.78333333333,TRUE,1075.7,0.0833333333298469,FALSE,TRUE,120.532887268816,0.401776290912861,1.4463946472863,3.65012509092986,119008.492387007,-177096.726797393,TRUE,FALSE,TRUE
15,196712,"p","2020-02-20 12:42:00",1075.86666666667,TRUE,1075.78333333333,0.0833333333400788,FALSE,TRUE,120.532893572562,0.401776311876018,1.44639472275367,3.64918073686572,119091.579702375,-177184.691171711,TRUE,FALSE,TRUE
15,196712,"p","2020-02-20 12:47:00",1075.95,TRUE,1075.86666666667,0.0833333333300743,FALSE,TRUE,120.532899880766,0.4017763329516,1.44639479862576,3.64950618274501,119174.667017743,-177272.655546036,TRUE,FALSE,TRUE
15,196712,"p","2020-02-20 12:52:00",1076.03333333333,TRUE,1075.95,0.0833333333298469,FALSE,TRUE,120.532906209514,0.401776354048522,1.44639487457468,3.63714609601234,119257.754333112,-177360.619920342,TRUE,FALSE,TRUE
15,196712,"p","2020-02-20 12:57:00",1076.11666666667,TRUE,1076.03333333333,0.0833333333400788,FALSE,TRUE,120.532912545688,0.401776375119773,1.44639495043118,3.62393881243007,119340.841648479,-177448.584294673,TRUE,FALSE,TRUE
15,196712,"p","2020-02-20 13:02:00",1076.2,TRUE,1076.11666666667,0.0833333333300743,FALSE,TRUE,120.532918891197,0.401776396319702,1.44639502675093,3.6125330313528,119423.928963847,-177536.548668988,TRUE,FALSE,TRUE
15,196712,"p","2020-02-20 13:07:00",1076.28333333333,TRUE,1076.2,0.0833333333298469,FALSE,TRUE,120.532925251156,0.401776417520664,1.44639510307439,3.61220233000614,119507.016279216,-177624.513043308,TRUE,FALSE,TRUE
15,196712,"p","2020-02-20 13:12:00",1076.36666666667,TRUE,1076.28333333333,0.0833333333400788,FALSE,TRUE,120.532931621425,0.40177643870556,1.44639517934002,3.61147575601987,119590.103594583,-177712.477417631,TRUE,FALSE,TRUE
15,196712,"p","2020-02-20 13:17:00",1076.45,TRUE,1076.36666666667,0.0833333333300743,FALSE,TRUE,120.532938001551,0.401776460020882,1.44639525607517,3.61074918599846,119673.190909951,-177800.441791948,TRUE,FALSE,TRUE
15,196712,"p","2020-02-20 13:22:00",1076.53333333333,TRUE,1076.45,0.0833333333298469,FALSE,TRUE,120.532944397125,0.401776481340559,1.44639533282601,3.61002261994283,119756.278225319,-177888.406166275,TRUE,FALSE,TRUE
15,196712,"p","2020-02-20 13:27:00",1076.61666666667,TRUE,1076.53333333333,0.0833333333400788,FALSE,TRUE,120.532950799325,0.401776502631894,1.44639540947482,3.60842192611443,119839.365540688,-177976.370540588,TRUE,FALSE,TRUE
15,196712,"p","2020-02-20 13:32:00",1076.7,TRUE,1076.61666666667,0.0833333333300743,FALSE,TRUE,120.53295721597,0.401776524068946,1.4463954866482,3.55966934021507,119922.452856055,-178064.334914911,TRUE,FALSE,TRUE
15,196712,"p","2020-02-20 13:37:00",1076.78333333333,TRUE,1076.7,0.0833333333298469,FALSE,TRUE,120.532963642986,0.401776545493429,1.44639556377634,3.51053859645774,120005.540171423,-178152.29928923,TRUE,FALSE,TRUE
15,196712,"p","2020-02-20 13:42:00",1076.86666666667,TRUE,1076.78333333333,0.0833333333400788,FALSE,TRUE,120.532970081866,0.40177656690703,1.44639564086531,3.46140785218209,120088.62748679,-178240.263663558,TRUE,FALSE,TRUE
15,196712,"p","2020-02-20 13:47:00",1076.95,TRUE,1076.86666666667,0.0833333333300743,FALSE,TRUE,120.532976530638,0.401776588451173,1.44639571842422,3.4122771073403,120171.714802159,-178328.228037874,TRUE,FALSE,TRUE
15,196712,"p","2020-02-20 13:52:00",1077.03333333333,TRUE,1076.95,0.0833333333298469,FALSE,TRUE,120.532982990508,0.401776609985169,1.44639579594661,3.36314636189783,120254.802117527,-178416.192412195,TRUE,FALSE,TRUE
15,196712,"p","2020-02-20 13:57:00",1077.11666666667,TRUE,1077.03333333333,0.0833333333400788,FALSE,TRUE,120.532989465012,0.401776631517519,1.44639587346307,3.31401561582736,120337.889432895,-178504.156786516,TRUE,FALSE,TRUE
15,196712,"p","2020-02-20 14:02:00",1077.2,TRUE,1077.11666666667,0.0833333333300743,FALSE,TRUE,120.532995948286,0.401776653176665,1.446395951436,3.26488486907565,120420.976748262,-178592.121160835,TRUE,FALSE,TRUE
15,196712,"p","2020-02-20 14:07:00",1077.28333333333,TRUE,1077.2,0.0833333333298469,FALSE,TRUE,120.533002444465,0.401776674831694,1.4463960293941,3.21575412161439,120504.064063631,-178680.085535161,TRUE,FALSE,TRUE
15,196712,"p","2020-02-20 14:12:00",1077.36666666667,TRUE,1077.28333333333,0.0833333333400788,FALSE,TRUE,120.533008948648,0.401776696462973,1.4463961072667,3.1666233734094,120587.151378999,-178768.049909481,TRUE,FALSE,TRUE
15,196712,"p","2020-02-20 14:17:00",1077.45,TRUE,1077.36666666667,0.0833333333300743,FALSE,TRUE,120.533015467996,0.401776718242364,1.44639618567251,3.11745428287515,120670.238694367,-178856.014283796,TRUE,FALSE,TRUE
15,196712,"p","2020-02-20 14:22:00",1077.53333333333,TRUE,1077.45,0.0833333333298469,FALSE,TRUE,120.533021997512,0.401776740008516,1.44639626403066,3.00252392109339,120753.326009735,-178943.978658117,TRUE,FALSE,TRUE
15,196712,"p","2020-02-20 14:27:00",1077.61666666667,TRUE,1077.53333333333,0.0833333333400788,FALSE,TRUE,120.53302853668,0.40177676175641,1.44639634232308,2.88658703617656,120836.413325103,-179031.943032441,TRUE,FALSE,TRUE
15,196712,"p","2020-02-20 14:32:00",1077.7,TRUE,1077.61666666667,0.0833333333300743,FALSE,TRUE,120.533035088401,0.401776783643717,1.44639642111738,2.77988497888922,120919.500640471,-179119.907406756,TRUE,FALSE,TRUE
15,196712,"p","2020-02-20 14:37:00",1077.78333333333,TRUE,1077.7,0.0833333333298469,FALSE,TRUE,120.533041654169,0.401776805530707,1.44639649991054,2.67287593187357,121002.587955839,-179207.871781079,TRUE,FALSE,TRUE
15,196712,"p","2020-02-20 14:42:00",1077.86666666667,TRUE,1077.78333333333,0.0833333333400788,FALSE,TRUE,120.533048226524,0.401776827389224,1.44639657860121,2.56586693690058,121085.675271207,-179295.836155397,TRUE,FALSE,TRUE
15,196712,"p","2020-02-20 14:47:00",1077.95,TRUE,1077.86666666667,0.0833333333300743,FALSE,TRUE,120.533054814278,0.401776849396639,1.4463966578279,2.46074577822521,121168.762586575,-179383.800529725,TRUE,FALSE,TRUE
15,196712,"p","2020-02-20 14:52:00",1078.03333333333,TRUE,1077.95,0.0833333333298469,FALSE,TRUE,120.53306140988,0.401776871383076,1.44639673697908,2.32297233497518,121251.849901942,-179471.764904043,TRUE,FALSE,TRUE
15,196712,"p","2020-02-20 14:57:00",1078.11666666667,TRUE,1078.03333333333,0.0833333333400788,FALSE,TRUE,120.533068020312,0.401776893368518,1.44639681612666,2.17736463248533,121334.937217311,-179559.729278362,TRUE,FALSE,TRUE
15,196712,"p","2020-02-20 15:02:00",1078.2,TRUE,1078.11666666667,0.0833333333300743,FALSE,TRUE,120.533074638931,0.401776915478818,1.44639689572374,2.03175688398939,121418.024532679,-179647.693652681,TRUE,FALSE,TRUE
15,196712,"p","2020-02-20 15:07:00",1078.28333333333,TRUE,1078.2,0.0833333333298469,FALSE,TRUE,120.533081270526,0.401776937585228,1.44639697530682,1.88614908915074,121501.111848047,-179735.658027008,TRUE,FALSE,TRUE
15,196712,"p","2020-02-20 15:12:00",1078.36666666667,TRUE,1078.28333333333,0.0833333333400788,FALSE,TRUE,118.754730811891,0.395849102674261,1.42505676962734,1.73994846184717,121582.767126506,-179822.518105767,TRUE,FALSE,TRUE
15,196712,"p","2020-02-20 15:17:00",1078.45,TRUE,1078.36666666667,0.0833333333300743,FALSE,TRUE,213.958256198321,0.713194187355628,2.56749907448026,1.62548229368549,121401.706031997,-179706.788069512,TRUE,FALSE,TRUE
15,196712,"p","2020-02-20 15:22:00",1078.53333333333,TRUE,1078.45,0.0833333333298469,FALSE,TRUE,215.752128574158,0.719173761943947,2.58902554299821,1.51259629674086,121219.21290058,-179589.953737702,TRUE,FALSE,TRUE
15,196712,"p","2020-02-20 15:27:00",1078.61666666667,TRUE,1078.53333333333,0.0833333333400788,FALSE,TRUE,215.752100570252,0.719173668509293,2.58902520663346,1.54042419466171,121036.719769163,-179473.119405902,TRUE,FALSE,TRUE
15,196712,"p","2020-02-20 15:32:00",1078.7,TRUE,1078.61666666667,0.0833333333300743,FALSE,TRUE,215.75207263342,0.719173575472858,2.58902487170229,1.57216392520818,120854.226637746,-179356.285074088,TRUE,FALSE,TRUE
15,196712,"p","2020-02-20 15:37:00",1078.78333333333,TRUE,1078.7,0.0833333333298469,FALSE,TRUE,215.752044759308,0.719173482561114,2.58902453722001,1.60390364437301,120671.733506327,-179239.450742289,TRUE,FALSE,TRUE
15,196712,"p","2020-02-20 15:42:00",1078.86666666667,TRUE,1078.78333333333,0.0833333333400788,FALSE,TRUE,215.752016953799,0.719173389787784,2.58902420323602,1.63564335216419,120489.24037491,-179122.616410474,TRUE,FALSE,TRUE
15,196712,"p","2020-02-20 15:47:00",1078.95,TRUE,1078.86666666667,0.0833333333300743,FALSE,TRUE,215.751989210078,0.719173297395052,2.58902387062219,1.66738304860853,120306.747243493,-179005.782078669,TRUE,FALSE,TRUE
15,196712,"p","2020-02-20 15:52:00",1079.03333333333,TRUE,1078.95,0.0833333333298469,FALSE,TRUE,215.751961535673,0.719173205148999,2.5890235385364,1.69912273371858,120124.254112076,-178888.947746861,TRUE,FALSE,TRUE
15,196712,"p","2020-02-20 15:57:00",1079.11666666667,TRUE,1079.03333333333,0.0833333333400788,FALSE,TRUE,215.751933926232,0.719173113029228,2.58902320690522,1.73086240750952,119941.760980659,-178772.11341505,TRUE,FALSE,TRUE
15,196712,"p","2020-02-20 16:02:00",1079.2,TRUE,1079.11666666667,0.0833333333300743,FALSE,TRUE,215.751906378806,0.719173021290812,2.58902287664692,1.76260207000663,119759.267849241,-178655.279083239,TRUE,FALSE,TRUE
15,196712,"p","2020-02-20 16:07:00",1079.28333333333,TRUE,1079.2,0.0833333333298469,FALSE,TRUE,215.751878900594,0.719172929698734,2.58902254691544,1.79434172122444,119576.774717823,-178538.44475143,TRUE,FALSE,TRUE
15,196712,"p","2020-02-20 16:12:00",1079.36666666667,TRUE,1079.28333333333,0.0833333333400788,FALSE,TRUE,215.751851484632,0.719172838223895,2.58902221760602,1.82608136117628,119394.281586406,-178421.610419631,TRUE,FALSE,TRUE
15,196712,"p","2020-02-20 16:17:00",1079.45,TRUE,1079.36666666667,0.0833333333300743,FALSE,TRUE,215.751824136117,0.719172747148516,2.58902188973466,1.85782098988904,119211.788454989,-178304.776087818,TRUE,FALSE,TRUE
15,196712,"p","2020-02-20 16:22:00",1079.53333333333,TRUE,1079.45,0.0833333333298469,FALSE,TRUE,215.751796853311,0.719172656207791,2.58902156234805,1.88956060737576,119029.295323571,-178187.941756001,TRUE,FALSE,TRUE
15,196712,"p","2020-02-20 16:27:00",1079.61666666667,TRUE,1079.53333333333,0.0833333333400788,FALSE,TRUE,215.751769633266,0.719172565386005,2.58902123538962,1.92130021365117,118846.802192154,-178071.107424203,TRUE,FALSE,TRUE
15,196712,"p","2020-02-20 16:32:00",1079.7,TRUE,1079.61666666667,0.0833333333300743,FALSE,TRUE,215.7517424796,0.719172474960125,2.58902090985645,1.95303980874029,118664.309060737,-177954.273092394,TRUE,FALSE,TRUE
15,196712,"p","2020-02-20 16:37:00",1079.78333333333,TRUE,1079.7,0.0833333333298469,FALSE,TRUE,215.751715394749,0.71917238467925,2.5890205848453,1.98477939265887,118481.815929319,-177837.438760591,TRUE,FALSE,TRUE
15,196712,"p","2020-02-20 16:42:00",1079.86666666667,TRUE,1079.78333333333,0.0833333333400788,FALSE,TRUE,215.751688372582,0.71917229451706,2.58902026026142,2.01651896541988,118299.322797902,-177720.60442877,TRUE,FALSE,TRUE
15,196712,"p","2020-02-20 16:47:00",1079.95,TRUE,1079.86666666667,0.0833333333300743,FALSE,TRUE,215.75166141421,0.719172204742158,2.58901993707177,2.04825852704897,118116.829666484,-177603.770096968,TRUE,FALSE,TRUE
15,196712,"p","2020-02-20 16:52:00",1080.03333333333,TRUE,1079.95,0.0833333333298469,FALSE,TRUE,213.942905812059,0.713143019403366,2.56731486985212,2.07939516799079,117935.371490498,-177488.688932328,TRUE,FALSE,TRUE
15,196712,"p","2020-02-20 16:57:00",1080.11666666667,TRUE,1080.03333333333,0.0833333333400788,FALSE,TRUE,206.084888475512,0.686949628196103,2.47301866150597,2.10791246765865,117943.782538706,-177695.237549761,TRUE,FALSE,TRUE
15,196712,"p","2020-02-20 17:02:00",1080.2,TRUE,1080.11666666667,0.0833333333300743,FALSE,TRUE,207.875439064603,0.692918130242442,2.49450526887279,2.13702661536523,117953.228542346,-177903.539334363,TRUE,FALSE,TRUE
15,196712,"p","2020-02-20 17:07:00",1080.28333333333,TRUE,1080.2,0.0833333333298469,FALSE,TRUE,207.875434924943,0.692918116445466,2.49450521920368,2.16614075952661,117962.674545986,-178111.841118959,TRUE,FALSE,TRUE
15,196712,"p","2020-02-20 17:12:00",1080.36666666667,TRUE,1080.28333333333,0.0833333333400788,FALSE,TRUE,207.875430842949,0.692918102753741,2.49450516991347,2.19525490015568,117972.120549625,-178320.142903558,TRUE,FALSE,TRUE
15,196712,"p","2020-02-20 17:17:00",1080.45,TRUE,1080.36666666667,0.0833333333300743,FALSE,TRUE,207.875426817277,0.692918089418022,2.49450512190488,2.22436903727325,117981.566553265,-178528.44468816,TRUE,FALSE,TRUE
15,196712,"p","2020-02-20 17:22:00",1080.53333333333,TRUE,1080.45,0.0833333333298469,FALSE,TRUE,207.875422850523,0.692918076197401,2.49450507431064,2.25348317089214,117991.012556904,-178736.746472752,TRUE,FALSE,TRUE
15,196712,"p","2020-02-20 17:27:00",1080.61666666667,TRUE,1080.53333333333,0.0833333333400788,FALSE,TRUE,207.875418941549,0.692918063082409,2.49450502709667,2.28259730102474,118000.458560544,-178945.048257354,TRUE,FALSE,TRUE
15,196712,"p","2020-02-20 17:32:00",1080.7,TRUE,1080.61666666667,0.0833333333300743,FALSE,TRUE,207.875415091542,0.692918050332238,2.49450498119606,2.31171142769359,118009.904564184,-179153.350041956,TRUE,FALSE,TRUE
15,196712,"p","2020-02-20 17:37:00",1080.78333333333,TRUE,1080.7,0.0833333333298469,FALSE,TRUE,207.875411293618,0.692918037674383,2.49450493562778,2.34082555090796,118019.350567824,-179361.651826552,TRUE,FALSE,TRUE
15,196712,"p","2020-02-20 17:42:00",1080.86666666667,TRUE,1080.78333333333,0.0833333333400788,FALSE,TRUE,207.875407563148,0.692918025154406,2.49450489055586,2.36993967068448,118028.796571463,-179569.953611159,TRUE,FALSE,TRUE
15,196712,"p","2020-02-20 17:47:00",1080.95,TRUE,1080.86666666667,0.0833333333300743,FALSE,TRUE,207.875403877699,0.692918012952761,2.49450484662994,2.39905378704009,118038.242575103,-179778.255395747,TRUE,FALSE,TRUE
15,196712,"p","2020-02-20 17:52:00",1081.03333333333,TRUE,1080.95,0.0833333333298469,FALSE,TRUE,207.875400264073,0.692918000909233,2.49450480327324,2.4281678999927,118047.688578743,-179986.557180354,TRUE,FALSE,TRUE
15,196712,"p","2020-02-20 17:57:00",1081.11666666667,TRUE,1081.03333333333,0.0833333333400788,FALSE,TRUE,207.875396695311,0.692917988928283,2.49450476014182,2.45728200954868,118057.134582382,-180194.858964947,TRUE,FALSE,TRUE
15,196712,"p","2020-02-20 18:02:00",1081.2,TRUE,1081.11666666667,0.0833333333300743,FALSE,TRUE,207.875393194209,0.69291797734113,2.49450471842807,2.48639611573491,118066.580586022,-180403.160749554,TRUE,FALSE,TRUE
15,196712,"p","2020-02-20 18:07:00",1081.28333333333,TRUE,1081.2,0.0833333333298469,FALSE,TRUE,207.875389743614,0.692917965841035,2.49450467702773,2.51551021856049,118076.026589662,-180611.462534143,TRUE,FALSE,TRUE
15,196712,"p","2020-02-20 18:12:00",1081.36666666667,TRUE,1081.28333333333,0.0833333333400788,FALSE,TRUE,207.875386352151,0.692917954451083,2.4945046360239,2.54521710373818,118085.4725933,-180819.76431875,TRUE,FALSE,TRUE
15,196712,"p","2020-02-20 18:17:00",1081.45,TRUE,1081.36666666667,0.0833333333300743,FALSE,TRUE,207.875383025563,0.692917943445641,2.49450459640431,2.54318947934718,118094.918596941,-181028.066103348,TRUE,FALSE,TRUE
15,196712,"p","2020-02-20 18:22:00",1081.53333333333,TRUE,1081.45,0.0833333333298469,FALSE,TRUE,207.875379747981,0.692917932522258,2.49450455708013,2.54056389640501,118104.36460058,-181236.367887954,TRUE,FALSE,TRUE
15,196712,"p","2020-02-20 18:27:00",1081.61666666667,TRUE,1081.53333333333,0.0833333333400788,FALSE,TRUE,207.875376529672,0.692917921709487,2.49450451815415,2.53793832172503,118113.81060422,-181444.669672544,TRUE,FALSE,TRUE
15,196712,"o","2020-02-20 18:30:00",1081.66666666667,TRUE,1081.61666666667,0.0499999999999545,FALSE,TRUE,124.402682225,0.691126012361742,2.48805364450227,2.53513356541392,118120.321345715,-181569.285675937,TRUE,FALSE,TRUE
15,196712,"p","2020-02-20 18:32:00",1081.7,TRUE,1081.66666666667,0.0333333333301198,FALSE,TRUE,86.2040410443634,0.718367008772284,2.58612123158022,2.53505291803503,118185.802849088,-181625.889821925,TRUE,FALSE,TRUE
15,196712,"p","2020-02-20 18:37:00",1081.78333333333,TRUE,1081.7,0.0833333333298469,FALSE,TRUE,216.509745819972,0.721699152763432,2.59811694994836,2.5353054943326,118351.614455802,-181766.487518471,TRUE,FALSE,TRUE
15,196712,"p","2020-02-20 18:42:00",1081.86666666667,TRUE,1081.78333333333,0.0833333333400788,FALSE,TRUE,216.509770211588,0.721699233980208,2.59811724232875,2.53555808799111,118517.426062515,-181907.085215021,TRUE,FALSE,TRUE
15,196712,"p","2020-02-20 18:47:00",1081.95,TRUE,1081.86666666667,0.0833333333300743,FALSE,TRUE,216.509794667842,0.721699315587699,2.59811753611571,2.53581069903498,118683.237669229,-182047.682911575,TRUE,FALSE,TRUE
15,196712,"p","2020-02-20 18:52:00",1082.03333333333,TRUE,1081.95,0.0833333333298469,FALSE,TRUE,216.509819191228,0.721699397334287,2.59811783040343,2.53606332746549,118849.049275942,-182188.280608125,TRUE,FALSE,TRUE
15,196712,"p","2020-02-20 18:57:00",1082.11666666667,TRUE,1082.03333333333,0.0833333333400788,FALSE,TRUE,216.509843779836,0.721699479207701,2.59811812514772,2.53631597325718,119014.860882655,-182328.878304675,TRUE,FALSE,TRUE
15,196712,"p","2020-02-20 19:02:00",1082.2,TRUE,1082.11666666667,0.0833333333300743,FALSE,TRUE,216.509868433517,0.72169956147328,2.59811842130381,2.53656863643463,119180.672489368,-182469.476001221,TRUE,FALSE,TRUE
15,196712,"p","2020-02-20 19:07:00",1082.28333333333,TRUE,1082.2,0.0833333333298469,FALSE,TRUE,216.509893155099,0.721699643880522,2.59811871796988,2.53682131700029,119346.484096081,-182610.073697771,TRUE,FALSE,TRUE
15,196712,"p","2020-02-20 19:12:00",1082.36666666667,TRUE,1082.28333333333,0.0833333333400788,FALSE,TRUE,216.509917942058,0.721699726415109,2.59811901509439,2.53707401492695,119512.295702795,-182750.671394321,TRUE,FALSE,TRUE
15,196712,"p","2020-02-20 19:17:00",1082.45,TRUE,1082.36666666667,0.0833333333300743,FALSE,TRUE,216.509942795462,0.721699809346432,2.59811931364715,2.53732673024082,119678.107309508,-182891.269090868,TRUE,FALSE,TRUE
15,196712,"p","2020-02-20 19:22:00",1082.53333333333,TRUE,1082.45,0.0833333333298469,FALSE,TRUE,216.509967713165,0.721699892407409,2.59811961266667,2.53757946294296,119843.918916221,-183031.866787426,TRUE,FALSE,TRUE
15,196712,"p","2020-02-20 19:27:00",1082.61666666667,TRUE,1082.53333333333,0.0833333333400788,FALSE,TRUE,216.509992697896,0.721699975601234,2.59811991216444,2.53783221300707,120009.730522935,-183172.464483965,TRUE,FALSE,TRUE
15,196712,"p","2020-02-20 19:32:00",1082.7,TRUE,1082.61666666667,0.0833333333300743,FALSE,TRUE,216.510017748529,0.721700059189986,2.59812021308395,2.53808498045814,120175.542129648,-183313.062180519,TRUE,FALSE,TRUE
15,196712,"p","2020-02-20 19:37:00",1082.78333333333,TRUE,1082.7,0.0833333333298469,FALSE,TRUE,216.51004286289,0.721700142906494,2.59812051446338,2.53833776529709,120341.353736361,-183453.659877065,TRUE,FALSE,TRUE
15,196712,"p","2020-02-20 19:42:00",1082.86666666667,TRUE,1082.78333333333,0.0833333333400788,FALSE,TRUE,216.510068048375,0.7217002267695,2.5981208163702,2.53859056749982,120507.165343074,-183594.257573618,TRUE,FALSE,TRUE
15,196712,"p","2020-02-20 19:47:00",1082.95,TRUE,1082.86666666667,0.0833333333300743,FALSE,TRUE,216.510093295296,0.721700311012544,2.59812111964516,2.53944629666074,120672.976949788,-183734.855270163,TRUE,FALSE,TRUE
15,196712,"p","2020-02-20 19:52:00",1083.03333333333,TRUE,1082.95,0.0833333333298469,FALSE,TRUE,216.510118609803,0.721700395396203,2.59812142342633,2.54292137338075,120838.788556501,-183875.452966713,TRUE,FALSE,TRUE
15,196712,"p","2020-02-20 19:57:00",1083.11666666667,TRUE,1083.03333333333,0.0833333333400788,FALSE,TRUE,216.510143991107,0.721700479911938,2.59812172768298,2.5457996083477,121004.600163215,-184016.05066326,TRUE,FALSE,TRUE
15,196712,"p","2020-02-20 20:02:00",1083.2,TRUE,1083.11666666667,0.0833333333300743,FALSE,TRUE,216.510169434883,0.721700564811167,2.5981220333202,2.54867785318427,121170.411769927,-184156.648359812,TRUE,FALSE,TRUE
15,196712,"p","2020-02-20 20:07:00",1083.28333333333,TRUE,1083.2,0.0833333333298469,FALSE,TRUE,216.510194949434,0.721700649861641,2.59812233950191,2.55155610789506,121336.223376642,-184297.24605637,TRUE,FALSE,TRUE
15,196712,"o","2020-02-20 20:10:00",1083.33333333333,TRUE,1083.28333333333,0.0500000000001819,FALSE,TRUE,135.585398720444,0.75325221511084,2.71170797439902,2.55758952046434,121441.345058697,-184383.760016131,TRUE,FALSE,TRUE
15,196712,"p","2020-02-20 20:12:00",1083.36666666667,TRUE,1083.33333333333,0.0333333333398969,FALSE,TRUE,521.935041319167,4.34945867680329,15.6580512364918,2.92324358052493,121920.032849718,-184597.732549904,TRUE,FALSE,TRUE
15,196712,"p","2020-02-20 20:17:00",1083.45,TRUE,1083.36666666667,0.0833333333300743,FALSE,TRUE,1319.82788425992,4.39942628103846,15.8379346117385,3.29389440232053,123130.839122341,-185138.052238935,TRUE,FALSE,TRUE
15,196712,"o","2020-02-20 20:19:00",1083.48333333333,TRUE,1083.45,0.0333333333298924,FALSE,TRUE,522.218698300342,4.35182248628541,15.6665609506275,3.65978484591585,123609.468346639,-185352.848084978,TRUE,FALSE,TRUE
15,196712,"p","2020-02-20 20:22:00",1083.53333333333,TRUE,1083.48333333333,0.0499999999999545,FALSE,TRUE,202.208941263583,1.12338300702093,4.04417882527533,3.70283134285051,123708.131650102,-185530.151862203,TRUE,FALSE,TRUE
15,196712,"p","2020-02-20 20:27:00",1083.61666666667,TRUE,1083.53333333333,0.0833333333400788,FALSE,TRUE,330.572320612775,1.10190773528672,3.9668678470322,3.74373031386374,123863.081681284,-185823.438108274,TRUE,FALSE,TRUE
15,196712,"p","2020-02-20 20:32:00",1083.7,TRUE,1083.61666666667,0.0833333333300743,FALSE,TRUE,330.572353988256,1.10190784667061,3.96686824801421,3.78462929723552,124018.031712467,-186116.724354351,TRUE,FALSE,TRUE
15,196712,"p","2020-02-20 20:37:00",1083.78333333333,TRUE,1083.7,0.0833333333298469,FALSE,TRUE,330.572387593345,1.10190795869058,3.96686865128611,3.82552829301366,124172.98174365,-186410.010600424,TRUE,FALSE,TRUE
15,196712,"p","2020-02-20 20:42:00",1083.86666666667,TRUE,1083.78333333333,0.0833333333400788,FALSE,TRUE,330.572421433025,1.10190807135422,3.9668690568752,3.86642730125625,124327.931774832,-186703.296846496,TRUE,FALSE,TRUE
15,196712,"p","2020-02-20 20:47:00",1083.95,TRUE,1083.86666666667,0.0833333333300743,FALSE,TRUE,330.572455497006,1.10190818503311,3.96686946611921,3.90732632202545,124482.881806008,-186996.583092556,TRUE,FALSE,TRUE
15,196712,"o","2020-02-20 20:48:00",1083.96666666667,TRUE,1083.95,0.0166666666700621,FALSE,TRUE,64.8692716521577,1.0811545273157,3.89215629833653,3.94614997817292,124513.069072436,-187054.25037311,TRUE,FALSE,TRUE
15,196712,"p","2020-02-20 20:52:00",1084.03333333333,TRUE,1083.96666666667,0.0666666666597848,FALSE,TRUE,88.6491963288412,0.369371651408301,1.32973794506988,3.91379534786864,124518.733231587,-187142.992497818,TRUE,FALSE,TRUE
15,196712,"p","2020-02-20 20:57:00",1084.11666666667,TRUE,1084.03333333333,0.0833333333400788,FALSE,TRUE,109.520502075377,0.365068340221706,1.31424602479814,3.88101038754625,124524.810005756,-187252.682692876,TRUE,FALSE,TRUE
15,196712,"p","2020-02-20 21:02:00",1084.2,TRUE,1084.11666666667,0.0833333333300743,FALSE,TRUE,109.520501764505,0.365068339229294,1.31424602122546,3.84822542821695,124530.886779926,-187362.372887924,TRUE,FALSE,TRUE
15,196712,"p","2020-02-20 21:07:00",1084.28333333333,TRUE,1084.2,0.0833333333298469,FALSE,TRUE,109.520501459152,0.365068338212448,1.31424601756481,3.81544046986725,124536.963554094,-187472.063082981,TRUE,FALSE,TRUE
15,196712,"p","2020-02-20 21:12:00",1084.36666666667,TRUE,1084.28333333333,0.0833333333400788,FALSE,TRUE,109.520501169201,0.36506833720112,1.31424601392403,3.78283470235118,124543.040328264,-187581.753278035,TRUE,FALSE,TRUE
15,196712,"p","2020-02-20 21:17:00",1084.45,TRUE,1084.36666666667,0.0833333333300743,FALSE,TRUE,109.520500881953,0.365068336287455,1.31424601063484,3.7475048351027,124549.117102433,-187691.443473082,TRUE,FALSE,TRUE
15,196712,"p","2020-02-20 21:22:00",1084.53333333333,TRUE,1084.45,0.0833333333298469,FALSE,TRUE,109.520500601615,0.365068335353991,1.31424600727437,3.71184175336176,124555.193876602,-187801.133668146,TRUE,FALSE,TRUE
15,196712,"p","2020-02-20 21:27:00",1084.61666666667,TRUE,1084.53333333333,0.0833333333400788,FALSE,TRUE,109.520500333863,0.36506833441666,1.31424600389998,3.6761786634054,124561.270650771,-187910.82386319,TRUE,FALSE,TRUE
15,196712,"p","2020-02-20 21:32:00",1084.7,TRUE,1084.61666666667,0.0833333333300743,FALSE,TRUE,109.520500073036,0.365068333591062,1.31424600092782,3.64051556520574,124567.34742494,-188020.514058247,TRUE,FALSE,TRUE
15,196712,"p","2020-02-20 21:37:00",1084.78333333333,TRUE,1084.7,0.0833333333298469,FALSE,TRUE,109.52049982065,0.365068332750773,1.31424599790278,3.60485245874739,124573.42419911,-188130.204253301,TRUE,FALSE,TRUE
15,196712,"p","2020-02-20 21:42:00",1084.86666666667,TRUE,1084.78333333333,0.0833333333400788,FALSE,TRUE,109.520499577814,0.365068331896496,1.31424599482739,3.56918934401627,124579.50097328,-188239.894448352,TRUE,FALSE,TRUE
15,196712,"p","2020-02-20 21:47:00",1084.95,TRUE,1084.86666666667,0.0833333333300743,FALSE,TRUE,109.520499344858,0.365068331163805,1.3142459921897,3.53352622098532,124585.577747449,-188349.584643405,TRUE,FALSE,TRUE
15,196712,"p","2020-02-20 21:52:00",1085.03333333333,TRUE,1084.95,0.0833333333298469,FALSE,TRUE,109.520499111758,0.365068330387799,1.31424598939608,3.49786308963605,124591.654521618,-188459.274838455,TRUE,FALSE,TRUE
15,196712,"p","2020-02-20 21:57:00",1085.11666666667,TRUE,1085.03333333333,0.0833333333400788,FALSE,TRUE,109.520498896855,0.365068329626632,1.31424598665588,3.4621999499572,124597.731295787,-188568.965033513,TRUE,FALSE,TRUE
15,196712,"p","2020-02-20 22:02:00",1085.2,TRUE,1085.11666666667,0.0833333333300743,FALSE,TRUE,109.520498687515,0.365068328972659,1.31424598430157,3.42653680191982,124603.808069956,-188678.655228554,TRUE,FALSE,TRUE
15,196712,"p","2020-02-20 22:07:00",1085.28333333333,TRUE,1085.2,0.0833333333298469,FALSE,TRUE,109.520498483689,0.365068328294238,1.31424598185926,3.3908736455085,124609.884844126,-188788.345423608,TRUE,FALSE,TRUE
15,196712,"p","2020-02-20 22:12:00",1085.36666666667,TRUE,1085.28333333333,0.0833333333400788,FALSE,TRUE,109.520498292416,0.365068327611835,1.31424597940261,3.35521048070956,124615.961618295,-188898.035618662,TRUE,FALSE,TRUE
15,196712,"p","2020-02-20 22:17:00",1085.45,TRUE,1085.36666666667,0.0833333333300743,FALSE,TRUE,109.520498106688,0.36506832703657,1.31424597733165,3.31954730749422,124622.038392464,-189007.725813719,TRUE,FALSE,TRUE
15,196712,"p","2020-02-20 22:22:00",1085.53333333333,TRUE,1085.45,0.0833333333298469,FALSE,TRUE,109.520497927882,0.365068326441546,1.31424597518956,3.28388412584773,124628.115166633,-189117.416008772,TRUE,FALSE,TRUE
15,196712,"p","2020-02-20 22:27:00",1085.61666666667,TRUE,1085.53333333333,0.0833333333400788,FALSE,TRUE,109.520497764567,0.365068325852338,1.31424597306842,3.24822093575601,124634.191940803,-189227.106203833,TRUE,FALSE,TRUE
15,196712,"p","2020-02-20 22:32:00",1085.7,TRUE,1085.61666666667,0.0833333333300743,FALSE,TRUE,109.520497603762,0.365068325360149,1.31424597129654,3.21255773719077,124640.268714972,-189336.796398879,TRUE,FALSE,TRUE
15,196712,"p","2020-02-20 22:37:00",1085.78333333333,TRUE,1085.7,0.0833333333298469,FALSE,TRUE,109.520497450019,0.365068324848669,1.31424596945521,3.17689453013602,124646.345489141,-189446.486593932,TRUE,FALSE,TRUE
15,196712,"p","2020-02-20 22:42:00",1085.86666666667,TRUE,1085.78333333333,0.0833333333400788,FALSE,TRUE,109.52049731164,0.365068324342583,1.3142459676333,3.14123131457908,124652.42226331,-189556.176788984,TRUE,FALSE,TRUE
15,196712,"p","2020-02-20 22:47:00",1085.95,TRUE,1085.86666666667,0.0833333333300743,FALSE,TRUE,109.520497173192,0.365068323924916,1.3142459661297,3.10556809049046,124658.49903748,-189665.866984033,TRUE,FALSE,TRUE
15,196712,"p","2020-02-20 22:52:00",1086.03333333333,TRUE,1085.95,0.0833333333298469,FALSE,TRUE,109.520497051483,0.365068323520216,1.31424596467278,3.06990485785632,124664.575811649,-189775.557179086,TRUE,FALSE,TRUE
15,196712,"p","2020-02-20 22:57:00",1086.11666666667,TRUE,1086.03333333333,0.0833333333400788,FALSE,TRUE,109.520496932534,0.365068323078897,1.31424596308403,3.03108646865312,124670.652585818,-189885.247374137,TRUE,FALSE,TRUE
15,196712,"p","2020-02-20 23:02:00",1086.2,TRUE,1086.11666666667,0.0833333333300743,FALSE,TRUE,109.520496821896,0.365068322753931,1.31424596191415,2.63264743324819,124676.729359987,-189994.937569198,TRUE,FALSE,TRUE
15,196712,"p","2020-02-20 23:07:00",1086.28333333333,TRUE,1086.2,0.0833333333298469,FALSE,TRUE,109.520496725276,0.365068322432861,1.3142459607583,2.22921163738763,124682.806134156,-190104.627764246,TRUE,FALSE,TRUE
15,196712,"p","2020-02-20 23:12:00",1086.36666666667,TRUE,1086.28333333333,0.0833333333400788,FALSE,TRUE,109.520496630056,0.365068322070635,1.31424595945429,1.83053622096615,124688.882908327,-190214.317959294,TRUE,FALSE,TRUE
15,196712,"p","2020-02-20 23:17:00",1086.45,TRUE,1086.36666666667,0.0833333333300743,FALSE,TRUE,109.520496548585,0.365068321842895,1.31424595863442,1.75470475244834,124694.959682496,-190324.008154345,TRUE,FALSE,TRUE
15,196712,"p","2020-02-20 23:22:00",1086.53333333333,TRUE,1086.45,0.0833333333298469,FALSE,TRUE,109.520496474221,0.365068321596011,1.31424595774564,1.68102081107927,124701.036456665,-190433.698349401,TRUE,FALSE,TRUE
15,196712,"p","2020-02-20 23:27:00",1086.61666666667,TRUE,1086.53333333333,0.0833333333400788,FALSE,TRUE,109.520496405336,0.365068321321569,1.31424595675765,1.60733685854437,124707.113230834,-190543.388544458,TRUE,FALSE,TRUE
15,196712,"p","2020-02-20 23:32:00",1086.7,TRUE,1086.61666666667,0.0833333333300743,FALSE,TRUE,109.520496347621,0.365068321173013,1.31424595622285,1.53365289479261,124713.190005003,-190653.078739503,TRUE,FALSE,TRUE
15,196712,"p","2020-02-20 23:37:00",1086.78333333333,TRUE,1086.7,0.0833333333298469,FALSE,TRUE,109.520496299668,0.365068321014168,1.31424595565101,1.45996891975861,124719.266779172,-190762.768934564,TRUE,FALSE,TRUE
15,196712,"o","2020-02-20 23:41:00",1086.85,TRUE,1086.78333333333,0.0666666666700166,FALSE,TRUE,88.1737454336601,0.367390605955122,1.32260618143844,1.38651716185081,124725.661330808,-190850.983291412,TRUE,FALSE,TRUE
15,196712,"p","2020-02-20 23:42:00",1086.86666666667,TRUE,1086.85,0.0166666666700621,FALSE,TRUE,68.1849066859132,1.13641511120037,4.09109440032133,1.39204322023927,124782.20940066,-190889.602751713,TRUE,FALSE,TRUE
15,196712,"p","2020-02-20 23:47:00",1086.95,TRUE,1086.86666666667,0.0833333333300743,FALSE,TRUE,348.529427430022,1.16176475814551,4.18235312932383,1.47128253091299,125072.615411341,-191085.011057252,TRUE,FALSE,TRUE
15,196712,"p","2020-02-20 23:52:00",1087.03333333333,TRUE,1086.95,0.0833333333298469,FALSE,TRUE,348.529506582246,1.16176502198943,4.18235407916193,1.55095219908977,125363.021422036,-191280.419362801,TRUE,FALSE,TRUE
15,196712,"p","2020-02-20 23:57:00",1087.11666666667,TRUE,1087.03333333333,0.0833333333400788,FALSE,TRUE,348.529585996071,1.16176528655953,4.18235503161431,1.63062189382279,125653.42743273,-191475.82766834,TRUE,FALSE,TRUE
15,196712,"o","2020-02-20 23:59:00",1087.15,TRUE,1087.11666666667,0.0333333333301198,FALSE,TRUE,138.425784654987,1.15354820556944,4.15277354004997,1.70946988055849,125768.463148269,-191553.887804447,TRUE,FALSE,TRUE
15,196712,"p","2020-02-21 00:02:00",1087.2,TRUE,1087.15,0.0499999999999545,FALSE,TRUE,116.688083959955,0.648267133111451,2.33376167920122,1.73778976014952,125818.462443469,-191659.754057563,TRUE,FALSE,TRUE
15,196712,"p","2020-02-21 00:07:00",1087.28333333333,TRUE,1087.2,0.0833333333298469,FALSE,TRUE,193.534813157174,0.645116043884235,2.32241775798325,1.7657945309092,125899.916787569,-191836.025835919,TRUE,FALSE,TRUE
15,196712,"p","2020-02-21 00:12:00",1087.36666666667,TRUE,1087.28333333333,0.0833333333400788,FALSE,TRUE,193.534824596835,0.645116081937232,2.32241789497404,1.79379930556752,125981.37113167,-192012.297614257,TRUE,FALSE,TRUE
15,196712,"p","2020-02-21 00:17:00",1087.45,TRUE,1087.36666666667,0.0833333333300743,FALSE,TRUE,193.534836086032,0.645116120312003,2.32241803312321,1.82180408415706,126062.82547577,-192188.569392598,TRUE,FALSE,TRUE
15,196712,"p","2020-02-21 00:22:00",1087.53333333333,TRUE,1087.45,0.0833333333298469,FALSE,TRUE,193.534847625367,0.645116158778214,2.32241817160157,1.84980886667577,126144.279819872,-192364.841170952,TRUE,FALSE,TRUE
15,196712,"p","2020-02-21 00:27:00",1087.61666666667,TRUE,1087.53333333333,0.0833333333400788,FALSE,TRUE,193.534859208485,0.645116197309397,2.32241831031383,1.87781365313164,126225.734163961,-192541.112949302,TRUE,FALSE,TRUE
15,196712,"o","2020-02-21 00:28:00",1087.63333333333,TRUE,1087.61666666667,0.0166666666600577,FALSE,TRUE,39.3560270119922,0.655933783793307,2.36136162165591,1.90690019832132,126240.772029285,-192577.622782688,TRUE,FALSE,TRUE
15,196712,"p","2020-02-21 00:32:00",1087.7,TRUE,1087.63333333333,0.0666666666700166,FALSE,TRUE,346.063061438058,1.44192942258612,5.19094592131003,2.01458630746355,126121.286466438,-192903.653856158,TRUE,FALSE,TRUE
15,196712,"p","2020-02-21 00:37:00",1087.78333333333,TRUE,1087.7,0.0833333333298469,FALSE,TRUE,434.584129692295,1.44861376570159,5.21500955652572,2.12294085099493,125970.363258495,-193312.762045147,TRUE,FALSE,TRUE
15,196712,"o","2020-02-21 00:40:00",1087.83333333333,TRUE,1087.78333333333,0.0500000000001819,FALSE,TRUE,257.9504668903,1.43305814938534,5.15900933778724,2.2297398329708,125882.019309434,-193556.042137885,TRUE,FALSE,TRUE
15,196712,"p","2020-02-21 00:42:00",1087.86666666667,TRUE,1087.83333333333,0.0333333333398969,FALSE,TRUE,100.928061014826,0.84106717495794,3.02784182984858,2.27733971756933,125983.381728683,-193559.79462215,TRUE,FALSE,TRUE
15,196712,"p","2020-02-21 00:47:00",1087.95,TRUE,1087.86666666667,0.0833333333300743,FALSE,TRUE,257.672648744838,0.858908829183051,3.09207178505898,2.32672376765821,126242.312716068,-193563.713781183,TRUE,FALSE,TRUE
15,196712,"p","2020-02-21 00:52:00",1088.03333333333,TRUE,1087.95,0.0833333333298469,FALSE,TRUE,257.672703298529,0.858909011031029,3.0920724397117,2.37610783600013,126501.243703454,-193567.63294022,TRUE,FALSE,TRUE
15,196712,"p","2020-02-21 00:57:00",1088.11666666667,TRUE,1088.03333333333,0.0833333333400788,FALSE,TRUE,257.672757962779,0.85890919313974,3.09207309530306,2.42549192261044,126760.174690839,-193571.552099253,TRUE,FALSE,TRUE
15,196712,"p","2020-02-21 01:02:00",1088.2,TRUE,1088.11666666667,0.0833333333300743,FALSE,TRUE,257.672812739466,0.85890937583181,3.09207375299452,2.47487602754947,127019.105678223,-193575.471258291,TRUE,FALSE,TRUE
15,196712,"p","2020-02-21 01:07:00",1088.28333333333,TRUE,1088.2,0.0833333333298469,FALSE,TRUE,257.672867629138,0.858909558799727,3.09207441167902,2.52426015084421,127278.036665609,-193579.390417326,TRUE,FALSE,TRUE
15,196712,"p","2020-02-21 01:12:00",1088.36666666667,TRUE,1088.28333333333,0.0833333333400788,FALSE,TRUE,257.67292262953,0.858909742028909,3.09207507130407,2.57364429251109,127536.967652994,-193583.309576364,TRUE,FALSE,TRUE
15,196712,"p","2020-02-21 01:17:00",1088.45,TRUE,1088.36666666667,0.0833333333300743,FALSE,TRUE,257.672977742182,0.858909925840865,3.09207573302711,2.6230284526103,127795.898640379,-193587.228735396,TRUE,FALSE,TRUE
15,196712,"p","2020-02-21 01:22:00",1088.53333333333,TRUE,1088.45,0.0833333333298469,FALSE,TRUE,257.673032967114,0.858910109926313,3.09207639573473,2.67241263116868,128054.829627764,-193591.147894431,TRUE,FALSE,TRUE
15,196712,"p","2020-02-21 01:27:00",1088.61666666667,TRUE,1088.53333333333,0.0833333333400788,FALSE,TRUE,257.673088304007,0.858910294277167,3.0920770593978,2.7217968282039,128313.760615149,-193595.067053465,TRUE,FALSE,TRUE
15,196712,"p","2020-02-21 01:32:00",1088.7,TRUE,1088.61666666667,0.0833333333300743,FALSE,TRUE,257.673143752811,0.858910479209626,3.09207772515465,2.77118104377284,128572.691602533,-193598.986212501,TRUE,FALSE,TRUE
15,196712,"p","2020-02-21 01:37:00",1088.78333333333,TRUE,1088.7,0.0833333333298469,FALSE,TRUE,257.673199314684,0.858910664418214,3.09207839190557,2.82056527790678,128831.622589919,-193602.905371539,TRUE,FALSE,TRUE
15,196712,"p","2020-02-21 01:42:00",1088.86666666667,TRUE,1088.78333333333,0.0833333333400788,FALSE,TRUE,257.673254986309,0.858910849884839,3.09207905958542,2.86994953061987,129090.553577304,-193606.824530574,TRUE,FALSE,TRUE
15,196712,"p","2020-02-21 01:47:00",1088.95,TRUE,1088.86666666667,0.0833333333300743,FALSE,TRUE,257.673310771677,0.85891103593918,3.09207972938105,2.9193338019705,129349.484564688,-193610.743689617,TRUE,FALSE,TRUE
15,196712,"p","2020-02-21 01:52:00",1089.03333333333,TRUE,1088.95,0.0833333333298469,FALSE,TRUE,257.673366669275,0.858911222266852,3.09208040016067,2.96871809199012,129608.415552074,-193614.662848644,TRUE,FALSE,TRUE
15,196712,"p","2020-02-21 01:57:00",1089.11666666667,TRUE,1089.03333333333,0.0833333333400788,FALSE,TRUE,257.673422677183,0.858911408854418,3.0920810718759,3.01810240069127,129867.346539459,-193618.582007686,TRUE,FALSE,TRUE
15,196712,"p","2020-02-21 02:02:00",1089.2,TRUE,1089.11666666667,0.0833333333300743,FALSE,TRUE,257.673478798019,0.858911596026989,3.09208174569716,3.06748672813437,130126.277526844,-193622.501166712,TRUE,FALSE,TRUE
15,196712,"p","2020-02-21 02:07:00",1089.28333333333,TRUE,1089.2,0.0833333333298469,FALSE,TRUE,257.673535031849,0.858911783475431,3.09208242051155,3.11687107434976,130385.20851423,-193626.420325759,TRUE,FALSE,TRUE
15,196712,"p","2020-02-21 02:12:00",1089.36666666667,TRUE,1089.28333333333,0.0833333333400788,FALSE,TRUE,257.67359137561,0.858911971182508,3.09208309625703,3.16625543935071,130644.139501614,-193630.339484797,TRUE,FALSE,TRUE
15,196712,"p","2020-02-21 02:17:00",1089.45,TRUE,1089.36666666667,0.0833333333300743,FALSE,TRUE,257.673647832473,0.858912159475168,3.0920837741106,3.21563982319681,130903.070488999,-193634.258643826,TRUE,FALSE,TRUE
15,196712,"p","2020-02-21 02:22:00",1089.53333333333,TRUE,1089.45,0.0833333333298469,FALSE,TRUE,257.673704401459,0.858912348040798,3.09208445294687,3.26479199740537,131162.001476384,-193638.177802862,TRUE,FALSE,TRUE
15,196712,"p","2020-02-21 02:27:00",1089.61666666667,TRUE,1089.53333333333,0.0833333333400788,FALSE,TRUE,257.673761082232,0.858912536871249,3.0920851327365,3.23704173997246,131420.932463769,-193642.096961899,TRUE,FALSE,TRUE
15,196712,"p","2020-02-21 02:32:00",1089.7,TRUE,1089.61666666667,0.0833333333300743,FALSE,TRUE,257.673817875169,0.858912726284154,3.09208581462295,3.20675653678633,131679.863451154,-193646.016120929,TRUE,FALSE,TRUE
15,196712,"p","2020-02-21 02:37:00",1089.78333333333,TRUE,1089.7,0.0833333333298469,FALSE,TRUE,257.673874780782,0.858912915971873,3.09208649749874,3.17647132618457,131938.794438539,-193649.935279971,TRUE,FALSE,TRUE
15,196712,"p","2020-02-21 02:42:00",1089.86666666667,TRUE,1089.78333333333,0.0833333333400788,FALSE,TRUE,257.673931796775,0.858913105919724,3.09208718131101,3.14618610812059,132197.725425924,-193653.854439001,TRUE,FALSE,TRUE
15,196712,"p","2020-02-21 02:47:00",1089.95,TRUE,1089.86666666667,0.0833333333300743,FALSE,TRUE,257.67398892554,0.858913296452057,3.0920878672274,3.11672261720885,132456.656413309,-193657.773598037,TRUE,FALSE,TRUE
15,196712,"p","2020-02-21 02:52:00",1090.03333333333,TRUE,1089.95,0.0833333333298469,FALSE,TRUE,257.674046167437,0.858913487260725,3.09208855413861,3.13778725262378,132715.587400695,-193661.692757076,TRUE,FALSE,TRUE
15,196712,"p","2020-02-21 02:57:00",1090.11666666667,TRUE,1090.03333333333,0.0833333333400788,FALSE,TRUE,257.674103519282,0.858913678328081,3.09208924198109,3.15916701606816,132974.51838808,-193665.611916108,TRUE,FALSE,TRUE
15,196712,"p","2020-02-21 03:02:00",1090.2,TRUE,1090.11666666667,0.0833333333300743,FALSE,TRUE,257.674160984244,0.85891386998107,3.09208993193185,3.18054679487255,133233.449375464,-193669.531075149,TRUE,FALSE,TRUE
15,196712,"p","2020-02-21 03:07:00",1090.28333333333,TRUE,1090.2,0.0833333333298469,FALSE,TRUE,257.674218561818,0.858914061908662,3.09209062287118,3.20192658903221,133492.38036285,-193673.450234183,TRUE,FALSE,TRUE
15,196712,"p","2020-02-21 03:12:00",1090.36666666667,TRUE,1090.28333333333,0.0833333333400788,FALSE,TRUE,257.674276249825,0.858914254096557,3.09209131474761,3.22330639856405,133751.311350235,-193677.369393215,TRUE,FALSE,TRUE
15,196712,"p","2020-02-21 03:17:00",1090.45,TRUE,1090.36666666667,0.0833333333300743,FALSE,TRUE,257.674334050372,0.858914446868163,3.09209200872538,3.24468622351992,134010.24233762,-193681.288552254,TRUE,FALSE,TRUE
15,196712,"p","2020-02-21 03:22:00",1090.53333333333,TRUE,1090.45,0.0833333333298469,FALSE,TRUE,257.674391963744,0.858914639915081,3.09209270369429,3.2649843091321,134269.173325005,-193685.207711281,TRUE,FALSE,TRUE
15,196712,"p","2020-02-21 03:27:00",1090.61666666667,TRUE,1090.53333333333,0.0833333333400788,FALSE,TRUE,257.674449988189,0.858914833224437,3.09209339960797,3.20668285019593,134528.104312389,-193689.126870326,TRUE,FALSE,TRUE
15,196712,"p","2020-02-21 03:32:00",1090.7,TRUE,1090.61666666667,0.0833333333300743,FALSE,TRUE,257.674508125094,0.858915027117236,3.09209409762205,3.1477129763375,134787.035299774,-193693.046029361,TRUE,FALSE,TRUE
15,196712,"p","2020-02-21 03:37:00",1090.78333333333,TRUE,1090.7,0.0833333333298469,FALSE,TRUE,257.674566375044,0.85891522128608,3.09209479662989,3.09029868352757,135045.96628716,-193696.965188392,TRUE,FALSE,TRUE
15,196712,"p","2020-02-21 03:42:00",1090.86666666667,TRUE,1090.78333333333,0.0833333333400788,FALSE,TRUE,257.674624734918,0.858915415713533,3.09209549656872,3.09208350760313,135304.897274545,-193700.884347426,TRUE,FALSE,TRUE
15,196712,"p","2020-02-21 03:47:00",1090.95,TRUE,1090.86666666667,0.0833333333300743,FALSE,TRUE,257.67468320747,0.858915610725156,3.09209619861056,3.09208418575734,135563.82826193,-193704.803506462,TRUE,FALSE,TRUE
15,196712,"p","2020-02-21 03:52:00",1091.03333333333,TRUE,1090.95,0.0833333333298469,FALSE,TRUE,257.67474179367,0.858915806014835,3.09209690165341,3.09208486525572,135822.759249316,-193708.722665498,TRUE,FALSE,TRUE
15,196712,"p","2020-02-21 03:57:00",1091.11666666667,TRUE,1091.03333333333,0.0833333333400788,FALSE,TRUE,257.674800489361,0.858916001561677,3.09209760562204,3.09208554609792,136081.6902367,-193712.64182454,TRUE,FALSE,TRUE
15,196712,"p","2020-02-21 04:02:00",1091.2,TRUE,1091.11666666667,0.0833333333300743,FALSE,TRUE,257.67485929815,0.858916197694092,3.09209831169873,3.09208622828414,136340.621224085,-193716.560983574,TRUE,FALSE,TRUE
15,196712,"p","2020-02-21 04:07:00",1091.28333333333,TRUE,1091.2,0.0833333333298469,FALSE,TRUE,257.674918220065,0.858916394102818,3.09209901877015,3.09208691181445,136599.552211471,-193720.480142607,TRUE,FALSE,TRUE
15,196712,"p","2020-02-21 04:12:00",1091.36666666667,TRUE,1091.28333333333,0.0833333333400788,FALSE,TRUE,257.674977251979,0.858916590770406,3.09209972677346,3.0920875966886,136858.483198856,-193724.399301645,TRUE,FALSE,TRUE
15,196712,"p","2020-02-21 04:17:00",1091.45,TRUE,1091.36666666667,0.0833333333300743,FALSE,TRUE,257.675036396825,0.858916788023007,3.09210043688282,3.09208828290682,137117.414186241,-193728.318460671,TRUE,FALSE,TRUE
15,196712,"p","2020-02-21 04:22:00",1091.53333333333,TRUE,1091.45,0.0833333333298469,FALSE,TRUE,257.675095653643,0.858916985548076,3.09210114797308,3.09208897046899,137376.345173626,-193732.237619707,TRUE,FALSE,TRUE
15,196712,"p","2020-02-21 04:27:00",1091.61666666667,TRUE,1091.53333333333,0.0833333333400788,FALSE,TRUE,257.675155022486,0.858917183338762,3.09210186001954,3.09208965937515,137635.27616101,-193736.156778756,TRUE,FALSE,TRUE
15,196712,"p","2020-02-21 04:32:00",1091.7,TRUE,1091.61666666667,0.0833333333300743,FALSE,TRUE,257.675214503435,0.858917381711708,3.09210257416215,3.09209034962536,137894.207148395,-193740.075937784,TRUE,FALSE,TRUE
15,196712,"p","2020-02-21 04:37:00",1091.78333333333,TRUE,1091.7,0.0833333333298469,FALSE,TRUE,257.675274097194,0.858917580359914,3.09210328929569,3.09209104121953,138153.138135781,-193743.995096822,TRUE,FALSE,TRUE
15,196712,"p","2020-02-21 04:42:00",1091.86666666667,TRUE,1091.78333333333,0.0833333333400788,FALSE,TRUE,257.675333801053,0.858917779267317,3.09210400536234,3.09209173415778,138412.069123165,-193747.914255863,TRUE,FALSE,TRUE
15,196712,"p","2020-02-21 04:47:00",1091.95,TRUE,1091.86666666667,0.0833333333300743,FALSE,TRUE,257.675393618092,0.858917978760564,3.09210472353803,3.09209242843992,138671.00011055,-193751.83341489,TRUE,FALSE,TRUE
15,196712,"p","2020-02-21 04:52:00",1092.03333333333,TRUE,1091.95,0.0833333333298469,FALSE,TRUE,257.675453548036,0.858918178529386,3.09210544270579,3.09209312406617,138929.931097936,-193755.752573928,TRUE,FALSE,TRUE
15,196712,"p","2020-02-21 04:57:00",1092.11666666667,TRUE,1092.03333333333,0.0833333333400788,FALSE,TRUE,257.675513548259,0.858918378424672,3.09210616232882,3.0920938210232,139188.862085281,-193759.671732996,TRUE,FALSE,TRUE
15,196712,"o","2020-02-21 04:58:00",1092.13333333333,TRUE,1092.11666666667,0.0166666666600577,FALSE,TRUE,47.1720085946658,0.78620014355619,2.83032051680228,3.08482267577612,139236.072294502,-193763.972130947,TRUE,FALSE,TRUE
15,196712,"p","2020-02-21 05:02:00",1092.2,TRUE,1092.13333333333,0.0666666666700166,FALSE,TRUE,697.22381986458,2.90509924928977,10.4583572974432,3.28944142235755,138768.875925625,-194285.326727608,TRUE,FALSE,TRUE
15,196712,"p","2020-02-21 05:07:00",1092.28333333333,TRUE,1092.2,0.0833333333298469,FALSE,TRUE,878.590052504711,2.92863350847156,10.5430806304976,3.49641357608646,138179.160479154,-194941.41568115,TRUE,FALSE,TRUE
15,196712,"p","2020-02-21 05:12:00",1092.36666666667,TRUE,1092.28333333333,0.0833333333400788,FALSE,TRUE,878.589580284994,2.92863193404625,10.5430749625665,3.70338555354356,137589.445032685,-195597.504634688,TRUE,FALSE,TRUE
15,196712,"p","2020-02-21 05:17:00",1092.45,TRUE,1092.36666666667,0.0833333333300743,FALSE,TRUE,878.589112459816,2.92863037498059,10.5430693499301,3.91035735623754,136999.729586216,-196253.593588241,TRUE,FALSE,TRUE
15,196712,"p","2020-02-21 05:22:00",1092.53333333333,TRUE,1092.45,0.0833333333298469,FALSE,TRUE,878.588649023952,2.92862883020236,10.5430637887285,4.11732898557065,136410.014139746,-196909.682541778,TRUE,FALSE,TRUE
15,196712,"p","2020-02-21 05:27:00",1092.61666666667,TRUE,1092.53333333333,0.0833333333400788,FALSE,TRUE,878.588189977926,2.92862729968936,10.5430582788817,4.32430044291118,135820.298693276,-197565.771495319,TRUE,FALSE,TRUE
15,196712,"o","2020-02-21 05:32:00",1092.7,TRUE,1092.61666666667,0.0833333333300743,FALSE,TRUE,873.232737793443,2.91077579275864,10.4787928539311,4.52948673058985,135233.714036819,-198217.446245798,TRUE,FALSE,TRUE
15,196712,"p","2020-02-21 05:37:00",1092.78333333333,TRUE,1092.7,0.0833333333298469,FALSE,TRUE,158.121781573108,0.527072605265743,1.89746137895667,4.49630268052445,135221.492926112,-198059.307079162,TRUE,FALSE,TRUE
15,196712,"p","2020-02-21 05:42:00",1092.86666666667,TRUE,1092.78333333333,0.0833333333400788,FALSE,TRUE,162.305516418186,0.541018388016827,1.94766619686058,4.46451318968093,135212.402605417,-197896.75370945,TRUE,FALSE,TRUE
15,196712,"p","2020-02-21 05:47:00",1092.95,TRUE,1092.86666666667,0.0833333333300743,FALSE,TRUE,162.305515191449,0.541018383992656,1.94766618237356,4.43272367935413,135203.312284722,-197734.200339755,TRUE,FALSE,TRUE
15,196712,"p","2020-02-21 05:52:00",1093.03333333333,TRUE,1092.95,0.0833333333298469,FALSE,TRUE,162.305513995248,0.541018380006794,1.94766616802446,4.400934149522,135194.221964028,-197571.646970051,TRUE,FALSE,TRUE
15,196712,"p","2020-02-21 05:57:00",1093.11666666667,TRUE,1093.03333333333,0.0833333333400788,FALSE,TRUE,162.305512828486,0.541018376051161,1.94766615378418,4.36914460012901,135185.131643333,-197409.093600349,TRUE,FALSE,TRUE
15,196712,"p","2020-02-21 06:02:00",1093.2,TRUE,1093.11666666667,0.0833333333300743,FALSE,TRUE,162.30551168688,0.541018372310759,1.94766614031873,4.33735503116922,135176.041322638,-197246.540230646,TRUE,FALSE,TRUE
15,196712,"p","2020-02-21 06:07:00",1093.28333333333,TRUE,1093.2,0.0833333333298469,FALSE,TRUE,162.30551057444,0.541018368604102,1.94766612697477,4.30556544261997,135166.951001943,-197083.986860943,TRUE,FALSE,TRUE
15,196712,"p","2020-02-21 06:12:00",1093.36666666667,TRUE,1093.28333333333,0.0833333333400788,FALSE,TRUE,162.305509438416,0.541018364750928,1.94766611310334,4.27377583440825,135157.860681273,-196921.433491284,TRUE,FALSE,TRUE
15,196712,"o","2020-02-21 06:13:00",1093.38333333333,TRUE,1093.36666666667,0.0166666666600577,FALSE,TRUE,27.2856538693385,0.454760898002639,1.6371392328095,4.233360460217,135158.666372644,-196894.074876573,TRUE,FALSE,TRUE
15,196712,"p","2020-02-21 06:17:00",1093.45,TRUE,1093.38333333333,0.0666666666700166,FALSE,TRUE,732.157247106782,3.05065519612496,10.9823587060499,4.45253449650706,135538.044219193,-197523.266121211,TRUE,FALSE,TRUE
15,196712,"o","2020-02-21 06:18:00",1093.46666666667,TRUE,1093.45,0.0166666666700621,FALSE,TRUE,181.090871125228,3.01818118480559,10.8654522653001,4.66846111227589,135632.656235251,-197678.419871151,TRUE,FALSE,TRUE
15,196712,"p","2020-02-21 06:22:00",1093.53333333333,TRUE,1093.46666666667,0.0666666666597848,FALSE,TRUE,280.825517052728,1.17010632117382,4.21238275622575,4.69958022226466,135883.74093429,-197806.994801541,TRUE,FALSE,TRUE
15,196712,"o","2020-02-21 06:26:00",1093.6,TRUE,1093.53333333333,0.0666666666700166,FALSE,TRUE,277.764292836715,1.15735122009482,4.16646439234136,4.72942380270279,136133.409121695,-197931.566540362,TRUE,FALSE,TRUE
15,196712,"p","2020-02-21 06:27:00",1093.61666666667,TRUE,1093.6,0.0166666666700621,FALSE,TRUE,44.5634587922691,0.742724313053173,2.67380752699142,4.71780467293559,136176.897412464,-197942.239961549,TRUE,FALSE,TRUE
15,196712,"p","2020-02-21 06:32:00",1093.7,TRUE,1093.61666666667,0.0833333333300743,FALSE,TRUE,219.5958101534,0.731986033873294,2.63514972194386,4.70511169572144,136391.698230544,-197992.751490036,TRUE,FALSE,TRUE
15,196712,"p","2020-02-21 06:37:00",1093.78333333333,TRUE,1093.7,0.0833333333298469,FALSE,TRUE,219.59585189603,0.731986173017392,2.63515022286261,4.69241871286701,136606.49904862,-198043.263018519,TRUE,FALSE,TRUE
15,196712,"o","2020-02-21 06:39:00",1093.81666666667,TRUE,1093.78333333333,0.0333333333401242,FALSE,TRUE,86.5306492838849,0.721088743885469,2.59591947798769,4.67863596748615,136691.14593773,-198063.142649423,TRUE,FALSE,TRUE
15,196712,"p","2020-02-21 06:42:00",1093.86666666667,TRUE,1093.81666666667,0.0499999999999545,FALSE,TRUE,12.7444016009272,0.0708022311163268,0.254888032018776,4.5998245511875,136679.599497535,-198057.612714933,TRUE,FALSE,TRUE
15,196712,"p","2020-02-21 06:47:00",1093.95,TRUE,1093.86666666667,0.0833333333300743,FALSE,TRUE,23.3822868861588,0.0779409562902442,0.280587442644879,4.52172698773948,136658.233033679,-198047.854523302,TRUE,FALSE,TRUE
15,196712,"p","2020-02-21 06:52:00",1094.03333333333,TRUE,1093.95,0.0833333333298469,FALSE,TRUE,23.3822864442839,0.0779409548175405,0.280587437343146,4.44362940441894,136636.866569822,-198038.09633167,TRUE,FALSE,TRUE
15,196712,"p","2020-02-21 06:57:00",1094.11666666667,TRUE,1094.03333333333,0.0833333333400788,FALSE,TRUE,23.3822859987918,0.0779409533229969,0.280587431962789,4.36553180119643,136615.500105964,-198028.338140046,TRUE,FALSE,TRUE
15,196712,"p","2020-02-21 07:02:00",1094.2,TRUE,1094.11666666667,0.0833333333300743,FALSE,TRUE,23.382285557304,0.0779409518607281,0.280587426698621,4.28743417804863,136594.133642109,-198018.579948402,TRUE,FALSE,TRUE
15,196712,"o","2020-02-21 07:05:00",1094.25,TRUE,1094.2,0.0499999999999545,FALSE,TRUE,16.0342039059152,0.0890789105884991,0.320684078118597,4.2104503309363,136579.813494846,-198011.207831306,TRUE,FALSE,TRUE
15,196712,"p","2020-02-21 07:07:00",1094.28333333333,TRUE,1094.25,0.0333333333298924,FALSE,TRUE,164.319332191626,1.3693277684049,4.92957996625764,4.2614913497408,136461.473371526,-197896.271803262,TRUE,FALSE,TRUE
15,196712,"p","2020-02-21 07:12:00",1094.36666666667,TRUE,1094.28333333333,0.0833333333400788,FALSE,TRUE,416.110659048675,1.38703553004997,4.99332790817991,4.31430312481907,136161.872390855,-197605.138727848,TRUE,FALSE,TRUE
15,196712,"o","2020-02-21 07:14:00",1094.4,TRUE,1094.36666666667,0.0333333333301198,FALSE,TRUE,163.392989563165,1.36160824649098,4.90178968736752,4.36457215159211,136043.883869583,-197491.175101959,TRUE,FALSE,TRUE
15,196712,"p","2020-02-21 07:17:00",1094.45,TRUE,1094.4,0.0499999999999545,FALSE,TRUE,102.485820329538,0.569365668497951,2.04971640659262,4.33561690058897,136068.336235934,-197591.033519252,TRUE,FALSE,TRUE
15,196712,"p","2020-02-21 07:22:00",1094.53333333333,TRUE,1094.45,0.0833333333298469,FALSE,TRUE,175.569201435187,0.585230671475107,2.10683041731039,4.30824812989401,136112.176631517,-197761.613555213,TRUE,FALSE,TRUE
15,196712,"p","2020-02-21 07:27:00",1094.61666666667,TRUE,1094.53333333333,0.0833333333400788,FALSE,TRUE,175.569208102409,0.585230693627326,2.10683049705837,4.28815118490112,136156.017027099,-197932.193591161,TRUE,FALSE,TRUE
15,196712,"p","2020-02-21 07:32:00",1094.7,TRUE,1094.61666666667,0.0833333333300743,FALSE,TRUE,175.56921480503,0.585230716039655,2.10683057774276,4.05616433157611,136199.857422681,-198102.773627125,TRUE,FALSE,TRUE
15,196712,"p","2020-02-21 07:37:00",1094.78333333333,TRUE,1094.7,0.0833333333298469,FALSE,TRUE,175.569221545894,0.585230738510797,2.10683065863887,3.82182405458004,136243.697818263,-198273.353663072,TRUE,FALSE,TRUE
15,196712,"p","2020-02-21 07:42:00",1094.86666666667,TRUE,1094.78333333333,0.0833333333400788,FALSE,TRUE,175.569228320464,0.585230761020843,2.10683073967503,3.58748393727749,136287.538213844,-198443.93369904,TRUE,FALSE,TRUE
15,196712,"p","2020-02-21 07:47:00",1094.95,TRUE,1094.86666666667,0.0833333333300743,FALSE,TRUE,175.569235126368,0.585230783777446,2.10683082159881,3.35314397815718,136331.378609426,-198614.513735,TRUE,FALSE,TRUE
15,196712,"p","2020-02-21 07:52:00",1095.03333333333,TRUE,1094.95,0.0833333333298469,FALSE,TRUE,175.569241927365,0.585230806449033,2.10683090321652,3.11880417578185,136375.219005016,-198785.093770905,TRUE,FALSE,TRUE
15,196712,"o","2020-02-21 07:53:00",1095.05,TRUE,1095.03333333333,0.0166666666700621,FALSE,TRUE,30.5204886317938,0.508674810426265,1.83122931753456,2.87680892685554,136384.806254721,-198814.172597702,TRUE,FALSE,TRUE
15,196712,"p","2020-02-21 07:57:00",1095.11666666667,TRUE,1095.05,0.0666666666700166,FALSE,TRUE,623.505896584469,2.59794123563808,9.35258844829707,2.84552547114348,136540.595761384,-198208.331821249,TRUE,FALSE,TRUE
15,196712,"o","2020-02-21 07:58:00",1095.13333333333,TRUE,1095.11666666667,0.0166666666600577,FALSE,TRUE,153.552196225499,2.55920327143981,9.21313177718332,3.04873853776089,136578.789304549,-198059.085873667,TRUE,FALSE,TRUE
15,196712,"p","2020-02-21 08:02:00",1095.2,TRUE,1095.13333333333,0.0666666666700166,FALSE,TRUE,99.8626160763147,0.416094233630402,1.49793924106945,3.03624612232225,136594.129902769,-197960.086875074,TRUE,FALSE,TRUE
15,196712,"p","2020-02-21 08:07:00",1095.28333333333,TRUE,1095.2,0.0833333333298469,FALSE,TRUE,120.369786892819,0.40123262299285,1.44443744277426,3.02226754622227,136612.107367843,-197840.680053932,TRUE,FALSE,TRUE
15,196712,"p","2020-02-21 08:12:00",1095.36666666667,TRUE,1095.28333333333,0.0833333333400788,FALSE,TRUE,121.817069279217,0.40605689756452,1.46180483123227,3.00877139797804,136623.507669663,-197719.01333241,TRUE,FALSE,TRUE
15,196712,"o","2020-02-21 08:13:00",1095.38333333333,TRUE,1095.36666666667,0.0166666666600577,FALSE,TRUE,247.254857212617,4.12091428851106,14.8352914386398,3.36676098922403,136397.211759213,-197616.608465908,TRUE,FALSE,TRUE
15,196712,"p","2020-02-21 08:17:00",1095.45,TRUE,1095.38333333333,0.0666666666700166,FALSE,TRUE,142.183224843532,0.592430103484946,2.1327483725458,3.37190216234145,136539.076152899,-197633.665881826,TRUE,FALSE,TRUE
15,196712,"p","2020-02-21 08:22:00",1095.53333333333,TRUE,1095.45,0.0833333333298469,FALSE,TRUE,187.446809608401,0.624822698720811,2.24936171539492,3.38028259535312,136725.765236951,-197658.786661711,TRUE,FALSE,TRUE
15,196712,"p","2020-02-21 08:27:00",1095.61666666667,TRUE,1095.53333333333,0.0833333333400788,FALSE,TRUE,187.446840629279,0.62482280204702,2.24936208736927,3.38866303908273,136912.454321,-197683.907441604,TRUE,FALSE,TRUE
15,196712,"p","2020-02-21 08:32:00",1095.7,TRUE,1095.61666666667,0.0833333333300743,FALSE,TRUE,187.446871695316,0.624822905675488,2.24936246043176,3.40566923985001,137099.14340505,-197709.028221491,TRUE,FALSE,TRUE
15,196712,"p","2020-02-21 08:37:00",1095.78333333333,TRUE,1095.7,0.0833333333298469,FALSE,TRUE,187.446902804895,0.62482300937579,2.24936283375284,3.16308602117509,137285.832489102,-197734.14900137,TRUE,FALSE,TRUE
15,196712,"o","2020-02-21 08:41:00",1095.85,TRUE,1095.78333333333,0.0666666666700166,FALSE,TRUE,148.512859808681,0.618803582505076,2.22769289701827,2.92314826094504,137433.493020742,-197755.832446013,TRUE,FALSE,TRUE
15,196712,"p","2020-02-21 08:42:00",1095.86666666667,TRUE,1095.85,0.0166666666700621,FALSE,TRUE,66.4170975166227,1.10695162505153,3.98502585018551,2.91683279133281,137409.810016872,-197818.127001792,TRUE,FALSE,TRUE
15,196712,"p","2020-02-21 08:47:00",1095.95,TRUE,1095.86666666667,0.0833333333300743,FALSE,TRUE,342.500309024715,1.1416676967937,4.11000370845731,2.9152644390027,137282.941319616,-198137.533884252,TRUE,FALSE,TRUE
15,196712,"p","2020-02-21 08:52:00",1096.03333333333,TRUE,1095.95,0.0833333333298469,FALSE,TRUE,342.500270626125,1.14166756880151,4.11000324768545,2.95515876457754,137156.072622367,-198456.940766711,TRUE,FALSE,TRUE
15,196712,"o","2020-02-21 08:53:00",1096.05,TRUE,1096.03333333333,0.0166666666700621,FALSE,TRUE,66.2287296512042,1.10381216062853,3.9737237782627,2.99234137725306,137133.179767567,-198519.327554426,TRUE,FALSE,TRUE
15,196712,"p","2020-02-21 08:57:00",1096.11666666667,TRUE,1096.05,0.0666666666700166,FALSE,TRUE,265.137853225714,1.10474105505163,3.97706779818587,3.02961686545648,137397.280728931,-198554.602771485,TRUE,FALSE,TRUE
15,196712,"p","2020-02-21 09:02:00",1096.2,TRUE,1096.11666666667,0.0833333333300743,FALSE,TRUE,334.240932179912,1.11413644064328,4.0108911863158,3.06892163513226,137730.508036481,-198596.828556811,TRUE,FALSE,TRUE
15,196712,"p","2020-02-21 09:07:00",1096.28333333333,TRUE,1096.2,0.0833333333298469,FALSE,TRUE,334.241031726079,1.11413677246688,4.01089238088076,3.17325508926732,138063.735344032,-198639.054342133,TRUE,FALSE,TRUE
15,196712,"p","2020-02-21 09:12:00",1096.36666666667,TRUE,1096.28333333333,0.0833333333400788,FALSE,TRUE,334.241131514727,1.11413710495891,4.01089357785206,3.27687470413419,138396.962651582,-198681.280127457,TRUE,FALSE,TRUE
15,196712,"p","2020-02-21 09:17:00",1096.45,TRUE,1096.36666666667,0.0833333333300743,FALSE,TRUE,334.241231548778,1.1141374385395,4.01089477874219,3.38049435250638,138730.189959132,-198723.505912784,TRUE,FALSE,TRUE
15,196712,"p","2020-02-21 09:22:00",1096.53333333333,TRUE,1096.45,0.0833333333298469,FALSE,TRUE,334.241331828524,1.11413777280836,4.01089598211009,3.48411403445492,139063.417266684,-198765.731698106,TRUE,FALSE,TRUE
15,196712,"p","2020-02-21 09:27:00",1096.61666666667,TRUE,1096.53333333333,0.0833333333400788,FALSE,TRUE,329.790970060402,1.09930323344569,3.95749164040449,3.58625026261341,139392.313691146,-198806.554353067,TRUE,FALSE,TRUE
15,196712,"p","2020-02-21 09:32:00",1096.7,TRUE,1096.61666666667,0.0833333333300743,FALSE,TRUE,511.208279854284,1.70402759958092,6.13449935849132,3.74774513151266,138926.681783732,-198589.963727258,TRUE,FALSE,TRUE
15,196712,"o","2020-02-21 09:34:00",1096.73333333333,TRUE,1096.7,0.0333333333298924,FALSE,TRUE,203.534452473763,1.69612043745645,6.10603357484321,3.78042439841781,138741.087718526,-198504.170799463,TRUE,FALSE,TRUE
15,196712,"p","2020-02-21 09:37:00",1096.78333333333,TRUE,1096.73333333333,0.0499999999999545,FALSE,TRUE,30.1401063460076,0.16744503525575,0.602802126920699,3.65846534893839,138722.780456187,-198528.262409665,TRUE,FALSE,TRUE
15,196712,"p","2020-02-21 09:42:00",1096.86666666667,TRUE,1096.78333333333,0.0833333333400788,FALSE,TRUE,49.9067363155327,0.166355787704977,0.598880835737916,3.53894010305979,138696.253437263,-198570.756051098,TRUE,FALSE,TRUE
15,196712,"o","2020-02-21 09:43:00",1096.88333333333,TRUE,1096.86666666667,0.0166666666600577,FALSE,TRUE,10.6229228101473,0.177048713572662,0.637375368861582,3.49970840756726,138688.59931912,-198578.186555713,TRUE,FALSE,TRUE
15,196712,"p","2020-02-21 09:47:00",1096.95,TRUE,1096.88333333333,0.0666666666700166,FALSE,TRUE,385.696312316472,1.60706796790454,5.78544468445636,3.6018921372102,138321.259078559,-198454.762535376,TRUE,FALSE,TRUE
15,196712,"p","2020-02-21 09:52:00",1097.03333333333,TRUE,1096.95,0.0833333333298469,FALSE,TRUE,485.31394538634,1.61771315135548,5.82376734487973,3.70514038298302,137859.147884877,-198299.147230347,TRUE,FALSE,TRUE
15,196712,"o","2020-02-21 09:55:00",1097.08333333333,TRUE,1097.03333333333,0.0500000000001819,FALSE,TRUE,286.346278334303,1.59081265740701,5.72692556666522,3.80569857711975,137586.52366757,-198207.236079532,TRUE,FALSE,TRUE
15,196712,"p","2020-02-21 09:57:00",1097.11666666667,TRUE,1097.08333333333,0.0333333333398969,FALSE,TRUE,160.390552065827,1.33658793361871,4.81171656102736,3.88083429663054,137741.42919233,-198251.692501092,TRUE,FALSE,TRUE
15,196712,"p","2020-02-21 10:02:00",1097.2,TRUE,1097.11666666667,0.0833333333300743,FALSE,TRUE,413.080429772575,1.37693476596243,4.95696515746475,3.9600046971247,138140.299251482,-198366.478635464,TRUE,FALSE,TRUE
15,196712,"p","2020-02-21 10:07:00",1097.28333333333,TRUE,1097.2,0.0833333333298469,FALSE,TRUE,413.08057761048,1.37693525875921,4.95696693153315,4.03917514462288,138539.169310635,-198481.264769838,TRUE,FALSE,TRUE
15,196712,"p","2020-02-21 10:12:00",1097.36666666667,TRUE,1097.28333333333,0.0833333333400788,FALSE,TRUE,413.080725905417,1.3769357529066,4.95696871046377,4.11834563926864,138938.039369787,-198596.050904215,TRUE,FALSE,TRUE
15,196712,"p","2020-02-21 10:17:00",1097.45,TRUE,1097.36666666667,0.0833333333300743,FALSE,TRUE,413.080874663302,1.37693624893152,4.95697049615349,4.20517178311916,139336.909428939,-198710.837038586,TRUE,FALSE,TRUE
15,196712,"p","2020-02-21 10:22:00",1097.53333333333,TRUE,1097.45,0.0833333333298469,FALSE,TRUE,413.081023848895,1.37693674622059,4.95697228639413,4.08307133417741,139735.779488062,-198825.62317294,TRUE,FALSE,TRUE
15,196712,"o","2020-02-21 10:23:00",1097.55,TRUE,1097.53333333333,0.0166666666700621,FALSE,TRUE,78.6484265992872,1.31080710972107,4.71890559499587,3.95823171800554,139812.128941582,-198846.018518018,TRUE,FALSE,TRUE
15,196712,"p","2020-02-21 10:27:00",1097.61666666667,TRUE,1097.55,0.0666666666700166,FALSE,TRUE,339.472356747615,1.41446815304398,5.09208535095835,4.0580691099469,139626.564467527,-198560.31535012,TRUE,FALSE,TRUE
15,196712,"o","2020-02-21 10:31:00",1097.68333333333,TRUE,1097.61666666667,0.0666666666600122,FALSE,TRUE,339.94143065381,1.41642262786559,5.09912146031613,4.15958811043417,139439.695388655,-198274.898452746,TRUE,FALSE,TRUE
15,196712,"p","2020-02-21 10:32:00",1097.7,TRUE,1097.68333333333,0.0166666666700621,FALSE,TRUE,42.2694093174246,0.704490155146886,2.53616455852879,4.18943143619241,139468.959977755,-198305.625668624,TRUE,FALSE,TRUE
15,196712,"p","2020-02-21 10:37:00",1097.78333333333,TRUE,1097.7,0.0833333333298469,FALSE,TRUE,228.915451262424,0.763051504240003,2.74698541526401,3.8536451577653,139625.882690769,-198473.502509539,TRUE,FALSE,TRUE
15,196712,"p","2020-02-21 10:42:00",1097.86666666667,TRUE,1097.78333333333,0.0833333333400788,FALSE,TRUE,228.915483894812,0.763051612920942,2.74698580651539,3.8707073087089,139782.805403801,-198641.379350479,TRUE,FALSE,TRUE
15,196712,"p","2020-02-21 10:47:00",1097.95,TRUE,1097.86666666667,0.0833333333300743,FALSE,TRUE,228.91551657472,0.763051721945574,2.74698619900407,3.88453021103138,139939.728116835,-198809.256191415,TRUE,FALSE,TRUE
15,196712,"p","2020-02-21 10:52:00",1098.03333333333,TRUE,1097.95,0.0833333333298469,FALSE,TRUE,228.915549336241,0.763051831152726,2.74698659214981,3.89835311394195,140096.650829867,-198977.13303236,TRUE,FALSE,TRUE
15,196712,"p","2020-02-21 10:57:00",1098.11666666667,TRUE,1098.03333333333,0.0833333333400788,FALSE,TRUE,228.915582171618,0.763051940510295,2.74698698583706,3.91217601742543,140253.5735429,-199145.009873298,TRUE,FALSE,TRUE
15,196712,"p","2020-02-21 11:02:00",1098.2,TRUE,1098.11666666667,0.0833333333300743,FALSE,TRUE,228.915615084788,0.763052050312469,2.74698738112489,3.9259989215191,140410.496255933,-199312.886714239,TRUE,FALSE,TRUE
15,196712,"p","2020-02-21 11:07:00",1098.28333333333,TRUE,1098.2,0.0833333333298469,FALSE,TRUE,228.915648078564,0.763052160293805,2.7469877770577,3.94042377929797,140567.418968966,-199480.763555179,TRUE,FALSE,TRUE
15,196712,"o","2020-02-21 11:09:00",1098.31666666667,TRUE,1098.28333333333,0.0333333333401242,FALSE,TRUE,89.12518815029,0.742709901101107,2.67375564396399,3.90399960690293,140629.520843637,-199545.17247778,TRUE,FALSE,TRUE
15,196712,"p","2020-02-21 11:12:00",1098.36666666667,TRUE,1098.31666666667,0.0499999999999545,FALSE,TRUE,202.035189174046,1.12241771763461,4.0407037834846,3.90207460898702,140650.098592606,-199343.548205935,TRUE,FALSE,TRUE
15,196712,"p","2020-02-21 11:17:00",1098.45,TRUE,1098.36666666667,0.0833333333300743,FALSE,TRUE,341.149143193898,1.1371638106908,4.09378971848687,3.90162423317595,140683.282823319,-199002.938063221,TRUE,FALSE,TRUE
15,196712,"p","2020-02-21 11:22:00",1098.53333333333,TRUE,1098.45,0.0833333333298469,FALSE,TRUE,338.896423209625,1.12965474407934,4.06675707868564,3.90420849152103,140715.430913457,-198664.498994251,TRUE,FALSE,TRUE
15,196712,"p","2020-02-21 11:27:00",1098.61666666667,TRUE,1098.53333333333,0.0833333333400788,FALSE,TRUE,168.086453020816,0.5602881766907,2.01703743608652,3.84976320368494,140557.49235721,-198724.357352298,TRUE,FALSE,TRUE
15,196712,"p","2020-02-21 11:32:00",1098.7,TRUE,1098.61666666667,0.0833333333300743,FALSE,TRUE,169.826199574791,0.566087331938107,2.03791439497719,3.79495829281442,140398.51766039,-198786.386784072,TRUE,FALSE,TRUE
15,196712,"p","2020-02-21 11:37:00",1098.78333333333,TRUE,1098.7,0.0833333333298469,FALSE,TRUE,169.826175144428,0.566087250505112,2.0379141018184,3.74015334061824,140239.542963576,-198848.416215862,TRUE,FALSE,TRUE
15,196712,"o","2020-02-21 11:38:00",1098.8,TRUE,1098.78333333333,0.0166666666700621,FALSE,TRUE,33.126904551074,0.552115075738752,1.98761427265951,3.68395113769623,140208.694004275,-198860.919940157,TRUE,FALSE,TRUE
15,196712,"p","2020-02-21 11:42:00",1098.86666666667,TRUE,1098.8,0.0666666666700166,FALSE,TRUE,64.9948262751908,0.27081177613302,0.974922394078873,3.59961857145558,140220.918732981,-198924.961388542,TRUE,FALSE,TRUE
15,196712,"p","2020-02-21 11:47:00",1098.95,TRUE,1098.86666666667,0.0833333333300743,FALSE,TRUE,81.5916654685512,0.27197221823914,0.979099985660905,3.51540201599866,140237.382118953,-199005.135496431,TRUE,FALSE,TRUE
15,196712,"p","2020-02-21 11:52:00",1099.03333333333,TRUE,1098.95,0.0833333333298469,FALSE,TRUE,81.5916667164273,0.271972222399469,0.97910000063809,3.43266891489404,140253.845504926,-199085.309604322,TRUE,FALSE,TRUE
15,196712,"p","2020-02-21 11:57:00",1099.11666666667,TRUE,1099.03333333333,0.0833333333400788,FALSE,TRUE,81.5916679657803,0.271972226530586,0.97910001551011,3.289463377589,140270.308890897,-199165.48371223,TRUE,FALSE,TRUE
15,196712,"p","2020-02-21 12:02:00",1099.2,TRUE,1099.11666666667,0.0833333333300743,FALSE,TRUE,81.5916692226902,0.271972230752937,0.979100030710574,3.14704855691865,140286.772276869,-199245.657820123,TRUE,FALSE,TRUE
15,196712,"o","2020-02-21 12:06:00",1099.26666666667,TRUE,1099.2,0.0666666666700166,FALSE,TRUE,65.6934549346136,0.273722728880469,0.985401823969688,3.15767632628112,140300.931912817,-199310.018145143,TRUE,FALSE,TRUE
15,196712,"p","2020-02-21 12:07:00",1099.28333333333,TRUE,1099.26666666667,0.0166666666598303,FALSE,TRUE,45.5873449593273,0.759789082967106,2.73524069868158,3.21701965580734,140339.916242555,-199334.030537376,TRUE,FALSE,TRUE
15,196712,"p","2020-02-21 12:12:00",1099.36666666667,TRUE,1099.28333333333,0.0833333333400788,FALSE,TRUE,232.708496362061,0.775694987810749,2.7925019561187,3.27688428323115,140539.782527045,-199455.197692022,TRUE,FALSE,TRUE
15,196712,"p","2020-02-21 12:17:00",1099.45,TRUE,1099.36666666667,0.0833333333300743,FALSE,TRUE,232.708539056346,0.775695130218157,2.79250246878536,3.19374699946251,140739.648811544,-199576.364846682,TRUE,FALSE,TRUE
15,196712,"p","2020-02-21 12:22:00",1099.53333333333,TRUE,1099.45,0.0833333333298469,FALSE,TRUE,232.708581821499,0.775695272770784,2.79250298197482,3.10954521160404,140939.515096043,-199697.532001331,TRUE,FALSE,TRUE
15,196712,"p","2020-02-21 12:27:00",1099.61666666667,TRUE,1099.53333333333,0.0833333333400788,FALSE,TRUE,232.708624671929,0.775695415510309,2.79250349583711,3.02803348741437,141139.381380542,-199818.699155992,TRUE,FALSE,TRUE
15,196712,"p","2020-02-21 12:32:00",1099.7,TRUE,1099.61666666667,0.0833333333300743,FALSE,TRUE,232.708667600433,0.775695558698445,2.7925040113144,2.97194424992234,141339.247665041,-199939.866310647,TRUE,FALSE,TRUE
15,196712,"p","2020-02-21 12:37:00",1099.78333333333,TRUE,1099.7,0.0833333333298469,FALSE,TRUE,232.708710616489,0.775695702087417,2.7925045275147,2.91182034353484,141539.113949541,-200061.0334653,TRUE,FALSE,TRUE
15,196712,"p","2020-02-21 12:42:00",1099.86666666667,TRUE,1099.78333333333,0.0833333333400788,FALSE,TRUE,232.708753709103,0.77569584563422,2.79250504428319,2.85169640222234,141738.98023404,-200182.200619952,TRUE,FALSE,TRUE
15,196712,"p","2020-02-21 12:47:00",1099.95,TRUE,1099.86666666667,0.0833333333300743,FALSE,TRUE,232.708796887331,0.775695989654773,2.79250556275718,2.79157242589716,141938.846518538,-200303.367774605,TRUE,FALSE,TRUE
15,196712,"p","2020-02-21 12:52:00",1100.03333333333,TRUE,1099.95,0.0833333333298469,FALSE,TRUE,232.708840148343,0.775696133860263,2.79250608189695,2.73144841439003,142138.712803038,-200424.534929266,TRUE,FALSE,TRUE
15,196712,"p","2020-02-21 12:57:00",1100.11666666667,TRUE,1100.03333333333,0.0833333333400788,FALSE,TRUE,232.708883489084,0.775696278234158,2.79250660164297,2.67132436759139,142338.579087537,-200545.702083922,TRUE,FALSE,TRUE
15,196712,"p","2020-02-21 13:02:00",1100.2,TRUE,1100.11666666667,0.0833333333300743,FALSE,TRUE,232.708926891477,0.775696423001925,2.79250712280693,2.61781329891947,142538.445372014,-200666.869238572,TRUE,FALSE,TRUE
15,196712,"o","2020-02-21 13:03:00",1100.21666666667,TRUE,1100.2,0.0166666666700621,FALSE,TRUE,44.2949956753803,0.738249927772603,2.65769973998137,2.55019147639234,142576.058097964,-200690.626169748,TRUE,FALSE,TRUE
15,196712,"p","2020-02-21 13:07:00",1100.28333333333,TRUE,1100.21666666667,0.0666666666597848,FALSE,TRUE,188.911070654981,0.787129461143673,2.83366606011722,2.48726215972014,142388.091147021,-200717.34044004,TRUE,FALSE,TRUE
15,196712,"p","2020-02-21 13:12:00",1100.36666666667,TRUE,1100.28333333333,0.0833333333400788,FALSE,TRUE,238.963999487299,0.796546664893185,2.86756799361547,2.49646781069477,142150.181794629,-200750.137653198,TRUE,FALSE,TRUE
15,196712,"p","2020-02-21 13:17:00",1100.45,TRUE,1100.36666666667,0.0833333333300743,FALSE,TRUE,238.963947320145,0.796546491098302,2.86756736795389,2.4998173093806,141912.272442236,-200782.934866358,TRUE,FALSE,TRUE
15,196712,"p","2020-02-21 13:22:00",1100.53333333333,TRUE,1100.45,0.0833333333298469,FALSE,TRUE,238.963895244078,0.796546317513585,2.86756674304891,2.50316677983987,141674.363089842,-200815.732079527,TRUE,FALSE,TRUE
15,196712,"p","2020-02-21 13:27:00",1100.61666666667,TRUE,1100.53333333333,0.0833333333400788,FALSE,TRUE,238.963843253999,0.79654614411552,2.86756611881587,2.50651622205686,141436.45373745,-200848.529292683,TRUE,FALSE,TRUE
15,196712,"p","2020-02-21 13:32:00",1100.7,TRUE,1100.61666666667,0.0833333333300743,FALSE,TRUE,238.963791355779,0.796545971217082,2.86756549638149,2.5098656360633,141198.544385056,-200881.326505849,TRUE,FALSE,TRUE
15,196712,"p","2020-02-21 13:37:00",1100.78333333333,TRUE,1100.7,0.0833333333298469,FALSE,TRUE,238.963739546177,0.79654579852058,2.86756487467409,2.51321502186433,140960.635032663,-200914.123719012,TRUE,FALSE,TRUE
15,196712,"p","2020-02-21 13:42:00",1100.86666666667,TRUE,1100.78333333333,0.0833333333400788,FALSE,TRUE,238.963687824825,0.796545626018275,2.86756425366579,2.51656437943491,140722.725680271,-200946.920932167,TRUE,FALSE,TRUE
15,196712,"p","2020-02-21 13:47:00",1100.95,TRUE,1100.86666666667,0.0833333333300743,FALSE,TRUE,238.963636194478,0.796545454012746,2.86756363444589,2.5199137088068,140484.816327878,-200979.718145336,TRUE,FALSE,TRUE
15,196712,"p","2020-02-21 13:52:00",1101.03333333333,TRUE,1100.95,0.0833333333298469,FALSE,TRUE,238.963584653049,0.796545282210156,2.86756301595656,2.52529724691771,140246.906975484,-201012.515358503,TRUE,FALSE,TRUE
15,196712,"p","2020-02-21 13:57:00",1101.11666666667,TRUE,1101.03333333333,0.0833333333400788,FALSE,TRUE,238.963533198703,0.796545110597867,2.86756239815232,2.49270998621403,140008.997623092,-201045.312571665,TRUE,FALSE,TRUE
15,196712,"p","2020-02-21 14:02:00",1101.2,TRUE,1101.11666666667,0.0833333333300743,FALSE,TRUE,238.963481836674,0.796544939486733,2.86756178215224,2.45864809909363,139771.088270699,-201078.109784833,TRUE,FALSE,TRUE
15,196712,"p","2020-02-21 14:07:00",1101.28333333333,TRUE,1101.2,0.0833333333298469,FALSE,TRUE,238.96343056355,0.796544768578492,2.86756116688257,2.42533710154354,139533.178918305,-201110.906997988,TRUE,FALSE,TRUE
15,196712,"p","2020-02-21 14:12:00",1101.36666666667,TRUE,1101.28333333333,0.0833333333400788,FALSE,TRUE,238.963379377808,0.796544597861551,2.86756055230158,2.44896274366062,139295.269565912,-201143.704211154,TRUE,FALSE,TRUE
15,196712,"p","2020-02-21 14:17:00",1101.45,TRUE,1101.36666666667,0.0833333333300743,FALSE,TRUE,238.963328281918,0.796544427637544,2.86755993949516,2.47200845323057,139057.36021352,-201176.501424306,TRUE,FALSE,TRUE
15,196712,"p","2020-02-21 14:22:00",1101.53333333333,TRUE,1101.45,0.0833333333298469,FALSE,TRUE,238.963277276421,0.796544257621393,2.86755932743702,2.4950541539422,138819.450861127,-201209.298637472,TRUE,FALSE,TRUE
15,196712,"p","2020-02-21 14:27:00",1101.61666666667,TRUE,1101.53333333333,0.0833333333400788,FALSE,TRUE,238.963226359621,0.796544087800927,2.86755871608334,2.51949705514841,138581.541508734,-201242.095850639,TRUE,FALSE,TRUE
15,196712,"p","2020-02-21 14:32:00",1101.7,TRUE,1101.61666666667,0.0833333333300743,FALSE,TRUE,238.963175531537,0.796543918469608,2.86755810649059,2.57207026938207,138343.632156341,-201274.893063793,TRUE,FALSE,TRUE
15,196712,"p","2020-02-21 14:37:00",1101.78333333333,TRUE,1101.7,0.0833333333298469,FALSE,TRUE,238.963124794636,0.796543749348779,2.8675574976556,2.62452742249304,138105.722803947,-201307.69027696,TRUE,FALSE,TRUE
15,196712,"p","2020-02-21 14:42:00",1101.86666666667,TRUE,1101.78333333333,0.0833333333400788,FALSE,TRUE,237.716939111749,0.792389796975023,2.85260326911008,2.67656917995059,137869.189618363,-201341.283021114,TRUE,FALSE,TRUE
15,196712,"p","2020-02-21 14:47:00",1101.95,TRUE,1101.86666666667,0.0833333333300743,FALSE,TRUE,179.687702367891,0.598959007916395,2.15625242849902,2.70926785808917,137885.123076822,-201520.821037596,TRUE,FALSE,TRUE
15,196712,"p","2020-02-21 14:52:00",1102.03333333333,TRUE,1101.95,0.0833333333298469,FALSE,TRUE,180.603488580097,0.60201162862551,2.16724186305184,2.74227179787643,137902.43270209,-201701.154585058,TRUE,FALSE,TRUE
15,196712,"p","2020-02-21 14:57:00",1102.11666666667,TRUE,1102.03333333333,0.0833333333400788,FALSE,TRUE,180.603492076848,0.602011640207429,2.16724190474674,2.77510068900913,137919.742327358,-201881.488132517,TRUE,FALSE,TRUE
15,196712,"p","2020-02-21 15:02:00",1102.2,TRUE,1102.11666666667,0.0833333333300743,FALSE,TRUE,180.603495608702,0.60201165205255,2.16724194738918,2.75932294591767,137937.051952626,-202061.821679973,TRUE,FALSE,TRUE
15,196712,"p","2020-02-21 15:07:00",1102.28333333333,TRUE,1102.2,0.0833333333298469,FALSE,TRUE,180.603499178292,0.602011663952826,2.16724199023017,2.74195461353188,137954.361577893,-202242.15522744,TRUE,FALSE,TRUE
15,196712,"p","2020-02-21 15:12:00",1102.36666666667,TRUE,1102.28333333333,0.0833333333400788,FALSE,TRUE,180.603502784306,0.602011675898956,2.16724203323624,2.72458626809996,137971.671203161,-202422.488774906,TRUE,FALSE,TRUE
15,196712,"p","2020-02-21 15:17:00",1102.45,TRUE,1102.36666666667,0.0833333333300743,FALSE,TRUE,180.603506433623,0.60201168813562,2.16724207728823,2.70721790963644,137988.980828428,-202602.822322369,TRUE,FALSE,TRUE
15,196712,"p","2020-02-21 15:22:00",1102.53333333333,TRUE,1102.45,0.0833333333298469,FALSE,TRUE,180.603510113728,0.602011700404281,2.16724212145541,2.68984953812584,138006.290453696,-202783.155869826,TRUE,FALSE,TRUE
15,196712,"p","2020-02-21 15:27:00",1102.61666666667,TRUE,1102.53333333333,0.0833333333400788,FALSE,TRUE,180.603513837291,0.60201171274224,2.16724216587206,2.67248115353022,138023.600078963,-202963.489417297,TRUE,FALSE,TRUE
15,196712,"p","2020-02-21 15:32:00",1102.7,TRUE,1102.61666666667,0.0833333333300743,FALSE,TRUE,180.603517597186,0.602011725347498,2.16724221125099,2.65511275585623,138040.909704231,-203143.822964751,TRUE,FALSE,TRUE
15,196712,"p","2020-02-21 15:37:00",1102.78333333333,TRUE,1102.7,0.0833333333298469,FALSE,TRUE,180.603521394856,0.602011738008041,2.16724225682895,2.63774434509361,138058.219329499,-203324.156512222,TRUE,FALSE,TRUE
15,196712,"p","2020-02-21 15:42:00",1102.86666666667,TRUE,1102.78333333333,0.0833333333400788,FALSE,TRUE,180.603525228989,0.602011750714568,2.16724230257244,2.62037592119959,138075.528954766,-203504.490059683,TRUE,FALSE,TRUE
15,196712,"p","2020-02-21 15:47:00",1102.95,TRUE,1102.86666666667,0.0833333333300743,FALSE,TRUE,180.603529099463,0.602011763688419,2.16724234927831,2.6030074841824,138092.838580034,-203684.823607145,TRUE,FALSE,TRUE
15,196712,"p","2020-02-21 15:52:00",1103.03333333333,TRUE,1102.95,0.0833333333298469,FALSE,TRUE,180.60353301199,0.602011776731821,2.16724239623456,2.58563903403217,138110.148205302,-203865.1571546,TRUE,FALSE,TRUE
15,196712,"p","2020-02-21 15:57:00",1103.11666666667,TRUE,1103.03333333333,0.0833333333400788,FALSE,TRUE,180.603536962319,0.602011789825667,2.1672424433724,2.56827057071454,138127.457830569,-204045.490702073,TRUE,FALSE,TRUE
15,196712,"p","2020-02-21 16:02:00",1103.2,TRUE,1103.11666666667,0.0833333333300743,FALSE,TRUE,180.603540944888,0.602011803173172,2.16724249142342,2.5546467582546,138144.767455837,-204225.824249523,TRUE,FALSE,TRUE
15,196712,"p","2020-02-21 16:07:00",1103.28333333333,TRUE,1103.2,0.0833333333298469,FALSE,TRUE,180.603544973628,0.602011816603945,2.1672425397742,2.53613499380063,138162.077081104,-204406.157797002,TRUE,FALSE,TRUE
15,196712,"p","2020-02-21 16:12:00",1103.36666666667,TRUE,1103.28333333333,0.0833333333400788,FALSE,TRUE,180.603549031937,0.602011830057726,2.16724258820782,2.51668151031708,138179.386706372,-204586.491344458,TRUE,FALSE,TRUE
15,196712,"o","2020-02-21 16:15:00",1103.41666666667,TRUE,1103.36666666667,0.0499999999999545,FALSE,TRUE,108.18965635186,0.601053646399767,2.16379312703916,2.49713222584723,138189.743196735,-204694.520477925,TRUE,FALSE,TRUE
15,196712,"p","2020-02-21 16:17:00",1103.45,TRUE,1103.41666666667,0.0333333333301198,FALSE,TRUE,59.6264998108822,0.496887498471922,1.78879499449892,2.46716634394306,138194.523910095,-204754.140042712,TRUE,FALSE,TRUE
15,196712,"p","2020-02-21 16:22:00",1103.53333333333,TRUE,1103.45,0.0833333333298469,FALSE,TRUE,148.635618303617,0.495452061032786,1.78362741971803,2.43705693563479,138206.402481501,-204902.761467129,TRUE,FALSE,TRUE
15,196712,"p","2020-02-21 16:27:00",1103.61666666667,TRUE,1103.53333333333,0.0833333333400788,FALSE,TRUE,148.635620810997,0.495452069329886,1.78362744958759,2.40694754544607,138218.281052905,-205051.382891556,TRUE,FALSE,TRUE
15,196712,"p","2020-02-21 16:32:00",1103.7,TRUE,1103.61666666667,0.0833333333300743,FALSE,TRUE,148.635623341461,0.495452077824245,1.78362748016728,2.37683817337644,138230.159624311,-205200.004315979,TRUE,FALSE,TRUE
15,196712,"p","2020-02-21 16:37:00",1103.78333333333,TRUE,1103.7,0.0833333333298469,FALSE,TRUE,148.635625893314,0.495452086331774,1.78362751079439,2.34672881940779,138242.038195716,-205348.625740416,TRUE,FALSE,TRUE
15,196712,"p","2020-02-21 16:42:00",1103.86666666667,TRUE,1103.78333333333,0.0833333333400788,FALSE,TRUE,148.635628465234,0.495452094844009,1.78362754143843,2.31661948349091,138253.916767121,-205497.247164833,TRUE,FALSE,TRUE
15,196712,"p","2020-02-21 16:47:00",1103.95,TRUE,1103.86666666667,0.0833333333300743,FALSE,TRUE,148.635631062894,0.495452103562357,1.78362757282448,2.28651016562613,138265.795338527,-205645.868589264,TRUE,FALSE,TRUE
15,196712,"p","2020-02-21 16:52:00",1104.03333333333,TRUE,1103.95,0.0833333333298469,FALSE,TRUE,148.635633676408,0.495452112275421,1.78362760419151,2.25640086579389,138277.673909932,-205794.490013688,TRUE,FALSE,TRUE
15,196712,"p","2020-02-21 16:57:00",1104.11666666667,TRUE,1104.03333333333,0.0833333333400788,FALSE,TRUE,148.635636312831,0.495452121002665,1.78362763560959,2.22629158394548,138289.552481338,-205943.111438116,TRUE,FALSE,TRUE
15,196712,"p","2020-02-21 17:02:00",1104.2,TRUE,1104.11666666667,0.0833333333300743,FALSE,TRUE,148.635638969354,0.495452129917224,1.78362766770201,2.19618232007935,138301.431052743,-206091.732862548,TRUE,FALSE,TRUE
15,196712,"p","2020-02-21 17:07:00",1104.28333333333,TRUE,1104.2,0.0833333333298469,FALSE,TRUE,148.635641650187,0.495452138854684,1.78362769987686,2.16607307417867,138313.309624148,-206240.354286974,TRUE,FALSE,TRUE
15,196712,"p","2020-02-21 17:12:00",1104.36666666667,TRUE,1104.28333333333,0.0833333333400788,FALSE,TRUE,148.635644346886,0.495452147782848,1.78362773201825,2.1359638461932,138325.188195553,-206388.9757114,TRUE,FALSE,TRUE
15,196712,"p","2020-02-21 17:17:00",1104.45,TRUE,1104.36666666667,0.0833333333300743,FALSE,TRUE,148.635647067931,0.495452156912479,1.78362776488492,2.10585463612231,138337.066766959,-206537.597135821,TRUE,FALSE,TRUE
15,196712,"p","2020-02-21 17:22:00",1104.53333333333,TRUE,1104.45,0.0833333333298469,FALSE,TRUE,148.635649810473,0.495452166055637,1.78362779780029,2.07574544394778,138348.945338364,-206686.218560246,TRUE,FALSE,TRUE
15,196712,"p","2020-02-21 17:27:00",1104.61666666667,TRUE,1104.53333333333,0.0833333333400788,FALSE,TRUE,148.635652573126,0.49545217520365,1.78362783073314,2.04563626962118,138360.82390977,-206834.839984676,TRUE,FALSE,TRUE
15,196712,"p","2020-02-21 17:32:00",1104.7,TRUE,1104.61666666667,0.0833333333300743,FALSE,TRUE,148.635655355746,0.495452184538528,1.7836278643387,2.01552711314016,138372.702481174,-206983.461409103,TRUE,FALSE,TRUE
15,196712,"p","2020-02-21 17:37:00",1104.78333333333,TRUE,1104.7,0.0833333333298469,FALSE,TRUE,148.635658161569,0.495452193892624,1.78362789801345,1.98583335283192,138384.58105258,-207132.082833526,TRUE,FALSE,TRUE
15,196712,"p","2020-02-21 17:42:00",1104.86666666667,TRUE,1104.78333333333,0.0833333333400788,FALSE,TRUE,148.635660988737,0.495452203255684,1.78362793172046,1.97548267236585,138396.459623985,-207280.704257956,TRUE,FALSE,TRUE
15,196712,"p","2020-02-21 17:47:00",1104.95,TRUE,1104.86666666667,0.0833333333300743,FALSE,TRUE,148.635663838857,0.495452212815565,1.78362796613603,1.96482673078485,138408.33819539,-207429.325682388,TRUE,FALSE,TRUE
15,196712,"p","2020-02-21 17:52:00",1105.03333333333,TRUE,1104.95,0.0833333333298469,FALSE,TRUE,148.635666724702,0.4954522224364,1.78362800077104,1.95417078900775,138420.216766809,-207577.947106823,TRUE,FALSE,TRUE
15,196712,"o","2020-02-21 17:53:00",1105.05,TRUE,1105.03333333333,0.0166666666700621,FALSE,TRUE,32.326515910984,0.538775265073304,1.93959095426389,1.94784715030982,138424.026611012,-207610.149146425,TRUE,FALSE,TRUE
15,196712,"p","2020-02-21 17:57:00",1105.11666666667,TRUE,1105.05,0.0666666666700166,FALSE,TRUE,530.267371377228,2.20944738062743,7.95401057025874,2.10859072197728,138644.870227706,-208094.180960314,TRUE,FALSE,TRUE
15,196712,"p","2020-02-21 18:02:00",1105.2,TRUE,1105.11666666667,0.0833333333300743,FALSE,TRUE,666.384106245723,2.22128035423928,7.99660927526141,2.27051758981132,138922.717410993,-208702.317921079,TRUE,FALSE,TRUE
15,196712,"p","2020-02-21 18:07:00",1105.28333333333,TRUE,1105.2,0.0833333333298469,FALSE,TRUE,666.384299741341,2.22128099923073,7.99661159723064,2.43244452092083,139200.56459428,-209310.454881857,TRUE,FALSE,TRUE
15,196712,"p","2020-02-21 18:12:00",1105.36666666667,TRUE,1105.28333333333,0.0833333333400788,FALSE,TRUE,666.384495138486,2.22128165028182,7.99661394101455,2.59437151590858,139478.411777567,-209918.59184263,TRUE,FALSE,TRUE
15,196712,"p","2020-02-21 18:17:00",1105.45,TRUE,1105.36666666667,0.0833333333300743,FALSE,TRUE,666.38469245015,2.22128230825404,7.99661630971453,2.75629857545976,139756.258960854,-210526.72880339,TRUE,FALSE,TRUE
15,196712,"o","2020-02-21 18:20:00",1105.5,TRUE,1105.45,0.0499999999999545,FALSE,TRUE,397.818585867181,2.21010325481968,7.95637171735086,2.91710772840698,139922.707894441,-210889.510040562,TRUE,FALSE,TRUE
15,196712,"p","2020-02-21 18:22:00",1105.53333333333,TRUE,1105.5,0.0333333333298924,FALSE,TRUE,127.961126402136,1.06634272012788,3.83883379246036,2.96354082661896,140014.864937151,-210979.012686259,TRUE,FALSE,TRUE
15,196712,"p","2020-02-21 18:27:00",1105.61666666667,TRUE,1105.53333333333,0.0833333333400788,FALSE,TRUE,315.805540528745,1.05268513501061,3.78966648603819,3.00860816504857,140244.609102962,-211197.516952231,TRUE,FALSE,TRUE
15,196712,"p","2020-02-21 18:32:00",1105.7,TRUE,1105.61666666667,0.0833333333300743,FALSE,TRUE,315.805612312759,1.05268537441703,3.78966734790131,3.05367552612143,140474.353268773,-211416.021218204,TRUE,FALSE,TRUE
15,196712,"p","2020-02-21 18:37:00",1105.78333333333,TRUE,1105.7,0.0833333333298469,FALSE,TRUE,315.805684306326,1.05268561439846,3.78966821183446,3.09874290988809,140704.097434585,-211634.52548418,TRUE,FALSE,TRUE
15,196712,"p","2020-02-21 18:42:00",1105.86666666667,TRUE,1105.78333333333,0.0833333333400788,FALSE,TRUE,315.805756501923,1.0526858549212,3.78966907771633,3.14381031639765,140933.841600395,-211853.029750157,TRUE,FALSE,TRUE
15,196712,"p","2020-02-21 18:47:00",1105.95,TRUE,1105.86666666667,0.0833333333300743,FALSE,TRUE,315.805828905048,1.05268609639133,3.78966994700878,3.18887774571946,141163.585766206,-212071.534016136,TRUE,FALSE,TRUE
15,196712,"p","2020-02-21 18:52:00",1106.03333333333,TRUE,1105.95,0.0833333333298469,FALSE,TRUE,315.805901506692,1.05268633839968,3.78967081823886,3.23394519789904,141393.329932018,-212290.038282114,TRUE,FALSE,TRUE
15,196712,"p","2020-02-21 18:57:00",1106.11666666667,TRUE,1106.03333333333,0.0833333333400788,FALSE,TRUE,315.805974317732,1.0526865809739,3.78967169150603,3.27901267299065,141623.074097829,-212508.542548084,TRUE,FALSE,TRUE
15,196712,"p","2020-02-21 19:02:00",1106.2,TRUE,1106.11666666667,0.0833333333300743,FALSE,TRUE,315.80604733301,1.05268682448454,3.78967256814433,3.32417599079913,141852.81826364,-212727.04681407,TRUE,FALSE,TRUE
15,196712,"p","2020-02-21 19:07:00",1106.28333333333,TRUE,1106.2,0.0833333333298469,FALSE,TRUE,315.806120553922,1.05268706855711,3.78967344680561,3.37975594780765,142082.562429451,-212945.551080048,TRUE,FALSE,TRUE
15,196712,"p","2020-02-21 19:12:00",1106.36666666667,TRUE,1106.28333333333,0.0833333333400788,FALSE,TRUE,315.806193982179,1.05268731318872,3.78967432747939,3.43547947302324,142312.30659525,-213164.05534604,TRUE,FALSE,TRUE
15,196712,"o","2020-02-21 19:13:00",1106.38333333333,TRUE,1106.36666666667,0.0166666666600577,FALSE,TRUE,63.9692178767476,1.0661536317019,3.83815307412684,3.49254962926044,142356.93962126,-213210.227025992,TRUE,FALSE,TRUE
15,196712,"p","2020-02-21 19:17:00",1106.45,TRUE,1106.38333333333,0.0666666666700166,FALSE,TRUE,537.340219591456,2.23891758151856,8.06010329346683,3.66689617962987,142346.830845937,-213749.144175275,TRUE,FALSE,TRUE
15,196712,"p","2020-02-21 19:22:00",1106.53333333333,TRUE,1106.45,0.0833333333298469,FALSE,TRUE,674.785748311597,2.24928582779943,8.09742898007794,3.84227955377664,142332.550117828,-214425.879145352,TRUE,FALSE,TRUE
15,196712,"p","2020-02-21 19:27:00",1106.61666666667,TRUE,1106.53333333333,0.0833333333400788,FALSE,TRUE,674.785786635518,2.24928595526966,8.09742943897077,4.01766293981921,142318.269389719,-215102.614115423,TRUE,FALSE,TRUE
15,196712,"p","2020-02-21 19:32:00",1106.7,TRUE,1106.61666666667,0.0833333333300743,FALSE,TRUE,674.785826939663,2.24928608988684,8.09742992359263,4.19304633845165,142303.988661608,-215779.349085497,TRUE,FALSE,TRUE
15,196712,"o","2020-02-21 19:36:00",1106.76666666667,TRUE,1106.7,0.0666666666700166,FALSE,TRUE,536.565621275313,2.23569008853479,8.04848431872526,4.36707013607759,142292.124506315,-216317.453782558,TRUE,FALSE,TRUE
15,196712,"p","2020-02-21 19:37:00",1106.78333333333,TRUE,1106.76666666667,0.0166666666598303,FALSE,TRUE,25.0784782041308,0.417974636906958,1.50470869286505,4.35932238766802,142273.403613202,-216334.303017602,TRUE,FALSE,TRUE
15,196712,"p","2020-02-21 19:42:00",1106.86666666667,TRUE,1106.78333333333,0.0833333333400788,FALSE,TRUE,116.854963339805,0.389516544434486,1.40225955996415,4.34872882911975,142177.60128363,-216402.132797959,TRUE,FALSE,TRUE
15,196712,"p","2020-02-21 19:47:00",1106.95,TRUE,1106.86666666667,0.0833333333300743,FALSE,TRUE,116.854954005419,0.389516513366629,1.40225944811987,4.33813526657094,142081.798954054,-216469.962578305,TRUE,FALSE,TRUE
15,196712,"p","2020-02-21 19:52:00",1107.03333333333,TRUE,1106.95,0.0833333333298469,FALSE,TRUE,116.854944690449,0.389516482317792,1.40225933634405,4.32754170002444,141985.996624478,-216537.792358636,TRUE,FALSE,TRUE
15,196712,"p","2020-02-21 19:57:00",1107.11666666667,TRUE,1107.03333333333,0.0833333333400788,FALSE,TRUE,116.854935387582,0.389516451260412,1.40225922453748,4.31694812945923,141890.194294902,-216605.622138969,TRUE,FALSE,TRUE
15,196712,"o","2020-02-21 20:00:00",1107.16666666667,TRUE,1107.11666666667,0.0499999999999545,FALSE,TRUE,69.1615079009015,0.384230599449802,1.38323015801929,4.30582597279865,141833.902199442,-216646.33754962,TRUE,FALSE,TRUE
15,196712,"p","2020-02-21 20:02:00",1107.2,TRUE,1107.16666666667,0.0333333333301198,FALSE,TRUE,56.1492659486659,0.467910549617325,1.68447797862237,4.30307181024001,141882.617465713,-216674.753263544,TRUE,FALSE,TRUE
15,196712,"p","2020-02-21 20:07:00",1107.28333333333,TRUE,1107.2,0.0833333333298469,FALSE,TRUE,142.956923367573,0.476523077911845,1.71548308048264,4.30117889957734,142007.378887104,-216745.836404499,TRUE,FALSE,TRUE
15,196712,"p","2020-02-21 20:12:00",1107.36666666667,TRUE,1107.28333333333,0.0833333333400788,FALSE,TRUE,142.95694103087,0.476523136730995,1.71548329223158,4.29928599386118,142132.140308494,-216816.919545449,TRUE,FALSE,TRUE
15,196712,"p","2020-02-21 20:17:00",1107.45,TRUE,1107.36666666667,0.0833333333300743,FALSE,TRUE,142.956958713795,0.476523195731286,1.71548350463263,4.29739309310874,142256.901729886,-216888.002686404,TRUE,FALSE,TRUE
15,196712,"p","2020-02-21 20:22:00",1107.53333333333,TRUE,1107.45,0.0833333333298469,FALSE,TRUE,142.956976413593,0.476523254731911,1.71548371703488,4.29550019730038,142381.663151276,-216959.085827358,TRUE,FALSE,TRUE
15,196712,"p","2020-02-21 20:27:00",1107.61666666667,TRUE,1107.53333333333,0.0833333333400788,FALSE,TRUE,142.956994135066,0.476523313744982,1.71548392948194,4.29360730643123,142506.424572667,-217030.168968301,TRUE,FALSE,TRUE
15,196712,"p","2020-02-21 20:32:00",1107.7,TRUE,1107.61666666667,0.0833333333300743,FALSE,TRUE,142.957011874078,0.476523372932231,1.71548414255603,4.28738211721713,142631.185994058,-217101.252109259,TRUE,FALSE,TRUE
15,196712,"p","2020-02-21 20:37:00",1107.78333333333,TRUE,1107.7,0.0833333333298469,FALSE,TRUE,142.957029632268,0.476523432127497,1.71548435565899,4.11408972236713,142755.947415449,-217172.335250217,TRUE,FALSE,TRUE
15,196712,"p","2020-02-21 20:42:00",1107.86666666667,TRUE,1107.78333333333,0.0833333333400788,FALSE,TRUE,142.957047410253,0.476523491328937,1.71548456878417,3.9396140360761,142880.70883684,-217243.418391159,TRUE,FALSE,TRUE
15,196712,"p","2020-02-21 20:47:00",1107.95,TRUE,1107.86666666667,0.0833333333300743,FALSE,TRUE,142.957065205545,0.476523550703784,1.71548478253362,3.76513829122341,143005.47025823,-217314.501532114,TRUE,FALSE,TRUE
15,196712,"p","2020-02-21 20:52:00",1108.03333333333,TRUE,1107.95,0.0833333333298469,FALSE,TRUE,142.957083022447,0.476523610094758,1.71548499634113,3.5906624872047,143130.231679622,-217385.584673062,TRUE,FALSE,TRUE
15,196712,"p","2020-02-21 20:57:00",1108.11666666667,TRUE,1108.03333333333,0.0833333333400788,FALSE,TRUE,142.95710085669,0.476523669483727,1.71548521014142,3.41618662332767,143254.993101012,-217456.667814024,TRUE,FALSE,TRUE
15,196712,"p","2020-02-21 21:02:00",1108.2,TRUE,1108.11666666667,0.0833333333300743,FALSE,TRUE,142.957118708531,0.476523729047072,1.71548542456946,3.24282867075041,143379.754522403,-217527.750954976,TRUE,FALSE,TRUE
15,196712,"p","2020-02-21 21:07:00",1108.28333333333,TRUE,1108.2,0.0833333333298469,FALSE,TRUE,142.957136583943,0.476523788633079,1.71548563907908,3.18384677760093,143504.515943794,-217598.834095921,TRUE,FALSE,TRUE
15,196712,"p","2020-02-21 21:12:00",1108.36666666667,TRUE,1108.28333333333,0.0833333333400788,FALSE,TRUE,142.957154475291,0.476523848212397,1.71548585356463,3.12623064892111,143629.277365184,-217669.917236872,TRUE,FALSE,TRUE
15,196712,"p","2020-02-21 21:17:00",1108.45,TRUE,1108.36666666667,0.0833333333300743,FALSE,TRUE,142.957172385206,0.476523907969323,1.71548606868956,3.06861450227634,143754.038786576,-217741.000377827,TRUE,FALSE,TRUE
15,196712,"p","2020-02-21 21:22:00",1108.53333333333,TRUE,1108.45,0.0833333333298469,FALSE,TRUE,142.95719031514,0.47652396773707,1.71548628385345,3.0109983376102,143878.800207966,-217812.083518779,TRUE,FALSE,TRUE
15,196712,"p","2020-02-21 21:27:00",1108.61666666667,TRUE,1108.53333333333,0.0833333333400788,FALSE,TRUE,142.957208264044,0.476524027508243,1.71548649902967,2.9533821548689,144003.561629357,-217883.16665973,TRUE,FALSE,TRUE
15,196712,"p","2020-02-21 21:32:00",1108.7,TRUE,1108.61666666667,0.0833333333300743,FALSE,TRUE,142.957226231857,0.476524087458161,1.71548671484938,2.89576595397558,144128.323050748,-217954.249800683,TRUE,FALSE,TRUE
15,196712,"p","2020-02-21 21:37:00",1108.78333333333,TRUE,1108.7,0.0833333333298469,FALSE,TRUE,142.957244220713,0.476524147422314,1.71548693072033,2.83814973487785,144253.084472139,-218025.332941636,TRUE,FALSE,TRUE
15,196712,"p","2020-02-21 21:42:00",1108.86666666667,TRUE,1108.78333333333,0.0833333333400788,FALSE,TRUE,142.957262223238,0.476524207372222,1.71548714654,2.78053349751768,144377.845893529,-218096.41608259,TRUE,FALSE,TRUE
15,196712,"p","2020-02-21 21:47:00",1108.95,TRUE,1108.86666666667,0.0833333333300743,FALSE,TRUE,142.957280252588,0.476524267527261,1.71548736309814,2.72291724182195,144502.60731492,-218167.499223545,TRUE,FALSE,TRUE
15,196712,"p","2020-02-21 21:52:00",1109.03333333333,TRUE,1108.95,0.0833333333298469,FALSE,TRUE,142.957298293819,0.476524327666001,1.7154875795976,2.66530096773284,144627.368736312,-218238.582364498,TRUE,FALSE,TRUE
15,196712,"p","2020-02-21 21:57:00",1109.11666666667,TRUE,1109.03333333333,0.0833333333400788,FALSE,TRUE,142.95731635833,0.476524387822528,1.7154877961611,2.60768467519622,144752.130157703,-218309.665505436,TRUE,FALSE,TRUE
15,196712,"p","2020-02-21 22:02:00",1109.2,TRUE,1109.11666666667,0.0833333333300743,FALSE,TRUE,142.957334441653,0.476524448157478,1.71548801336692,2.54872175684178,144876.891579093,-218380.748646399,TRUE,FALSE,TRUE
15,196712,"p","2020-02-21 22:07:00",1109.28333333333,TRUE,1109.2,0.0833333333298469,FALSE,TRUE,142.957352542081,0.47652450849354,1.71548823057674,2.37248244953928,145001.653000484,-218451.831787341,TRUE,FALSE,TRUE
15,196712,"p","2020-02-21 22:12:00",1109.36666666667,TRUE,1109.28333333333,0.0833333333400788,FALSE,TRUE,142.957370661461,0.476524568832965,1.71548844779867,2.19520632364263,145126.414421874,-218522.914928302,TRUE,FALSE,TRUE
15,196712,"p","2020-02-21 22:17:00",1109.45,TRUE,1109.36666666667,0.0833333333300743,FALSE,TRUE,142.957388803364,0.476524629363181,1.71548866570745,2.01793019105198,145251.175843266,-218593.998069251,TRUE,FALSE,TRUE
15,196712,"p","2020-02-21 22:22:00",1109.53333333333,TRUE,1109.45,0.0833333333298469,FALSE,TRUE,142.957406961118,0.47652468989033,1.71548888360519,1.84065405105233,145375.937264657,-218665.0812102,TRUE,FALSE,TRUE
15,196712,"p","2020-02-21 22:27:00",1109.61666666667,TRUE,1109.53333333333,0.0833333333400788,FALSE,TRUE,142.957425136629,0.476524750416857,1.71548910150068,1.66473751724054,145500.698686047,-218736.16435115,TRUE,FALSE,TRUE
15,196712,"p","2020-02-21 22:32:00",1109.7,TRUE,1109.61666666667,0.0833333333300743,FALSE,TRUE,142.957443336149,0.476524811139133,1.71548932010088,1.67059253466376,145625.460107438,-218807.247492104,TRUE,FALSE,TRUE
15,196712,"p","2020-02-21 22:37:00",1109.78333333333,TRUE,1109.7,0.0833333333298469,FALSE,TRUE,142.957461551871,0.476524871859507,1.71548953869423,1.67929336740626,145750.221528829,-218878.330633059,TRUE,FALSE,TRUE
15,196712,"p","2020-02-21 22:42:00",1109.86666666667,TRUE,1109.78333333333,0.0833333333400788,FALSE,TRUE,142.957479784929,0.476524932577859,1.71548975728029,1.68799420932738,145874.98295022,-218949.413774016,TRUE,FALSE,TRUE
15,196712,"p","2020-02-21 22:47:00",1109.95,TRUE,1109.86666666667,0.0833333333300743,FALSE,TRUE,142.957498039992,0.476524993485277,1.715489976547,1.69669506044413,145999.744371611,-219020.496914957,TRUE,FALSE,TRUE
15,196712,"p","2020-02-21 22:52:00",1110.03333333333,TRUE,1109.95,0.0833333333298469,FALSE,TRUE,142.957516314339,0.476525054401066,1.71549019584384,1.70539592075819,146124.505793002,-219091.580055913,TRUE,FALSE,TRUE
15,196712,"p","2020-02-21 22:57:00",1110.11666666667,TRUE,1110.03333333333,0.0833333333400788,FALSE,TRUE,142.95753460339,0.47652511530606,1.71549041510182,1.71462537234382,146249.267214392,-219162.663196865,TRUE,FALSE,TRUE
15,196712,"p","2020-02-21 23:02:00",1110.2,TRUE,1110.11666666667,0.0833333333300743,FALSE,TRUE,142.957552916197,0.476525176405959,1.71549063506145,1.71548683502268,146374.028635783,-219233.746337822,TRUE,FALSE,TRUE
15,196712,"p","2020-02-21 23:07:00",1110.28333333333,TRUE,1110.2,0.0833333333298469,FALSE,TRUE,142.957571245367,0.476525237504494,1.71549085501618,1.71548705098195,146498.790057174,-219304.82947877,TRUE,FALSE,TRUE
15,196712,"p","2020-02-21 23:12:00",1110.36666666667,TRUE,1110.28333333333,0.0833333333400788,FALSE,TRUE,142.957589595667,0.47652529861365,1.71549107500914,1.71548726717021,146623.551478564,-219375.91261972,TRUE,FALSE,TRUE
15,196712,"p","2020-02-21 23:17:00",1110.45,TRUE,1110.36666666667,0.0833333333300743,FALSE,TRUE,142.957607964012,0.476525359898677,1.71549129563524,1.71548748358695,146748.312899956,-219446.995760675,TRUE,FALSE,TRUE
15,196712,"p","2020-02-21 23:22:00",1110.53333333333,TRUE,1110.45,0.0833333333298469,FALSE,TRUE,142.957626351041,0.476525421190072,1.71549151628426,1.71548770023277,146873.074321347,-219518.078901621,TRUE,FALSE,TRUE
15,196712,"p","2020-02-21 23:27:00",1110.61666666667,TRUE,1110.53333333333,0.0833333333400788,FALSE,TRUE,142.957644757509,0.476525482486458,1.71549173695125,1.71548791710692,146997.835742737,-219589.162042581,TRUE,FALSE,TRUE
15,196712,"p","2020-02-21 23:32:00",1110.7,TRUE,1110.61666666667,0.0833333333300743,FALSE,TRUE,142.957663182834,0.476525543961416,1.7154919582611,1.71548813420983,147122.597164128,-219660.245183535,TRUE,FALSE,TRUE
15,196712,"p","2020-02-21 23:37:00",1110.78333333333,TRUE,1110.7,0.0833333333298469,FALSE,TRUE,142.957681627712,0.476525605445643,1.71549217960432,1.71548835154165,147247.358585519,-219731.328324488,TRUE,FALSE,TRUE
15,196712,"p","2020-02-21 23:42:00",1110.86666666667,TRUE,1110.78333333333,0.0833333333400788,FALSE,TRUE,142.957700091271,0.47652566693233,1.71549240095639,1.71548856910199,147372.12000691,-219802.411465437,TRUE,FALSE,TRUE
15,196712,"p","2020-02-21 23:47:00",1110.95,TRUE,1110.86666666667,0.0833333333300743,FALSE,TRUE,142.957718573011,0.47652572859534,1.71549262294323,1.71548878689114,147496.8814283,-219873.494606389,TRUE,FALSE,TRUE
15,196712,"p","2020-02-21 23:52:00",1111.03333333333,TRUE,1110.95,0.0833333333298469,FALSE,TRUE,142.957737075091,0.47652579027024,1.71549284497286,1.71548900490869,147621.642849691,-219944.577747345,TRUE,FALSE,TRUE
15,196712,"p","2020-02-21 23:57:00",1111.11666666667,TRUE,1111.03333333333,0.0833333333400788,FALSE,TRUE,142.95775559706,0.476525851951627,1.71549306702586,1.71548922315548,147746.404271083,-220015.660888287,TRUE,FALSE,TRUE
15,196712,"p","2020-02-22 00:02:00",1111.2,TRUE,1111.11666666667,0.0833333333300743,FALSE,TRUE,142.957774135799,0.476525913804634,1.71549328969668,1.71548944163124,147871.165692473,-220086.744029238,TRUE,FALSE,TRUE
15,196712,"p","2020-02-22 00:07:00",1111.28333333333,TRUE,1111.2,0.0833333333298469,FALSE,TRUE,142.957792694517,0.476525975668328,1.71549351240598,1.71548966033476,147995.927113864,-220157.827170196,TRUE,FALSE,TRUE
15,196712,"p","2020-02-22 00:12:00",1111.36666666667,TRUE,1111.28333333333,0.0833333333400788,FALSE,TRUE,142.957811272136,0.476526037535216,1.71549373512678,1.71548987926705,148120.688535254,-220228.910311147,TRUE,FALSE,TRUE
15,196712,"p","2020-02-22 00:17:00",1111.45,TRUE,1111.36666666667,0.0833333333300743,FALSE,TRUE,142.957829870812,0.47652609958801,1.71549395851684,1.71549009842891,148245.449956646,-220299.993452105,TRUE,FALSE,TRUE
15,196712,"p","2020-02-22 00:22:00",1111.53333333333,TRUE,1111.45,0.0833333333298469,FALSE,TRUE,142.957848485787,0.476526161639225,1.71549418190121,1.71549031781913,148370.211378036,-220371.076593054,TRUE,FALSE,TRUE
15,196712,"p","2020-02-22 00:27:00",1111.61666666667,TRUE,1111.53333333333,0.0833333333400788,FALSE,TRUE,142.95786712157,0.476526223699993,1.71549440531997,1.7154905374383,148494.972799427,-220442.159734004,TRUE,FALSE,TRUE
15,196712,"p","2020-02-22 00:32:00",1111.7,TRUE,1111.61666666667,0.0833333333300743,FALSE,TRUE,142.957885774165,0.476526285932519,1.71549462935707,1.71549075728574,148619.734220818,-220513.242874954,TRUE,FALSE,TRUE
15,196712,"p","2020-02-22 00:37:00",1111.78333333333,TRUE,1111.7,0.0833333333298469,FALSE,TRUE,142.957904449792,0.476526348185911,1.71549485346928,1.7154909773621,148744.495642209,-220584.326015913,TRUE,FALSE,TRUE
15,196712,"p","2020-02-22 00:42:00",1111.86666666667,TRUE,1111.78333333333,0.0833333333400788,FALSE,TRUE,142.957923140933,0.476526410431203,1.71549507755233,1.715491197668,148869.2570636,-220655.409156853,TRUE,FALSE,TRUE
15,196712,"p","2020-02-22 00:47:00",1111.95,TRUE,1111.86666666667,0.0833333333300743,FALSE,TRUE,142.957941852252,0.476526472859477,1.71549530229412,1.71549141820122,148994.01848499,-220726.492297813,TRUE,FALSE,TRUE
15,196712,"p","2020-02-22 00:52:00",1112.03333333333,TRUE,1111.95,0.0833333333298469,FALSE,TRUE,142.95796058236,0.476526535294471,1.7154955270601,1.71549163896407,149118.779906381,-220797.575438759,TRUE,FALSE,TRUE
15,196712,"p","2020-02-22 00:57:00",1112.11666666667,TRUE,1112.03333333333,0.0833333333400788,FALSE,TRUE,142.957979333231,0.476526597738866,1.71549575185992,1.7154918599557,149243.541327773,-220868.658579713,TRUE,FALSE,TRUE
15,196712,"p","2020-02-22 01:02:00",1112.2,TRUE,1112.11666666667,0.0833333333300743,FALSE,TRUE,142.957998099167,0.476526660349194,1.7154959772571,1.71549208117487,149368.302749163,-220939.741720665,TRUE,FALSE,TRUE
15,196712,"p","2020-02-22 01:07:00",1112.28333333333,TRUE,1112.2,0.0833333333298469,FALSE,TRUE,142.95801688903,0.476526722983371,1.71549620274014,1.71549230262386,149493.064170553,-221010.824861629,TRUE,FALSE,TRUE
15,196712,"p","2020-02-22 01:12:00",1112.36666666667,TRUE,1112.28333333333,0.0833333333400788,FALSE,TRUE,142.958035694629,0.476526785610192,1.71549642819669,1.71549252430158,149617.825591944,-221081.908002568,TRUE,FALSE,TRUE
15,196712,"p","2020-02-22 01:17:00",1112.45,TRUE,1112.36666666667,0.0833333333300743,FALSE,TRUE,142.958054521374,0.476526848423215,1.71549665432357,1.71549274620758,149742.587013335,-221152.991143522,TRUE,FALSE,TRUE
15,196712,"p","2020-02-22 01:22:00",1112.53333333333,TRUE,1112.45,0.0833333333298469,FALSE,TRUE,142.958073366995,0.476526911243252,1.71549688047571,1.71549296834287,149867.348434726,-221224.074284476,TRUE,FALSE,TRUE
15,196712,"p","2020-02-22 01:27:00",1112.61666666667,TRUE,1112.53333333333,0.0833333333400788,FALSE,TRUE,142.958092229027,0.476526974058185,1.71549710660946,1.71549319070701,149992.109856117,-221295.157425434,TRUE,FALSE,TRUE
15,196712,"p","2020-02-22 01:32:00",1112.7,TRUE,1112.61666666667,0.0833333333300743,FALSE,TRUE,142.958111111508,0.476527037056996,1.71549733340519,1.71549341329879,150116.871277508,-221366.240566377,TRUE,FALSE,TRUE
15,196712,"p","2020-02-22 01:37:00",1112.78333333333,TRUE,1112.7,0.0833333333298469,FALSE,TRUE,142.958130015917,0.476527100072994,1.71549756026278,1.71549363612014,150241.632698899,-221437.32370733,TRUE,FALSE,TRUE
15,196712,"p","2020-02-22 01:42:00",1112.86666666667,TRUE,1112.78333333333,0.0833333333400788,FALSE,TRUE,142.958148935931,0.476527163081196,1.71549778709231,1.71549385917048,150366.394120289,-221508.406848292,TRUE,FALSE,TRUE
15,196712,"p","2020-02-22 01:47:00",1112.95,TRUE,1112.86666666667,0.0833333333300743,FALSE,TRUE,142.958167874552,0.476527226267143,1.71549801456171,1.71549408244866,150491.15554168,-221579.489989233,TRUE,FALSE,TRUE
15,196712,"p","2020-02-22 01:52:00",1113.03333333333,TRUE,1112.95,0.0833333333298469,FALSE,TRUE,142.958186836269,0.476527289474166,1.715498242107,1.71549430595597,150615.916963071,-221650.573130192,TRUE,FALSE,TRUE
15,196712,"p","2020-02-22 01:57:00",1113.11666666667,TRUE,1113.03333333333,0.0833333333400788,FALSE,TRUE,142.95820581296,0.476527352671295,1.71549846961666,1.7154945296925,150740.678384462,-221721.656271142,TRUE,FALSE,TRUE
15,196712,"p","2020-02-22 02:02:00",1113.2,TRUE,1113.11666666667,0.0833333333300743,FALSE,TRUE,142.958224810796,0.476527416054624,1.71549869779665,1.71549475365736,150865.439805853,-221792.739412098,TRUE,FALSE,TRUE
15,196712,"p","2020-02-22 02:07:00",1113.28333333333,TRUE,1113.2,0.0833333333298469,FALSE,TRUE,142.958243826613,0.476527479441978,1.71549892599112,1.71549497785111,150990.201227244,-221863.82255304,TRUE,FALSE,TRUE
15,196712,"p","2020-02-22 02:12:00",1113.36666666667,TRUE,1113.28333333333,0.0833333333400788,FALSE,TRUE,142.95826286198,0.476527542834694,1.7154991542049,1.71549520227322,151114.962648634,-221934.905693995,TRUE,FALSE,TRUE
15,196712,"p","2020-02-22 02:17:00",1113.45,TRUE,1113.36666666667,0.0833333333300743,FALSE,TRUE,142.958281916921,0.476527606408372,1.71549938307014,1.71549542692418,151239.724070024,-222005.988834957,TRUE,FALSE,TRUE
15,196712,"p","2020-02-22 02:22:00",1113.53333333333,TRUE,1113.45,0.0833333333298469,FALSE,TRUE,142.958300991143,0.476527669990413,1.71549961196549,1.71549565180422,151364.485491416,-222077.0719759,TRUE,FALSE,TRUE
15,196712,"p","2020-02-22 02:27:00",1113.61666666667,TRUE,1113.53333333333,0.0833333333400788,FALSE,TRUE,142.958320083145,0.476527733571911,1.71549984085888,1.71549587691276,151489.246912807,-222148.155116848,TRUE,FALSE,TRUE
15,196712,"p","2020-02-22 02:32:00",1113.7,TRUE,1113.61666666667,0.0833333333300743,FALSE,TRUE,142.958339195819,0.476527797338033,1.71550007041692,1.71549610225043,151614.008334198,-222219.238257803,TRUE,FALSE,TRUE
15,196712,"p","2020-02-22 02:37:00",1113.78333333333,TRUE,1113.7,0.0833333333298469,FALSE,TRUE,142.958358325959,0.476527861106466,1.71550029998328,1.71549632781651,151738.769755589,-222290.321398756,TRUE,FALSE,TRUE
15,196712,"p","2020-02-22 02:42:00",1113.86666666667,TRUE,1113.78333333333,0.0833333333400788,FALSE,TRUE,142.95837747565,0.47652792488026,1.71550052956893,1.7154965536113,151863.531176979,-222361.404539712,TRUE,FALSE,TRUE
15,196712,"p","2020-02-22 02:47:00",1113.95,TRUE,1113.86666666667,0.0833333333300743,FALSE,TRUE,142.958396643367,0.47652798882986,1.7155007597875,1.71549677963475,151988.29259837,-222432.48768066,TRUE,FALSE,TRUE
15,196712,"p","2020-02-22 02:52:00",1114.03333333333,TRUE,1113.95,0.0833333333298469,FALSE,TRUE,142.95841583086,0.476528052789469,1.71550099004209,1.71549700588668,152113.054019761,-222503.57082161,TRUE,FALSE,TRUE
15,196712,"p","2020-02-22 02:57:00",1114.11666666667,TRUE,1114.03333333333,0.0833333333400788,FALSE,TRUE,142.958435040033,0.476528116761538,1.71550122034154,1.71549723236767,152237.815441153,-222574.653962559,TRUE,FALSE,TRUE
15,196712,"p","2020-02-22 03:02:00",1114.2,TRUE,1114.11666666667,0.0833333333300743,FALSE,TRUE,142.958454266045,0.476528180905452,1.71550145125963,1.71549745907775,152362.576862543,-222645.737103516,TRUE,FALSE,TRUE
15,196712,"p","2020-02-22 03:07:00",1114.28333333333,TRUE,1114.2,0.0833333333298469,FALSE,TRUE,142.958473510263,0.476528245054147,1.71550168219493,1.71549768601633,152487.338283934,-222716.820244466,TRUE,FALSE,TRUE
15,196712,"p","2020-02-22 03:12:00",1114.36666666667,TRUE,1114.28333333333,0.0833333333400788,FALSE,TRUE,142.958492774593,0.476528309210071,1.71550191315625,1.71549791318382,152612.099705324,-222787.903385425,TRUE,FALSE,TRUE
15,196712,"p","2020-02-22 03:17:00",1114.45,TRUE,1114.36666666667,0.0833333333300743,FALSE,TRUE,142.958512057914,0.476528373545016,1.71550214476206,1.71549814057952,152736.861126715,-222858.986526372,TRUE,FALSE,TRUE
15,196712,"p","2020-02-22 03:22:00",1114.53333333333,TRUE,1114.45,0.0833333333298469,FALSE,TRUE,142.958531361884,0.476528437892883,1.71550237641438,1.71549836820488,152861.622548106,-222930.069667323,TRUE,FALSE,TRUE
15,196712,"p","2020-02-22 03:27:00",1114.61666666667,TRUE,1114.53333333333,0.0833333333400788,FALSE,TRUE,142.958550680139,0.476528502228558,1.71550260802281,1.71549859605774,152986.383969497,-223001.152808272,TRUE,FALSE,TRUE
15,196712,"p","2020-02-22 03:32:00",1114.7,TRUE,1114.61666666667,0.0833333333300743,FALSE,TRUE,142.958570022204,0.476528566759315,1.71550284033353,1.71549882414042,153111.145390888,-223072.235949225,TRUE,FALSE,TRUE
15,196712,"p","2020-02-22 03:37:00",1114.78333333333,TRUE,1114.7,0.0833333333298469,FALSE,TRUE,142.958589382789,0.4765286312959,1.71550307266524,1.71549905245142,153235.906812279,-223143.31909018,TRUE,FALSE,TRUE
15,196712,"p","2020-02-22 03:42:00",1114.86666666667,TRUE,1114.78333333333,0.0833333333400788,FALSE,TRUE,142.958608759744,0.47652869582724,1.71550330497806,1.71549928099102,153360.66823367,-223214.402231125,TRUE,FALSE,TRUE
15,196712,"p","2020-02-22 03:47:00",1114.95,TRUE,1114.86666666667,0.0833333333300743,FALSE,TRUE,142.958628158872,0.476528760548208,1.71550353797355,1.71549950975989,153485.42965506,-223285.485372081,TRUE,FALSE,TRUE
15,196712,"p","2020-02-22 03:52:00",1115.03333333333,TRUE,1114.95,0.0833333333298469,FALSE,TRUE,142.958647574886,0.476528825269555,1.7155037709704,1.7154997387574,153610.191076451,-223356.568513037,TRUE,FALSE,TRUE
15,196712,"p","2020-02-22 03:57:00",1115.11666666667,TRUE,1115.03333333333,0.0833333333400788,FALSE,TRUE,142.958667009466,0.47652888999298,1.71550400397473,1.71549996798281,153734.952497841,-223427.651653991,TRUE,FALSE,TRUE
15,196712,"p","2020-02-22 04:02:00",1115.2,TRUE,1115.11666666667,0.0833333333300743,FALSE,TRUE,142.958686466197,0.47652895490596,1.71550423766145,1.71550019743849,153859.713919233,-223498.734794938,TRUE,FALSE,TRUE
15,196712,"p","2020-02-22 04:07:00",1115.28333333333,TRUE,1115.2,0.0833333333298469,FALSE,TRUE,142.958705939051,0.476529019816774,1.71550447134039,1.71550042712183,153984.475340623,-223569.817935895,TRUE,FALSE,TRUE
15,196712,"p","2020-02-22 04:12:00",1115.36666666667,TRUE,1115.28333333333,0.0833333333400788,FALSE,TRUE,142.958725431213,0.476529084732138,1.7155047050357,1.71550065703403,154109.236762014,-223640.901076837,TRUE,FALSE,TRUE
15,196712,"p","2020-02-22 04:17:00",1115.45,TRUE,1115.36666666667,0.0833333333300743,FALSE,TRUE,142.958744945368,0.476529149836529,1.7155049394115,1.71550088717536,154233.998183405,-223711.984217798,TRUE,FALSE,TRUE
15,196712,"p","2020-02-22 04:22:00",1115.53333333333,TRUE,1115.45,0.0833333333298469,FALSE,TRUE,142.958764475873,0.476529214939514,1.71550517378225,1.71550111754498,154358.759604796,-223783.06735875,TRUE,FALSE,TRUE
15,196712,"p","2020-02-22 04:27:00",1115.61666666667,TRUE,1115.53333333333,0.0833333333400788,FALSE,TRUE,142.958784025258,0.47652928004562,1.71550540816423,1.71550134814373,154483.521026187,-223854.150499706,TRUE,FALSE,TRUE
15,196712,"p","2020-02-22 04:32:00",1115.7,TRUE,1115.61666666667,0.0833333333300743,FALSE,TRUE,142.958803593838,0.476529345331428,1.71550564319314,1.71550157897117,154608.282447577,-223925.233640653,TRUE,FALSE,TRUE
15,196712,"p","2020-02-22 04:37:00",1115.78333333333,TRUE,1115.7,0.0833333333298469,FALSE,TRUE,142.958823184233,0.476529410634046,1.71550587828257,1.71550181002728,154733.043868969,-223996.316781605,TRUE,FALSE,TRUE
15,196712,"p","2020-02-22 04:42:00",1115.86666666667,TRUE,1115.78333333333,0.0833333333400788,FALSE,TRUE,142.958842790596,0.47652947593008,1.71550611334829,1.71550204131216,154857.805290359,-224067.399922555,TRUE,FALSE,TRUE
15,196712,"p","2020-02-22 04:47:00",1115.95,TRUE,1115.86666666667,0.0833333333300743,FALSE,TRUE,142.958862416268,0.476529541406196,1.7155063490623,1.71550227282607,154982.56671175,-224138.483063513,TRUE,FALSE,TRUE
15,196712,"p","2020-02-22 04:52:00",1116.03333333333,TRUE,1115.95,0.0833333333298469,FALSE,TRUE,142.958882061985,0.476529606893221,1.7155065848156,1.71550250456797,155107.328133141,-224209.56620446,TRUE,FALSE,TRUE
15,196712,"p","2020-02-22 04:57:00",1116.11666666667,TRUE,1116.03333333333,0.0833333333400788,FALSE,TRUE,142.958901726517,0.476529672383149,1.71550682057934,1.71550273653916,155232.089554531,-224280.649345414,TRUE,FALSE,TRUE
15,196712,"p","2020-02-22 05:02:00",1116.2,TRUE,1116.11666666667,0.0833333333300743,FALSE,TRUE,142.958921410649,0.476529738054133,1.71550705699488,1.71550296873911,155356.850975923,-224351.732486364,TRUE,FALSE,TRUE
15,196712,"p","2020-02-22 05:07:00",1116.28333333333,TRUE,1116.2,0.0833333333298469,FALSE,TRUE,142.958941114062,0.476529803733477,1.71550729344052,1.71550320116826,155481.612397313,-224422.815627319,TRUE,FALSE,TRUE
15,196712,"p","2020-02-22 05:12:00",1116.36666666667,TRUE,1116.28333333333,0.0833333333400788,FALSE,TRUE,142.958960833787,0.476529869407383,1.71550752986658,1.71550343382553,155606.373818704,-224493.898768268,TRUE,FALSE,TRUE
15,196712,"p","2020-02-22 05:17:00",1116.45,TRUE,1116.36666666667,0.0833333333300743,FALSE,TRUE,142.958980574922,0.476529935268377,1.71550776696616,1.71550366671153,155731.135240094,-224564.981909225,TRUE,FALSE,TRUE
15,196712,"p","2020-02-22 05:22:00",1116.53333333333,TRUE,1116.45,0.0833333333298469,FALSE,TRUE,142.959000337001,0.476530001143273,1.71550800411578,1.71550389982682,155855.896661486,-224636.065050176,TRUE,FALSE,TRUE
15,196712,"p","2020-02-22 05:27:00",1116.61666666667,TRUE,1116.53333333333,0.0833333333400788,FALSE,TRUE,142.959020113999,0.47653006700809,1.71550824122912,1.71550413317043,155980.658082877,-224707.148191125,TRUE,FALSE,TRUE
15,196712,"p","2020-02-22 05:32:00",1116.7,TRUE,1116.61666666667,0.0833333333300743,FALSE,TRUE,142.959039912679,0.476530133060899,1.71550847901924,1.71550436674272,156105.419504267,-224778.231332084,TRUE,FALSE,TRUE
15,196712,"p","2020-02-22 05:37:00",1116.78333333333,TRUE,1116.7,0.0833333333298469,FALSE,TRUE,142.959059728095,0.476530199113586,1.71550871680891,1.71550460054343,156230.180925658,-224849.31447302,TRUE,FALSE,TRUE
15,196712,"p","2020-02-22 05:42:00",1116.86666666667,TRUE,1116.78333333333,0.0833333333400788,FALSE,TRUE,142.95907956772,0.476530265187161,1.71550895467378,1.71550483457412,156354.942347049,-224920.397613985,TRUE,FALSE,TRUE
15,196712,"p","2020-02-22 05:47:00",1116.95,TRUE,1116.86666666667,0.0833333333300743,FALSE,TRUE,142.959099419538,0.476530331417095,1.71550919310154,1.71550506883285,156479.70376844,-224991.480754929,TRUE,FALSE,TRUE
15,196712,"p","2020-02-22 05:52:00",1117.03333333333,TRUE,1116.95,0.0833333333298469,FALSE,TRUE,142.959119294828,0.476530397669363,1.71550943160971,1.71550530332084,156604.46518983,-225062.563895887,TRUE,FALSE,TRUE
15,196712,"p","2020-02-22 05:57:00",1117.11666666667,TRUE,1117.03333333333,0.0833333333400788,FALSE,TRUE,142.959139188353,0.476530463922603,1.71550967012137,1.71550553803694,156729.226611221,-225133.647036843,TRUE,FALSE,TRUE
15,196712,"p","2020-02-22 06:02:00",1117.2,TRUE,1117.11666666667,0.0833333333300743,FALSE,TRUE,142.959159099332,0.476530530349741,1.71550990925907,1.71550577298137,156853.988032612,-225204.730177784,TRUE,FALSE,TRUE
15,196712,"p","2020-02-22 06:07:00",1117.28333333333,TRUE,1117.2,0.0833333333298469,FALSE,TRUE,141.364232418537,0.471214108081505,1.69637078909342,1.71497435928411,156977.145224734,-225275.390040802,TRUE,FALSE,TRUE
15,196712,"p","2020-02-22 06:12:00",1117.36666666667,TRUE,1117.28333333333,0.0833333333400788,FALSE,TRUE,170.436636468318,0.568122121515075,2.04523963745427,1.72413374051461,156805.996248982,-225268.396846651,TRUE,FALSE,TRUE
15,196712,"p","2020-02-22 06:17:00",1117.45,TRUE,1117.36666666667,0.0833333333300743,FALSE,TRUE,172.049235894135,0.573497453002879,2.06459083081037,1.73383064846039,156633.243043962,-225260.980374564,TRUE,FALSE,TRUE
15,196712,"o","2020-02-22 06:20:00",1117.5,TRUE,1117.45,0.0499999999999545,FALSE,TRUE,101.356289805441,0.563090498919629,2.02712579611066,1.74248685456307,156531.461445259,-225256.861914403,TRUE,FALSE,TRUE
15,196712,"p","2020-02-22 06:22:00",1117.53333333333,TRUE,1117.5,0.0333333333298924,FALSE,TRUE,70.7016465570226,0.589180388036008,2.12104939692963,1.75375204314381,156599.235303615,-225278.149719387,TRUE,FALSE,TRUE
15,196712,"p","2020-02-22 06:27:00",1117.61666666667,TRUE,1117.53333333333,0.0833333333400788,FALSE,TRUE,181.441216883674,0.604804056229956,2.17729460242784,1.76657959209088,156773.345760279,-225332.197789583,TRUE,FALSE,TRUE
15,196712,"p","2020-02-22 06:32:00",1117.7,TRUE,1117.61666666667,0.0833333333300743,FALSE,TRUE,181.441250754781,0.604804169206255,2.17729500914252,1.77940714588191,156947.456216945,-225386.24585977,TRUE,FALSE,TRUE
15,196712,"p","2020-02-22 06:37:00",1117.78333333333,TRUE,1117.7,0.0833333333298469,FALSE,TRUE,181.441284662811,0.604804282234674,2.17729541604483,1.79223470452266,157121.566673613,-225440.293929959,TRUE,FALSE,TRUE
15,196712,"p","2020-02-22 06:42:00",1117.86666666667,TRUE,1117.78333333333,0.0833333333400788,FALSE,TRUE,181.44131860928,0.60480439531531,2.17729582313511,1.80506226799937,157295.677130278,-225494.342000153,TRUE,FALSE,TRUE
15,196712,"o","2020-02-22 06:44:00",1117.9,TRUE,1117.86666666667,0.0333333333301198,FALSE,TRUE,65.4378743688286,0.54531561979281,1.96313623125412,1.81194094745169,157358.294047622,-225514.393501035,TRUE,FALSE,TRUE
15,196712,"o","2020-02-22 06:47:00",1117.95,TRUE,1117.9,0.0499999999999545,FALSE,TRUE,675.621066223258,3.7534503679104,13.5124213244774,2.13963309524343,156693.815789022,-225375.099546983,TRUE,FALSE,TRUE
15,196712,"p","2020-02-22 06:52:00",1118.03333333333,TRUE,1117.95,0.0833333333298469,FALSE,TRUE,35.0087181598003,0.116695727204217,0.42010461793518,2.10364977247326,156667.5596174,-225351.731052227,TRUE,FALSE,TRUE
15,196712,"p","2020-02-22 06:57:00",1118.11666666667,TRUE,1118.03333333333,0.0833333333400788,FALSE,TRUE,29.9610663935161,0.0998702213036363,0.359532796693091,2.06598389262195,156647.282553726,-225329.519082738,TRUE,FALSE,TRUE
15,196712,"p","2020-02-22 07:02:00",1118.2,TRUE,1118.11666666667,0.0833333333300743,FALSE,TRUE,29.9610656603436,0.0998702188717176,0.359532787938183,2.0283180060359,156627.005490052,-225307.307113252,TRUE,FALSE,TRUE
15,196712,"p","2020-02-22 07:07:00",1118.28333333333,TRUE,1118.2,0.0833333333298469,FALSE,TRUE,29.9610649269576,0.0998702164273704,0.359532779138533,1.99065211269499,156606.728426378,-225285.095143759,TRUE,FALSE,TRUE
15,196712,"p","2020-02-22 07:12:00",1118.36666666667,TRUE,1118.28333333333,0.0833333333400788,FALSE,TRUE,29.9610641943618,0.0998702139731222,0.35953277030324,1.95298621259835,156586.451362704,-225262.883174274,TRUE,FALSE,TRUE
15,196712,"p","2020-02-22 07:17:00",1118.45,TRUE,1118.36666666667,0.0833333333300743,FALSE,TRUE,29.9610634623075,0.0998702115449307,0.35953276156175,1.91532030574828,156566.174299031,-225240.671204779,TRUE,FALSE,TRUE
15,196712,"p","2020-02-22 07:22:00",1118.53333333333,TRUE,1118.45,0.0833333333298469,FALSE,TRUE,29.9610627281569,0.0998702090980347,0.359532752752925,1.87765439212494,156545.897235357,-225218.459235296,TRUE,FALSE,TRUE
15,196712,"p","2020-02-22 07:27:00",1118.61666666667,TRUE,1118.53333333333,0.0833333333400788,FALSE,TRUE,29.9610619988106,0.0998702066546181,0.359532743956625,1.839988471727,156525.620171683,-225196.247265806,TRUE,FALSE,TRUE
15,196712,"p","2020-02-22 07:32:00",1118.7,TRUE,1118.61666666667,0.0833333333300743,FALSE,TRUE,29.9610612667376,0.0998702042263644,0.359532735214912,1.80232254455663,156505.343108008,-225174.035296321,TRUE,FALSE,TRUE
15,196712,"p","2020-02-22 07:37:00",1118.78333333333,TRUE,1118.7,0.0833333333298469,FALSE,TRUE,29.9610605352147,0.0998702017882273,0.359532726437618,1.76465661059483,156485.066044334,-225151.823326834,TRUE,FALSE,TRUE
15,196712,"o","2020-02-22 07:39:00",1118.81666666667,TRUE,1118.78333333333,0.0333333333401242,FALSE,TRUE,9.90680683644609,0.0825567236202317,0.297204205032834,1.72525932226753,156480.137540063,-225143.190189946,TRUE,FALSE,TRUE
15,196712,"o","2020-02-22 07:40:00",1118.83333333333,TRUE,1118.81666666667,0.0166666666600577,FALSE,TRUE,111.080314687257,1.85133857885508,6.6648188838783,1.86274021291472,156591.678245723,-225147.840940409,TRUE,FALSE,TRUE
15,196712,"p","2020-02-22 07:42:00",1118.86666666667,TRUE,1118.83333333333,0.0333333333398969,FALSE,TRUE,281.054745529641,2.3421228789525,8.431642364229,2.04929952700456,156873.945808648,-225158.410190631,TRUE,FALSE,TRUE
15,196712,"o","2020-02-22 07:47:00",1118.95,TRUE,1118.86666666667,0.0833333333300743,FALSE,TRUE,699.023288856658,2.33007762961332,8.38827946660794,2.23465430959254,157576.049679106,-225182.938863012,TRUE,FALSE,TRUE
15,196712,"p","2020-02-22 07:52:00",1119.03333333333,TRUE,1118.95,0.0833333333298469,FALSE,TRUE,437.619206575879,1.45873068864729,5.25143047913025,2.33287439151654,157283.786902789,-224854.9924687,TRUE,FALSE,TRUE
15,196712,"o","2020-02-22 07:54:00",1119.06666666667,TRUE,1119.03333333333,0.0333333333401242,FALSE,TRUE,172.568710528141,1.43807258744154,5.17706131478954,2.42902865673385,157168.238710127,-224725.937348052,TRUE,FALSE,TRUE
15,196712,"p","2020-02-22 07:57:00",1119.11666666667,TRUE,1119.06666666667,0.0499999999999545,FALSE,TRUE,241.385528438188,1.34103071354671,4.82771056876815,2.51547872797419,157378.343110874,-224846.924045181,TRUE,FALSE,TRUE
15,196712,"p","2020-02-22 08:02:00",1119.2,TRUE,1119.11666666667,0.0833333333300743,FALSE,TRUE,409.777035178843,1.36592345064956,4.91732442233843,2.60441806633834,157734.392094488,-225053.38846974,TRUE,FALSE,TRUE
15,196712,"p","2020-02-22 08:07:00",1119.28333333333,TRUE,1119.2,0.0833333333298469,FALSE,TRUE,409.777199229907,1.36592399749017,4.91732639096461,2.69335745278127,158090.441078103,-225259.852894294,TRUE,FALSE,TRUE
15,196712,"p","2020-02-22 08:12:00",1119.36666666667,TRUE,1119.28333333333,0.0833333333400788,FALSE,TRUE,409.77736372069,1.36592454562507,4.91732836425025,2.78229688743242,158446.490061715,-225466.31731885,TRUE,FALSE,TRUE
15,196712,"p","2020-02-22 08:17:00",1119.45,TRUE,1119.36666666667,0.0833333333300743,FALSE,TRUE,409.777528668672,1.36592509561566,4.91733034421637,2.87123637047527,158802.539045329,-225672.781743398,TRUE,FALSE,TRUE
15,196712,"p","2020-02-22 08:22:00",1119.53333333333,TRUE,1119.45,0.0833333333298469,FALSE,TRUE,409.77769402063,1.36592564679258,4.91733232845329,2.96017590201282,159158.58802891,-225879.246167922,TRUE,FALSE,TRUE
15,196712,"o","2020-02-22 08:23:00",1119.55,TRUE,1119.53333333333,0.0166666666700621,FALSE,TRUE,77.108292808152,1.28513821320738,4.62649756754658,3.04103668356662,159225.891001955,-225917.568439045,TRUE,FALSE,TRUE
15,196712,"p","2020-02-22 08:27:00",1119.61666666667,TRUE,1119.55,0.0666666666700166,FALSE,TRUE,397.079660868227,1.65449858686781,5.95619491272411,3.15883349586114,158935.000563131,-225644.975055474,TRUE,FALSE,TRUE
15,196712,"o","2020-02-22 08:28:00",1119.63333333333,TRUE,1119.61666666667,0.0166666666600577,FALSE,TRUE,97.4013294298265,1.62335549114083,5.844079768107,3.27351599194025,158863.928694076,-225577.811087685,TRUE,FALSE,TRUE
15,196712,"p","2020-02-22 08:32:00",1119.7,TRUE,1119.63333333333,0.0666666666700166,FALSE,TRUE,94.293659577523,0.392890248219937,1.41440489359177,3.26568360595409,158956.325470635,-225556.7513418,TRUE,FALSE,TRUE
15,196712,"p","2020-02-22 08:37:00",1119.78333333333,TRUE,1119.7,0.0833333333298469,FALSE,TRUE,120.607600688884,0.402025335646433,1.44729120832716,3.24907392736723,159075.105749595,-225532.585448921,TRUE,FALSE,TRUE
15,196712,"p","2020-02-22 08:42:00",1119.86666666667,TRUE,1119.78333333333,0.0833333333400788,FALSE,TRUE,120.60761492064,0.402025383036257,1.44729137893052,3.23192672037056,159193.886028555,-225508.419556029,TRUE,FALSE,TRUE
15,196712,"p","2020-02-22 08:47:00",1119.95,TRUE,1119.86666666667,0.0833333333300743,FALSE,TRUE,120.607629163449,0.402025430560554,1.44729155001799,3.21582021353466,159312.666307517,-225484.253663142,TRUE,FALSE,TRUE
15,196712,"p","2020-02-22 08:52:00",1120.03333333333,TRUE,1119.95,0.0833333333298469,FALSE,TRUE,120.607643416259,0.402025478071017,1.44729172105566,3.19710472253816,159431.446586477,-225460.08777025,TRUE,FALSE,TRUE
15,196712,"p","2020-02-22 08:57:00",1120.11666666667,TRUE,1120.03333333333,0.0833333333400788,FALSE,TRUE,120.607657681786,0.402025525573413,1.44729189206429,3.1768268694725,159550.226865438,-225435.921877361,TRUE,FALSE,TRUE
15,196712,"p","2020-02-22 09:02:00",1120.2,TRUE,1120.11666666667,0.0833333333300743,FALSE,TRUE,120.607671958995,0.402025573212372,1.44729206356454,3.15654900987312,159669.007144399,-225411.755984479,TRUE,FALSE,TRUE
15,196712,"o","2020-02-22 09:06:00",1120.26666666667,TRUE,1120.2,0.0666666666700166,FALSE,TRUE,98.0171445637878,0.40840476899526,1.47025716838294,3.13690905854917,159765.73048278,-225393.079398742,TRUE,FALSE,TRUE
15,196712,"p","2020-02-22 09:07:00",1120.28333333333,TRUE,1120.26666666667,0.0166666666598303,FALSE,TRUE,86.719728764924,1.44532881334158,5.20318372802969,3.2209615003518,159850.80979022,-225411.926743744,TRUE,FALSE,TRUE
15,196712,"p","2020-02-22 09:12:00",1120.36666666667,TRUE,1120.28333333333,0.0833333333400788,FALSE,TRUE,442.562802865434,1.47520934276537,5.31075363395533,3.31395087264906,160284.701903421,-225509.444111615,TRUE,FALSE,TRUE
15,196712,"o","2020-02-22 09:13:00",1120.38333333333,TRUE,1120.36666666667,0.0166666666600577,FALSE,TRUE,91.6479716285835,1.52746619441543,5.49887829989553,3.09135245529956,160374.347078169,-225530.53462825,TRUE,FALSE,TRUE
15,196712,"p","2020-02-22 09:17:00",1120.45,TRUE,1120.38333333333,0.0666666666700166,FALSE,TRUE,826.537893386961,3.44390788893928,12.3980684001814,3.42407367147307,161143.92010024,-225842.42334847,TRUE,FALSE,TRUE
15,196712,"o","2020-02-22 09:21:00",1120.51666666667,TRUE,1120.45,0.0666666666700166,FALSE,TRUE,823.738292832028,3.43224288662765,12.3560743918595,3.75731093800547,161910.679177706,-226153.762463965,TRUE,FALSE,TRUE
15,196712,"p","2020-02-22 09:22:00",1120.53333333333,TRUE,1120.51666666667,0.0166666666598303,FALSE,TRUE,11.9194160043869,0.198656933487933,0.71516496055656,3.76718960946709,161898.765475143,-226155.017038981,TRUE,FALSE,TRUE
15,196712,"p","2020-02-22 09:27:00",1120.61666666667,TRUE,1120.53333333333,0.0833333333400788,FALSE,TRUE,87.6435062477665,0.292145020802241,1.05172207488807,3.78641708990458,161810.793478909,-226150.606675093,TRUE,FALSE,TRUE
15,196712,"p","2020-02-22 09:32:00",1120.7,TRUE,1120.61666666667,0.0833333333300743,FALSE,TRUE,87.6434981391903,0.292144993808726,1.05172197771141,3.80564456788814,161722.821482625,-226146.196311189,TRUE,FALSE,TRUE
15,196712,"p","2020-02-22 09:37:00",1120.78333333333,TRUE,1120.7,0.0833333333298469,FALSE,TRUE,86.811478934899,0.28937159646177,1.04173774726237,3.82459470637982,161635.691649797,-226141.691149961,TRUE,FALSE,TRUE
15,196712,"p","2020-02-22 09:42:00",1120.86666666667,TRUE,1120.78333333333,0.0833333333400788,FALSE,TRUE,70.4903237032297,0.234967745658413,0.845883884370287,3.83810446003586,161703.062114333,-226119.794812849,TRUE,FALSE,TRUE
15,196712,"p","2020-02-22 09:47:00",1120.95,TRUE,1120.86666666667,0.0833333333300743,FALSE,TRUE,71.3165216543088,0.237721738856993,0.855798259885174,3.8518896132561,161771.274742325,-226097.803678419,TRUE,FALSE,TRUE
15,196712,"p","2020-02-22 09:52:00",1121.03333333333,TRUE,1120.95,0.0833333333298469,FALSE,TRUE,71.3165264588403,0.237721754872747,0.855798317541888,3.86567476832073,161839.487370318,-226075.812543975,TRUE,FALSE,TRUE
15,196712,"p","2020-02-22 09:57:00",1121.11666666667,TRUE,1121.03333333333,0.0833333333400788,FALSE,TRUE,71.3165312659979,0.237721770867417,0.855798375122702,3.87945992522865,161907.69999831,-226053.821409543,TRUE,FALSE,TRUE
15,196712,"o","2020-02-22 09:59:00",1121.15,TRUE,1121.11666666667,0.0333333333301198,FALSE,TRUE,35.2065204614015,0.293387670539964,1.05619561394387,3.90054301992063,161942.185061825,-226045.900730961,TRUE,FALSE,TRUE
15,196712,"p","2020-02-22 10:02:00",1121.2,TRUE,1121.15,0.0499999999999545,FALSE,TRUE,834.899148643861,4.63832860358122,16.6979829728924,4.17924202239324,162777.085756502,-226129.281156588,TRUE,FALSE,TRUE
15,196712,"o","2020-02-22 10:06:00",1121.26666666667,TRUE,1121.2,0.0666666666700166,FALSE,TRUE,1115.70468872133,4.6487695361053,16.7355703299791,4.40990668810852,163892.681151237,-226241.795144661,TRUE,FALSE,TRUE
15,196712,"p","2020-02-22 10:07:00",1121.28333333333,TRUE,1121.26666666667,0.0166666666598303,FALSE,TRUE,39.9002553553948,0.665004256196019,2.39401532230567,4.24339935076679,163913.323901595,-226276.102212709,TRUE,FALSE,TRUE
15,196712,"p","2020-02-22 10:12:00",1121.36666666667,TRUE,1121.28333333333,0.0833333333400788,FALSE,TRUE,184.426635052048,0.614755450123731,2.21311962044543,4.15900182691443,163980.509914087,-226448.499487856,TRUE,FALSE,TRUE
15,196712,"p","2020-02-22 10:17:00",1121.45,TRUE,1121.36666666667,0.0833333333300743,FALSE,TRUE,184.426653905579,0.614755513042639,2.2131198469535,4.07667011947454,164047.695926515,-226620.896763005,TRUE,FALSE,TRUE
15,196712,"p","2020-02-22 10:22:00",1121.53333333333,TRUE,1121.45,0.0833333333298469,FALSE,TRUE,184.426672811972,0.614755576065627,2.21312007383626,4.00404260572644,164114.881938944,-226793.294038166,TRUE,FALSE,TRUE
15,196712,"p","2020-02-22 10:27:00",1121.61666666667,TRUE,1121.53333333333,0.0833333333400788,FALSE,TRUE,184.426691766177,0.614755639170827,2.21312030101498,3.92892582457856,164182.067951371,-226965.691313318,TRUE,FALSE,TRUE
15,196712,"p","2020-02-22 10:32:00",1121.7,TRUE,1121.61666666667,0.0833333333300743,FALSE,TRUE,184.426710756942,0.614755702547181,2.21312052916985,3.85380899508426,164249.253963801,-227138.088588466,TRUE,FALSE,TRUE
15,196712,"p","2020-02-22 10:37:00",1121.78333333333,TRUE,1121.7,0.0833333333298469,FALSE,TRUE,184.426729791578,0.614755765997645,2.21312075759152,3.77869211712152,164316.439976229,-227310.485863618,TRUE,FALSE,TRUE
15,196712,"p","2020-02-22 10:42:00",1121.86666666667,TRUE,1121.78333333333,0.0833333333400788,FALSE,TRUE,184.426748858918,0.614755829479964,2.21312098612787,3.70357519050795,164383.625988658,-227482.883138763,TRUE,FALSE,TRUE
15,196712,"p","2020-02-22 10:47:00",1121.95,TRUE,1121.86666666667,0.0833333333300743,FALSE,TRUE,184.426767976805,0.614755893280059,2.21312121580821,3.6284582151567,164450.812001086,-227655.280413924,TRUE,FALSE,TRUE
15,196712,"p","2020-02-22 10:52:00",1122.03333333333,TRUE,1121.95,0.0833333333298469,FALSE,TRUE,184.045776725941,0.61348592244547,2.20854932080369,3.56129298608051,164517.81552933,-227827.338497289,TRUE,FALSE,TRUE
15,196712,"p","2020-02-22 10:57:00",1122.11666666667,TRUE,1122.03333333333,0.0833333333400788,FALSE,TRUE,114.469550423583,0.381565168047723,1.3736346049718,3.4339996441985,164551.341161244,-227937.169669485,TRUE,FALSE,TRUE
15,196712,"o","2020-02-22 10:58:00",1122.13333333333,TRUE,1122.11666666667,0.0166666666600577,FALSE,TRUE,24.077943417484,0.401299057117197,1.44467660562191,3.31179400079614,164558.376076169,-227960.277123561,TRUE,FALSE,TRUE
15,196712,"p","2020-02-22 11:02:00",1122.2,TRUE,1122.13333333333,0.0666666666700166,FALSE,TRUE,276.853720949655,1.1535571705656,4.15280581403615,3.3878606930307,164639.028291171,-228226.043711307,TRUE,FALSE,TRUE
15,196712,"p","2020-02-22 11:07:00",1122.28333333333,TRUE,1122.2,0.0833333333298469,FALSE,TRUE,347.641349435339,1.15880449816628,4.1716961933986,3.46353860928269,164740.301416669,-228559.763268432,TRUE,FALSE,TRUE
15,196712,"o","2020-02-22 11:08:00",1122.3,TRUE,1122.28333333333,0.0166666666700621,FALSE,TRUE,63.8307956972758,1.06384659473786,3.82984774105631,3.52972073045285,164762.479635421,-228619.837268974,TRUE,FALSE,TRUE
15,196712,"p","2020-02-22 11:12:00",1122.36666666667,TRUE,1122.3,0.0666666666700166,FALSE,TRUE,800.446412199813,3.3351933839983,12.0066961823939,3.82303752579662,165126.968787918,-227903.900548158,TRUE,FALSE,TRUE
15,196712,"o","2020-02-22 11:14:00",1122.4,TRUE,1122.36666666667,0.0333333333301198,FALSE,TRUE,398.368973256287,3.31974144412244,11.9510691988408,4.11480912240176,165308.866708754,-227547.843453666,TRUE,FALSE,TRUE
15,196712,"p","2020-02-22 11:17:00",1122.45,TRUE,1122.4,0.0499999999999545,FALSE,TRUE,134.899826584038,0.749443481023114,2.69799653168321,4.14955091794673,165439.388194232,-227584.40954007,TRUE,FALSE,TRUE
15,196712,"p","2020-02-22 11:22:00",1122.53333333333,TRUE,1122.45,0.0833333333298469,FALSE,TRUE,225.281319998138,0.750937733358542,2.70337584009075,4.18444213396135,165654.743249616,-227654.096719749,TRUE,FALSE,TRUE
15,196712,"p","2020-02-22 11:27:00",1122.61666666667,TRUE,1122.53333333333,0.0833333333400788,FALSE,TRUE,225.281375153438,0.75093791711734,2.70337650162243,4.21869544877356,165870.098304999,-227723.783899422,TRUE,FALSE,TRUE
15,196712,"p","2020-02-22 11:32:00",1122.7,TRUE,1122.61666666667,0.0833333333300743,FALSE,TRUE,225.281430382948,0.75093810130586,2.7033771647011,4.14925637756999,166085.453360383,-227793.471079088,TRUE,FALSE,TRUE
15,196712,"p","2020-02-22 11:37:00",1122.78333333333,TRUE,1122.7,0.0833333333298469,FALSE,TRUE,225.281485687848,0.750938285657578,2.70337782836728,4.07682927185921,166300.808415767,-227863.15825875,TRUE,FALSE,TRUE
15,196712,"p","2020-02-22 11:42:00",1122.86666666667,TRUE,1122.78333333333,0.0833333333400788,FALSE,TRUE,225.281541067546,0.75093847016437,2.70337849259173,3.9991764994341,166516.163471151,-227932.84543843,TRUE,FALSE,TRUE
15,196712,"p","2020-02-22 11:47:00",1122.95,TRUE,1122.86666666667,0.0833333333300743,FALSE,TRUE,225.281596523256,0.750938655106888,2.7033791583848,3.72987957605086,166731.518526534,-228002.532618101,TRUE,FALSE,TRUE
15,196712,"p","2020-02-22 11:52:00",1123.03333333333,TRUE,1122.95,0.0833333333298469,FALSE,TRUE,225.281652051651,0.750938840203587,2.70337982473291,3.46174917140846,166946.873581918,-228072.219797773,TRUE,FALSE,TRUE
15,196712,"p","2020-02-22 11:57:00",1123.11666666667,TRUE,1123.03333333333,0.0833333333400788,FALSE,TRUE,225.281707656064,0.750939025459429,2.70338049165394,3.51697738060561,167162.228637301,-228141.906977451,TRUE,FALSE,TRUE
15,196712,"p","2020-02-22 12:02:00",1123.2,TRUE,1123.11666666667,0.0833333333300743,FALSE,TRUE,225.281763334025,0.750939211142784,2.70338116011402,3.56285679963966,167377.583692684,-228211.594157119,TRUE,FALSE,TRUE
15,196712,"p","2020-02-22 12:07:00",1123.28333333333,TRUE,1123.2,0.0833333333298469,FALSE,TRUE,225.281819089436,0.750939396996202,2.70338182918633,3.60873623995841,167592.938748069,-228281.281336794,TRUE,FALSE,TRUE
15,196712,"p","2020-02-22 12:12:00",1123.36666666667,TRUE,1123.28333333333,0.0833333333400788,FALSE,TRUE,225.281874916837,0.75093958299534,2.70338249878322,3.65489303861176,167808.293803451,-228350.968516473,TRUE,FALSE,TRUE
15,196712,"p","2020-02-22 12:17:00",1123.45,TRUE,1123.36666666667,0.0833333333300743,FALSE,TRUE,225.28193082016,0.750939769429901,2.70338316994764,3.70649024098891,168023.648858835,-228420.655696138,TRUE,FALSE,TRUE
15,196712,"p","2020-02-22 12:22:00",1123.53333333333,TRUE,1123.45,0.0833333333298469,FALSE,TRUE,225.281986798578,0.750939956026676,2.70338384169603,3.75781206270588,168239.003914219,-228490.342875805,TRUE,FALSE,TRUE
15,196712,"p","2020-02-22 12:27:00",1123.61666666667,TRUE,1123.53333333333,0.0833333333400788,FALSE,TRUE,225.282042851529,0.750940142777645,2.70338451399952,3.80913390149637,168454.358969602,-228560.030055487,TRUE,FALSE,TRUE
15,196712,"p","2020-02-22 12:32:00",1123.7,TRUE,1123.61666666667,0.0833333333300743,FALSE,TRUE,225.282098980261,0.750940329963571,2.70338518786886,3.86045575740599,168669.714024986,-228629.717235151,TRUE,FALSE,TRUE
15,196712,"p","2020-02-22 12:37:00",1123.78333333333,TRUE,1123.7,0.0833333333298469,FALSE,TRUE,225.282155181079,0.750940517301681,2.70338586228605,3.90621104208216,168885.06908037,-228699.404414819,TRUE,FALSE,TRUE
15,196712,"p","2020-02-22 12:42:00",1123.86666666667,TRUE,1123.78333333333,0.0833333333400788,FALSE,TRUE,225.282211460102,0.750940704806222,2.7033865373024,3.51747225220466,169100.424135754,-228769.091594492,TRUE,FALSE,TRUE
15,196712,"p","2020-02-22 12:47:00",1123.95,TRUE,1123.86666666667,0.0833333333300743,FALSE,TRUE,225.282267812206,0.750940892736721,2.70338721385219,3.1276893878678,169315.779191137,-228838.778774176,TRUE,FALSE,TRUE
15,196712,"p","2020-02-22 12:52:00",1124.03333333333,TRUE,1123.95,0.0833333333298469,FALSE,TRUE,225.28232423765,0.750941080823582,2.7033878909649,3.13628307033056,169531.134246521,-228908.465953839,TRUE,FALSE,TRUE
15,196712,"p","2020-02-22 12:57:00",1124.11666666667,TRUE,1124.03333333333,0.0833333333400788,FALSE,TRUE,225.28238074047,0.750941269074116,2.70338856866682,3.1499016522256,169746.489301905,-228978.153133512,TRUE,FALSE,TRUE
15,196712,"p","2020-02-22 13:02:00",1124.2,TRUE,1124.11666666667,0.0833333333300743,FALSE,TRUE,225.282437316738,0.750941457751829,2.70338924790659,3.16352024669651,169961.844357287,-229047.840313181,TRUE,FALSE,TRUE
15,196712,"p","2020-02-22 13:07:00",1124.28333333333,TRUE,1124.2,0.0833333333298469,FALSE,TRUE,225.282493969538,0.750941646596543,2.70338992774756,3.17713885374961,170177.199412672,-229117.527492859,TRUE,FALSE,TRUE
15,196712,"p","2020-02-22 13:12:00",1124.36666666667,TRUE,1124.28333333333,0.0833333333400788,FALSE,TRUE,225.282550693477,0.750941835584137,2.70339060810289,3.19075747339094,170392.554468055,-229187.214672532,TRUE,FALSE,TRUE
15,196712,"p","2020-02-22 13:17:00",1124.45,TRUE,1124.36666666667,0.0833333333300743,FALSE,TRUE,225.282607496401,0.750942025017372,2.70339129006254,3.20437610563796,170607.909523438,-229256.901852201,TRUE,FALSE,TRUE
15,196712,"p","2020-02-22 13:22:00",1124.53333333333,TRUE,1124.45,0.0833333333298469,FALSE,TRUE,225.282664371289,0.750942214602381,2.70339197256857,3.21799475049843,170823.264578822,-229326.589031876,TRUE,FALSE,TRUE
15,196712,"p","2020-02-22 13:27:00",1124.61666666667,TRUE,1124.53333333333,0.0833333333400788,FALSE,TRUE,225.282721322275,0.750942404346799,2.70339265564848,3.23161340798511,171038.619634206,-229396.276211541,TRUE,FALSE,TRUE
15,196712,"p","2020-02-22 13:32:00",1124.7,TRUE,1124.61666666667,0.0833333333300743,FALSE,TRUE,225.282778347441,0.750942594520837,2.70339334027501,3.24523207810919,171253.974689589,-229465.963391208,TRUE,FALSE,TRUE
15,196712,"p","2020-02-22 13:37:00",1124.78333333333,TRUE,1124.7,0.0833333333298469,FALSE,TRUE,225.282835448642,0.750942784860224,2.70339402549681,3.25897776435067,171469.329744973,-229535.650570893,TRUE,FALSE,TRUE
15,196712,"p","2020-02-22 13:42:00",1124.86666666667,TRUE,1124.78333333333,0.0833333333400788,FALSE,TRUE,225.282892622874,0.750942975348794,2.70339471125566,3.29591554508077,171684.684800357,-229605.337750556,TRUE,FALSE,TRUE
15,196712,"p","2020-02-22 13:47:00",1124.95,TRUE,1124.86666666667,0.0833333333300743,FALSE,TRUE,225.282949873654,0.75094316627488,2.70339539858957,3.33087995599654,171900.03985574,-229675.024930231,TRUE,FALSE,TRUE
15,196712,"p","2020-02-22 13:52:00",1125.03333333333,TRUE,1124.95,0.0833333333298469,FALSE,TRUE,225.28300719781,0.75094335735745,2.70339608648682,3.29061857467573,172115.394911124,-229744.712109903,TRUE,FALSE,TRUE
15,196712,"p","2020-02-22 13:57:00",1125.11666666667,TRUE,1125.03333333333,0.0833333333400788,FALSE,TRUE,225.283064597162,0.75094354859642,2.70339677494711,3.24983247971874,172330.749966508,-229814.399289578,TRUE,FALSE,TRUE
15,196712,"p","2020-02-22 14:02:00",1125.2,TRUE,1125.11666666667,0.0833333333300743,FALSE,TRUE,225.283122070946,0.750943740265854,2.70339746495707,3.21854219427154,172546.10502189,-229884.086469251,TRUE,FALSE,TRUE
15,196712,"p","2020-02-22 14:07:00",1125.28333333333,TRUE,1125.2,0.0833333333298469,FALSE,TRUE,225.283179621906,0.750943932104438,2.70339815557598,2.96011724908215,172761.460077275,-229953.773648929,TRUE,FALSE,TRUE
15,196712,"o","2020-02-22 14:09:00",1125.31666666667,TRUE,1125.28333333333,0.0333333333401242,FALSE,TRUE,88.3180820996506,0.735984017347148,2.64954246244973,2.70174150640463,172846.079377192,-229980.491217355,TRUE,FALSE,TRUE
15,196712,"p","2020-02-22 14:12:00",1125.36666666667,TRUE,1125.31666666667,0.0499999999999545,FALSE,TRUE,93.8225240161714,0.52123624453476,1.87645048032514,2.67892078275579,172807.375958588,-229894.683213172,TRUE,FALSE,TRUE
15,196712,"p","2020-02-22 14:17:00",1125.45,TRUE,1125.36666666667,0.0833333333300743,FALSE,TRUE,159.168790795395,0.530562636005399,1.91002548961944,2.65688327302048,172740.332390521,-229749.741033816,TRUE,FALSE,TRUE
15,196712,"p","2020-02-22 14:22:00",1125.53333333333,TRUE,1125.45,0.0833333333298469,FALSE,TRUE,159.168774220507,0.530562580757222,1.910025290726,2.63484573938446,172673.288822455,-229604.798854447,TRUE,FALSE,TRUE
15,196712,"p","2020-02-22 14:27:00",1125.61666666667,TRUE,1125.53333333333,0.0833333333400788,FALSE,TRUE,159.168757670695,0.530562525526037,1.91002509189373,2.61280818180648,172606.245254388,-229459.856675093,TRUE,FALSE,TRUE
15,196712,"p","2020-02-22 14:32:00",1125.7,TRUE,1125.61666666667,0.0833333333300743,FALSE,TRUE,159.168741147913,0.530562470513794,1.91002489384966,2.5907706002921,172539.201686322,-229314.914495733,TRUE,FALSE,TRUE
15,196712,"p","2020-02-22 14:37:00",1125.78333333333,TRUE,1125.7,0.0833333333298469,FALSE,TRUE,159.16872465348,0.530562415533798,1.91002469592167,2.56873299482905,172472.158118255,-229169.972316376,TRUE,FALSE,TRUE
15,196712,"p","2020-02-22 14:42:00",1125.86666666667,TRUE,1125.78333333333,0.0833333333400788,FALSE,TRUE,159.168708182187,0.530562360564345,1.91002449803164,2.54669536537479,172405.114550188,-229025.030137019,TRUE,FALSE,TRUE
15,196712,"p","2020-02-22 14:47:00",1125.95,TRUE,1125.86666666667,0.0833333333300743,FALSE,TRUE,159.16869173721,0.530562305811449,1.91002430092122,2.52465771193558,172338.070982122,-228880.08795765,TRUE,FALSE,TRUE
15,196712,"p","2020-02-22 14:52:00",1126.03333333333,TRUE,1125.95,0.0833333333298469,FALSE,TRUE,159.168675320666,0.530562251091083,1.9100241039279,2.50262003449874,172271.027414055,-228735.145778291,TRUE,FALSE,TRUE
15,196712,"p","2020-02-22 14:57:00",1126.11666666667,TRUE,1126.03333333333,0.0833333333400788,FALSE,TRUE,159.168658929055,0.530562196387236,1.91002390699405,2.48058233302319,172203.983845988,-228590.203598935,TRUE,FALSE,TRUE
15,196712,"p","2020-02-22 15:02:00",1126.2,TRUE,1126.11666666667,0.0833333333300743,FALSE,TRUE,159.168642559316,0.530562141885135,1.91002371078649,2.45854460751208,172136.940277922,-228445.261419579,TRUE,FALSE,TRUE
15,196712,"p","2020-02-22 15:07:00",1126.28333333333,TRUE,1126.2,0.0833333333298469,FALSE,TRUE,159.168626221464,0.530562087427077,1.91002351473748,2.43650685795526,172069.896709855,-228300.319240216,TRUE,FALSE,TRUE
15,196712,"p","2020-02-22 15:12:00",1126.36666666667,TRUE,1126.28333333333,0.0833333333400788,FALSE,TRUE,159.168609908107,0.530562032984078,1.91002331874268,2.41446908431067,172002.853141788,-228155.37706086,TRUE,FALSE,TRUE
15,196712,"p","2020-02-22 15:17:00",1126.45,TRUE,1126.36666666667,0.0833333333300743,FALSE,TRUE,159.168593619101,0.530561978751085,1.91002312350391,2.39243128658311,171935.809573721,-228010.434881497,TRUE,FALSE,TRUE
15,196712,"p","2020-02-22 15:22:00",1126.53333333333,TRUE,1126.45,0.0833333333298469,FALSE,TRUE,159.168577357538,0.530561924547323,1.91002292837036,2.37039346476008,171868.766005655,-227865.492702132,TRUE,FALSE,TRUE
15,196712,"p","2020-02-22 15:27:00",1126.61666666667,TRUE,1126.53333333333,0.0833333333400788,FALSE,TRUE,159.168561120684,0.530561870359332,1.9100227332936,2.34835561879966,171801.722437587,-227720.550522786,TRUE,FALSE,TRUE
15,196712,"p","2020-02-22 15:32:00",1126.7,TRUE,1126.61666666667,0.0833333333300743,FALSE,TRUE,159.168544911748,0.530561816393243,1.91002253901567,2.32631774870881,171734.678869522,-227575.608343414,TRUE,FALSE,TRUE
15,196712,"p","2020-02-22 15:37:00",1126.78333333333,TRUE,1126.7,0.0833333333298469,FALSE,TRUE,159.168528727033,0.530561762445639,1.9100223448043,2.30427985447276,171667.635301455,-227430.666164059,TRUE,FALSE,TRUE
15,196712,"p","2020-02-22 15:42:00",1126.86666666667,TRUE,1126.78333333333,0.0833333333400788,FALSE,TRUE,159.168512568934,0.530561708520168,1.91002215067261,2.2822419360511,171600.591733388,-227285.723984703,TRUE,FALSE,TRUE
15,196712,"p","2020-02-22 15:47:00",1126.95,TRUE,1126.86666666667,0.0833333333300743,FALSE,TRUE,159.168496438121,0.530561654814485,1.91002195733214,2.26020399345019,171533.548165321,-227140.781805341,TRUE,FALSE,TRUE
15,196712,"o","2020-02-22 15:51:00",1127.01666666667,TRUE,1126.95,0.0666666666700166,FALSE,TRUE,126.911464756514,0.528797769792236,1.90367197125205,2.237989643522,171480.122500515,-227025.199311652,TRUE,FALSE,TRUE
15,196712,"p","2020-02-22 15:52:00",1127.03333333333,TRUE,1127.01666666667,0.0166666666598303,FALSE,TRUE,16.6003336468501,0.276672227560987,0.996020019219553,2.19056272050292,171474.263710117,-227009.609758181,TRUE,FALSE,TRUE
15,196712,"p","2020-02-22 15:57:00",1127.11666666667,TRUE,1127.03333333333,0.0833333333400788,FALSE,TRUE,80.9038765998498,0.269679588644337,0.970846519119613,2.1424365147077,171446.015706357,-226933.518239774,TRUE,FALSE,TRUE
15,196712,"p","2020-02-22 16:02:00",1127.2,TRUE,1127.11666666667,0.0833333333300743,FALSE,TRUE,80.9038729303869,0.26967957644517,0.97084647520261,2.0943102887938,171417.767702598,-226857.426721382,TRUE,FALSE,TRUE
15,196712,"p","2020-02-22 16:07:00",1127.28333333333,TRUE,1127.2,0.0833333333298469,FALSE,TRUE,80.903869276281,0.269679564265552,0.970846431355989,2.04618404271862,171389.519698839,-226781.335202985,TRUE,FALSE,TRUE
15,196712,"p","2020-02-22 16:12:00",1127.36666666667,TRUE,1127.28333333333,0.0833333333400788,FALSE,TRUE,80.9038656173233,0.269679552035915,0.970846387329294,1.99805777646197,171361.27169508,-226705.243684594,TRUE,FALSE,TRUE
15,196712,"p","2020-02-22 16:17:00",1127.45,TRUE,1127.36666666667,0.0833333333300743,FALSE,TRUE,80.9038619669365,0.269679539900335,0.970846343641207,1.94993149001733,171333.02369132,-226629.1521662,TRUE,FALSE,TRUE
15,196712,"p","2020-02-22 16:22:00",1127.53333333333,TRUE,1127.45,0.0833333333298469,FALSE,TRUE,80.9038583198497,0.269679527744115,0.970846299878813,1.90180518333965,171304.775687561,-226553.060647806,TRUE,FALSE,TRUE
15,196712,"p","2020-02-22 16:27:00",1127.61666666667,TRUE,1127.53333333333,0.0833333333400788,FALSE,TRUE,80.9038546722992,0.269679515552501,0.970846255989005,1.85367885640888,171276.527683802,-226476.969129404,TRUE,FALSE,TRUE
15,196712,"p","2020-02-22 16:32:00",1127.7,TRUE,1127.61666666667,0.0833333333300743,FALSE,TRUE,80.9038510318154,0.269679503449932,0.970846212419754,1.805552509219,171248.279680043,-226400.877611007,TRUE,FALSE,TRUE
15,196712,"p","2020-02-22 16:37:00",1127.78333333333,TRUE,1127.7,0.0833333333298469,FALSE,TRUE,80.9038473923089,0.269679491318979,0.970846168748324,1.75742614172341,171220.031676284,-226324.786092612,TRUE,FALSE,TRUE
15,196712,"p","2020-02-22 16:42:00",1127.86666666667,TRUE,1127.78333333333,0.0833333333400788,FALSE,TRUE,80.9038437581571,0.269679479172028,0.9708461250193,1.70929975390486,171191.783672526,-226248.694574223,TRUE,FALSE,TRUE
15,196712,"p","2020-02-22 16:47:00",1127.95,TRUE,1127.86666666667,0.0833333333300743,FALSE,TRUE,80.9038401269747,0.269679467100462,0.970846081561665,1.66117334575527,171163.535668767,-226172.603055822,TRUE,FALSE,TRUE
15,196712,"p","2020-02-22 16:52:00",1128.03333333333,TRUE,1127.95,0.0833333333298469,FALSE,TRUE,80.9038364999863,0.269679455011237,0.970846038040452,1.61304691722981,171135.287665007,-226096.511537428,TRUE,FALSE,TRUE
15,196712,"p","2020-02-22 16:57:00",1128.11666666667,TRUE,1128.03333333333,0.0833333333400788,FALSE,TRUE,80.903832871102,0.269679442881844,0.970845994374639,1.56492046830755,171107.039661248,-226020.420019038,TRUE,FALSE,TRUE
15,196712,"p","2020-02-22 17:02:00",1128.2,TRUE,1128.11666666667,0.0833333333300743,FALSE,TRUE,80.9038292547015,0.269679430859552,0.970845951094387,1.51829000965879,171078.791657489,-225944.328500639,TRUE,FALSE,TRUE
15,196712,"p","2020-02-22 17:07:00",1128.28333333333,TRUE,1128.2,0.0833333333298469,FALSE,TRUE,80.9038256363386,0.269679418799078,0.97084590767668,1.49313432708522,171050.54365373,-225868.236982243,TRUE,FALSE,TRUE
15,196712,"p","2020-02-22 17:12:00",1128.36666666667,TRUE,1128.28333333333,0.0833333333400788,FALSE,TRUE,80.9038220201925,0.269679406712146,0.970845864163725,1.46704600415589,171022.29564997,-225792.145463852,TRUE,FALSE,TRUE
15,196712,"p","2020-02-22 17:17:00",1128.45,TRUE,1128.36666666667,0.0833333333300743,FALSE,TRUE,80.9038184124243,0.269679394718628,0.970845820987059,1.44095768555203,170994.047646212,-225716.053945446,TRUE,FALSE,TRUE
15,196712,"p","2020-02-22 17:22:00",1128.53333333333,TRUE,1128.45,0.0833333333298469,FALSE,TRUE,80.9038148011202,0.269679382681683,0.97084577765406,1.4148693712676,170965.799642453,-225639.962427059,TRUE,FALSE,TRUE
15,196712,"p","2020-02-22 17:27:00",1128.61666666667,TRUE,1128.53333333333,0.0833333333400788,FALSE,TRUE,80.9038112055449,0.269679370663321,0.970845734387954,1.38878106128255,170937.551638688,-225563.870908652,TRUE,FALSE,TRUE
15,196712,"o","2020-02-22 17:28:00",1128.63333333333,TRUE,1128.61666666667,0.0166666666600577,FALSE,TRUE,17.0660663525325,0.284434439321664,1.02396398155799,1.36416826366134,170931.24481529,-225547.953130151,TRUE,FALSE,TRUE
15,196712,"p","2020-02-22 17:32:00",1128.7,TRUE,1128.63333333333,0.0666666666700166,FALSE,TRUE,202.121679247548,0.842173663489133,3.03182518856088,1.39532939395382,170811.79470372,-225384.001707422,TRUE,FALSE,TRUE
15,196712,"p","2020-02-22 17:37:00",1128.78333333333,TRUE,1128.7,0.0833333333298469,FALSE,TRUE,253.83800900628,0.846126696723,3.0460561082028,1.42688583304497,170661.66053594,-225178.188085474,TRUE,FALSE,TRUE
15,196712,"p","2020-02-22 17:42:00",1128.86666666667,TRUE,1128.78333333333,0.0833333333400788,FALSE,TRUE,253.837957843786,0.846126526077463,3.04605549387887,1.45844226054361,170511.526368162,-224972.374463525,TRUE,FALSE,TRUE
15,196712,"p","2020-02-22 17:47:00",1128.95,TRUE,1128.86666666667,0.0833333333300743,FALSE,TRUE,253.837906791005,0.846126356003108,3.04605488161119,1.4899986765052,170361.392200383,-224766.560841579,TRUE,FALSE,TRUE
15,196712,"p","2020-02-22 17:52:00",1129.03333333333,TRUE,1128.95,0.0833333333298469,FALSE,TRUE,253.837855846951,0.846126186191901,3.04605427029084,1.52155508093587,170211.258032604,-224560.747219631,TRUE,FALSE,TRUE
15,196712,"p","2020-02-22 17:57:00",1129.11666666667,TRUE,1129.03333333333,0.0833333333400788,FALSE,TRUE,253.837805004788,0.846126016614136,3.04605365981089,1.55311147385458,170061.123864826,-224354.933597679,TRUE,FALSE,TRUE
15,196712,"p","2020-02-22 18:02:00",1129.2,TRUE,1129.11666666667,0.0833333333300743,FALSE,TRUE,253.837754268493,0.846125847594734,3.04605305134104,1.58466785531565,169910.989697046,-224149.119975728,TRUE,FALSE,TRUE
15,196712,"p","2020-02-22 18:07:00",1129.28333333333,TRUE,1129.2,0.0833333333298469,FALSE,TRUE,253.837703644247,0.846125678849555,3.0460524438584,1.61622422532549,169760.855529268,-223943.30635377,TRUE,FALSE,TRUE
15,196712,"o","2020-02-22 18:10:00",1129.33333333333,TRUE,1129.28333333333,0.0500000000001819,FALSE,TRUE,151.310102169742,0.840611678717731,3.02620204338383,1.64722920074253,169671.588777297,-223820.458413462,TRUE,FALSE,TRUE
15,196712,"p","2020-02-22 18:12:00",1129.36666666667,TRUE,1129.33333333333,0.0333333333398969,FALSE,TRUE,35.3646113191028,0.294705094267828,1.06093833936418,1.62364352313338,169671.087331467,-223784.986849997,TRUE,FALSE,TRUE
15,196712,"p","2020-02-22 18:17:00",1129.45,TRUE,1129.36666666667,0.0833333333300743,FALSE,TRUE,86.8098742096799,0.289366247376916,1.0417184905569,1.59952396623175,169671.868088632,-223697.908523472,TRUE,FALSE,TRUE
15,196712,"p","2020-02-22 18:22:00",1129.53333333333,TRUE,1129.45,0.0833333333298469,FALSE,TRUE,86.8098730558697,0.289366243531672,1.04171847671402,1.57540441434035,169672.648845797,-223610.830196934,TRUE,FALSE,TRUE
15,196712,"p","2020-02-22 18:27:00",1129.61666666667,TRUE,1129.53333333333,0.0833333333400788,FALSE,TRUE,86.8098719037281,0.289366239655671,1.04171846276042,1.5512848674539,169673.429602963,-223523.751870409,TRUE,FALSE,TRUE
15,196712,"p","2020-02-22 18:32:00",1129.7,TRUE,1129.61666666667,0.0833333333300743,FALSE,TRUE,86.8098707547837,0.289366235860596,1.04171844909814,1.52716532555851,169674.210360128,-223436.67354388,TRUE,FALSE,TRUE
15,196712,"p","2020-02-22 18:37:00",1129.78333333333,TRUE,1129.7,0.0833333333298469,FALSE,TRUE,86.8098696145611,0.289366232060643,1.04171843541832,1.50322217178536,169674.991117294,-223349.595217345,TRUE,FALSE,TRUE
15,196712,"p","2020-02-22 18:42:00",1129.86666666667,TRUE,1129.78333333333,0.0833333333400788,FALSE,TRUE,86.8098684717587,0.289366228215773,1.04171842157678,1.50449157185083,169675.77187446,-223262.516890815,TRUE,FALSE,TRUE
15,196712,"p","2020-02-22 18:47:00",1129.95,TRUE,1129.86666666667,0.0833333333300743,FALSE,TRUE,86.8098673378075,0.289366224470675,1.04171840809443,1.50646023543347,169676.552631625,-223175.438564286,TRUE,FALSE,TRUE
15,196712,"o","2020-02-22 18:49:00",1129.98333333333,TRUE,1129.95,0.0333333333298924,FALSE,TRUE,36.9470209553631,0.307891841326475,1.10841062877531,1.5102814619216,169675.691495425,-223138.386202579,TRUE,FALSE,TRUE
15,196712,"p","2020-02-22 18:52:00",1130.03333333333,TRUE,1129.98333333333,0.0499999999999545,FALSE,TRUE,322.869144361087,1.79371746867434,6.45738288722761,1.66268525236248,169546.760299722,-222841.217544179,TRUE,FALSE,TRUE
15,196712,"p","2020-02-22 18:57:00",1130.11666666667,TRUE,1130.03333333333,0.0833333333400788,FALSE,TRUE,542.275422627273,1.80758474194459,6.50730507100054,1.81647577135334,169329.919241772,-222342.234728372,TRUE,FALSE,TRUE
15,196712,"p","2020-02-22 19:02:00",1130.2,TRUE,1130.11666666667,0.0833333333300743,FALSE,TRUE,542.275252149678,1.80758417390295,6.50730302605062,1.97026623475361,169113.078183822,-221843.251912566,TRUE,FALSE,TRUE
15,196712,"o","2020-02-22 19:06:00",1130.26666666667,TRUE,1130.2,0.0666666666700166,FALSE,TRUE,431.762361170777,1.79900983812117,6.47643541723621,2.12319926579131,168941.039679191,-221445.694731878,TRUE,FALSE,TRUE
15,196712,"p","2020-02-22 19:07:00",1130.28333333333,TRUE,1130.26666666667,0.0166666666598303,FALSE,TRUE,41.716046865673,0.695267448046403,2.50296281296705,2.1657580590407,168949.438703947,-221404.693469259,TRUE,FALSE,TRUE
15,196712,"p","2020-02-22 19:12:00",1130.36666666667,TRUE,1130.28333333333,0.0833333333400788,FALSE,TRUE,202.235672691251,0.674118908916272,2.42682807209858,2.20620199958734,168998.605536289,-221207.832515925,TRUE,FALSE,TRUE
15,196712,"p","2020-02-22 19:17:00",1130.45,TRUE,1130.36666666667,0.0833333333300743,FALSE,TRUE,202.23567764194,0.674118925499498,2.42682813179819,2.24664594300539,169047.772368644,-221010.971562592,TRUE,FALSE,TRUE
15,196712,"p","2020-02-22 19:22:00",1130.53333333333,TRUE,1130.45,0.0833333333298469,FALSE,TRUE,202.235682656458,0.674118942216396,2.42682819197903,2.28708988930982,169096.939201,-220814.11060926,TRUE,FALSE,TRUE
15,196712,"p","2020-02-22 19:27:00",1130.61666666667,TRUE,1130.53333333333,0.0833333333400788,FALSE,TRUE,202.235687722034,0.674118959018882,2.42682825246797,2.32753383850167,169146.106033354,-220617.249655929,TRUE,FALSE,TRUE
15,196712,"p","2020-02-22 19:32:00",1130.7,TRUE,1130.61666666667,0.0833333333300743,FALSE,TRUE,202.235692837896,0.674118976152684,2.42682831414966,2.36797779061581,169195.27286571,-220420.388702602,TRUE,FALSE,TRUE
15,196712,"p","2020-02-22 19:37:00",1130.78333333333,TRUE,1130.7,0.0833333333298469,FALSE,TRUE,202.235698015686,0.674118993413825,2.42682837628977,2.40842174566901,169244.439698065,-220223.527749278,TRUE,FALSE,TRUE
15,196712,"p","2020-02-22 19:42:00",1130.86666666667,TRUE,1130.78333333333,0.0833333333400788,FALSE,TRUE,202.235703239397,0.674119010743425,2.42682843867633,2.4488657036574,169293.606530421,-220026.66679594,TRUE,FALSE,TRUE
15,196712,"p","2020-02-22 19:47:00",1130.95,TRUE,1130.86666666667,0.0833333333300743,FALSE,TRUE,202.235708507368,0.674119028384258,2.42682850218333,2.48930966461591,169342.77336277,-219829.805842622,TRUE,FALSE,TRUE
15,196712,"o","2020-02-22 19:48:00",1130.96666666667,TRUE,1130.95,0.0166666666700621,FALSE,TRUE,39.1615524792278,0.652692541187493,2.34969314827497,2.52761097806345,169351.972334383,-219791.606535494,TRUE,FALSE,TRUE
15,196712,"p","2020-02-22 19:52:00",1131.03333333333,TRUE,1130.96666666667,0.0666666666597848,FALSE,TRUE,56.0105352195514,0.233377230105555,0.840158028379998,2.52398076160214,169297.818111905,-219806.959920785,TRUE,FALSE,TRUE
15,196712,"p","2020-02-22 19:57:00",1131.11666666667,TRUE,1131.03333333333,0.0833333333400788,FALSE,TRUE,71.1810062519072,0.237270020820485,0.854172074953745,2.52073982541602,169229.332340227,-219827.617756818,TRUE,FALSE,TRUE
15,196712,"p","2020-02-22 20:02:00",1131.2,TRUE,1131.11666666667,0.0833333333300743,FALSE,TRUE,71.1810011230464,0.237270003752767,0.854172013509962,2.51749888872497,169160.84656855,-219848.275592851,TRUE,FALSE,TRUE
15,196712,"p","2020-02-22 20:07:00",1131.28333333333,TRUE,1131.2,0.0833333333298469,FALSE,TRUE,71.1809959977469,0.237269986669083,0.854171952008699,2.51278244345971,169092.360796871,-219868.933428893,TRUE,FALSE,TRUE
15,196712,"p","2020-02-22 20:12:00",1131.36666666667,TRUE,1131.28333333333,0.0833333333400788,FALSE,TRUE,71.1809908746862,0.237269969563082,0.854171890427094,2.4522920740671,169023.875025193,-219889.591264927,TRUE,FALSE,TRUE
15,196712,"p","2020-02-22 20:17:00",1131.45,TRUE,1131.36666666667,0.0833333333300743,FALSE,TRUE,71.1809857533252,0.237269952520363,0.854171829073308,2.39140639964684,168955.389253515,-219910.249100967,TRUE,FALSE,TRUE
15,196712,"p","2020-02-22 20:22:00",1131.53333333333,TRUE,1131.45,0.0833333333298469,FALSE,TRUE,71.1809806344067,0.237269935457949,0.854171767648616,2.33052074058489,168886.903481838,-219930.906937,TRUE,FALSE,TRUE
15,196712,"p","2020-02-22 20:27:00",1131.61666666667,TRUE,1131.53333333333,0.0833333333400788,FALSE,TRUE,71.1809755191646,0.237269918378009,0.854171706160834,2.26963509682238,168818.41771016,-219951.564773044,TRUE,FALSE,TRUE
15,196712,"p","2020-02-22 20:32:00",1131.7,TRUE,1131.61666666667,0.0833333333300743,FALSE,TRUE,71.1809704036911,0.237269901354916,0.854171644877698,2.20874946833868,168749.931938482,-219972.222609073,TRUE,FALSE,TRUE
15,196712,"o","2020-02-22 20:34:00",1131.73333333333,TRUE,1131.7,0.0333333333298924,FALSE,TRUE,29.7985408590278,0.248321173850865,0.893956225863115,2.14896898406235,168720.587673458,-219978.204265235,TRUE,FALSE,TRUE
15,196712,"p","2020-02-22 20:37:00",1131.78333333333,TRUE,1131.73333333333,0.0499999999999545,FALSE,TRUE,349.063340447104,1.93924078026345,6.98126680894842,2.25828047732922,168464.467005357,-219739.011563287,TRUE,FALSE,TRUE
15,196712,"p","2020-02-22 20:42:00",1131.86666666667,TRUE,1131.78333333333,0.0833333333400788,FALSE,TRUE,586.724269403559,1.95574756452022,7.04069123227281,2.36924266589629,168034.349297933,-219336.554596292,TRUE,FALSE,TRUE
15,196712,"o","2020-02-22 20:47:00",1131.95,TRUE,1131.86666666667,0.0833333333300743,FALSE,TRUE,585.068518554715,1.95022839525865,7.02082222293115,2.48020433755038,167605.880079252,-218934.770624477,TRUE,FALSE,TRUE
15,196712,"p","2020-02-22 20:52:00",1132.03333333333,TRUE,1131.95,0.0833333333298469,FALSE,TRUE,304.519800813625,1.01506600275455,3.65423760991638,2.55224042839906,167479.836713463,-218656.451944602,TRUE,FALSE,TRUE
15,196712,"p","2020-02-22 20:57:00",1132.11666666667,TRUE,1132.03333333333,0.0833333333400788,FALSE,TRUE,303.234776895602,1.01078258957019,3.63881732245268,2.62438206261838,167355.441836417,-218378.806259917,TRUE,FALSE,TRUE
15,196712,"p","2020-02-22 21:02:00",1132.2,TRUE,1132.11666666667,0.0833333333300743,FALSE,TRUE,303.234725223045,1.01078241744968,3.63881670281885,2.69652368001018,167231.04695937,-218101.16057523,TRUE,FALSE,TRUE
15,196712,"p","2020-02-22 21:07:00",1132.28333333333,TRUE,1132.2,0.0833333333298469,FALSE,TRUE,303.234673734131,1.01078224582272,3.63881608496181,2.76866528062689,167106.652082324,-217823.514890538,TRUE,FALSE,TRUE
15,196712,"p","2020-02-22 21:12:00",1132.36666666667,TRUE,1132.28333333333,0.0833333333400788,FALSE,TRUE,303.234622413057,1.01078207462837,3.63881546866214,2.84080686450367,166982.257205279,-217545.869205866,TRUE,FALSE,TRUE
15,196712,"p","2020-02-22 21:17:00",1132.45,TRUE,1132.36666666667,0.0833333333300743,FALSE,TRUE,303.23457128491,1.01078190432256,3.63881485556123,2.91294843172986,166857.862328233,-217268.223521174,TRUE,FALSE,TRUE
15,196712,"p","2020-02-22 21:22:00",1132.53333333333,TRUE,1132.45,0.0833333333298469,FALSE,TRUE,303.234520331436,1.01078173448041,3.63881424412946,2.98508998235632,166733.467451186,-216990.577836491,TRUE,FALSE,TRUE
15,196712,"o","2020-02-22 21:26:00",1132.6,TRUE,1132.53333333333,0.0666666666700166,FALSE,TRUE,240.865708114543,1.0036071170935,3.61298562153659,3.0565140716186,166633.258262742,-216770.668312475,TRUE,FALSE,TRUE
15,196712,"p","2020-02-22 21:27:00",1132.61666666667,TRUE,1132.6,0.0166666666700621,FALSE,TRUE,55.1624345633401,0.9193739092017,3.30974607312612,3.11766227840613,166583.357675461,-216794.793497878,TRUE,FALSE,TRUE
15,196712,"p","2020-02-22 21:32:00",1132.7,TRUE,1132.61666666667,0.0833333333300743,FALSE,TRUE,283.833214481037,0.946110714973791,3.40599857390565,3.03290160303607,166330.388305052,-216926.454543387,TRUE,FALSE,TRUE
15,196712,"o","2020-02-22 21:34:00",1132.73333333333,TRUE,1132.7,0.0333333333298924,FALSE,TRUE,108.967154139848,0.908059617925801,3.26901462453288,2.94294909063419,166232.480482777,-216975.458896053,TRUE,FALSE,TRUE
15,196712,"p","2020-02-22 21:37:00",1132.78333333333,TRUE,1132.73333333333,0.0499999999999545,FALSE,TRUE,385.090419133662,2.13939121741118,7.70180838268024,2.97612979498502,166442.388934306,-216650.845984297,TRUE,FALSE,TRUE
15,196712,"o","2020-02-22 21:40:00",1132.83333333333,TRUE,1132.78333333333,0.0500000000001819,FALSE,TRUE,386.186657607237,2.14548143114351,7.72373315211664,3.01077695428725,166653.195742435,-216325.503006638,TRUE,FALSE,TRUE
15,196712,"p","2020-02-22 21:42:00",1132.86666666667,TRUE,1132.83333333333,0.0333333333398969,FALSE,TRUE,32.3074564917171,0.26922880404463,0.969223694560666,2.96817308988707,166621.031965156,-216321.079261141,TRUE,FALSE,TRUE
15,196712,"p","2020-02-22 21:47:00",1132.95,TRUE,1132.86666666667,0.0833333333300743,FALSE,TRUE,86.0150006478666,0.286716668837435,1.03218000781477,2.92943286587919,166534.668598727,-216317.344896537,TRUE,FALSE,TRUE
15,196712,"p","2020-02-22 21:52:00",1133.03333333333,TRUE,1132.95,0.0833333333298469,FALSE,TRUE,86.0149925901333,0.286716641979106,1.03217991112478,2.89069263752715,166448.305232296,-216313.610531941,TRUE,FALSE,TRUE
15,196712,"p","2020-02-22 21:57:00",1133.11666666667,TRUE,1133.03333333333,0.0833333333400788,FALSE,TRUE,86.014984536355,0.286716615097975,1.03217981435271,2.85195240481531,166361.941865866,-216309.876167348,TRUE,FALSE,TRUE
15,196712,"p","2020-02-22 22:02:00",1133.2,TRUE,1133.11666666667,0.0833333333300743,FALSE,TRUE,86.0149764868997,0.286716588300879,1.03217971788316,2.81321216774351,166275.578499436,-216306.141802749,TRUE,FALSE,TRUE
15,196712,"o","2020-02-22 22:06:00",1133.26666666667,TRUE,1133.2,0.0666666666700166,FALSE,TRUE,69.2574931669983,0.288572888181325,1.03886239745277,2.77465755894637,166205.975603868,-216305.728497972,TRUE,FALSE,TRUE
15,196712,"p","2020-02-22 22:07:00",1133.28333333333,TRUE,1133.26666666667,0.0166666666598303,FALSE,TRUE,98.5094914809777,1.64182485868974,5.91056949128307,2.87142814547396,166170.216886823,-216397.887338656,TRUE,FALSE,TRUE
15,196712,"p","2020-02-22 22:12:00",1133.36666666667,TRUE,1133.28333333333,0.0833333333400788,FALSE,TRUE,505.436684277428,1.68478894745505,6.06524021083819,2.97249513914513,165988.862289498,-216871.552476432,TRUE,FALSE,TRUE
15,196712,"o","2020-02-22 22:13:00",1133.38333333333,TRUE,1133.36666666667,0.0166666666600577,FALSE,TRUE,98.6088731616952,1.64348122001329,5.91653239204785,3.06943135830803,165952.578494295,-216963.613935631,TRUE,FALSE,TRUE
15,196712,"p","2020-02-22 22:17:00",1133.45,TRUE,1133.38333333333,0.0666666666700166,FALSE,TRUE,146.992340230352,0.612468084262357,2.20488510334449,3.06540891261552,165805.597381735,-216948.849993557,TRUE,FALSE,TRUE
15,196712,"p","2020-02-22 22:22:00",1133.53333333333,TRUE,1133.45,0.0833333333298469,FALSE,TRUE,184.120558209303,0.613735194056686,2.20944669860407,3.10344470901063,165621.854896363,-216927.05560547,TRUE,FALSE,TRUE
15,196712,"p","2020-02-22 22:27:00",1133.61666666667,TRUE,1133.53333333333,0.0833333333400788,FALSE,TRUE,184.120521380057,0.613735071217177,2.20944625638184,3.1410912140503,165438.112410993,-216905.261217369,TRUE,FALSE,TRUE
15,196712,"p","2020-02-22 22:32:00",1133.7,TRUE,1133.61666666667,0.0833333333300743,FALSE,TRUE,184.120484592845,0.613734948666819,2.20944581520055,3.1787377085417,165254.369925621,-216883.466829282,TRUE,FALSE,TRUE
15,196712,"p","2020-02-22 22:37:00",1133.78333333333,TRUE,1133.7,0.0833333333298469,FALSE,TRUE,184.120447845548,0.613734826177502,2.20944537423901,3.21638419249255,165070.62744025,-216861.672441192,TRUE,FALSE,TRUE
15,196712,"p","2020-02-22 22:42:00",1133.86666666667,TRUE,1133.78333333333,0.0833333333400788,FALSE,TRUE,184.120411139887,0.613734703749943,2.2094449334998,3.25403066591123,164886.884954879,-216839.878053094,TRUE,FALSE,TRUE
15,196712,"p","2020-02-22 22:47:00",1133.95,TRUE,1133.86666666667,0.0833333333300743,FALSE,TRUE,184.120374473743,0.613734581603144,2.20944449377132,3.29167712881951,164703.142469508,-216818.083665005,TRUE,FALSE,TRUE
15,196712,"p","2020-02-22 22:52:00",1134.03333333333,TRUE,1133.95,0.0833333333298469,FALSE,TRUE,184.120337852021,0.613734459532412,2.20944405431668,3.32932358122696,164519.399984136,-216796.289276915,TRUE,FALSE,TRUE
15,196712,"o","2020-02-22 22:54:00",1134.06666666667,TRUE,1134.03333333333,0.0333333333401242,FALSE,TRUE,71.4020660756272,0.595017217175673,2.14206198183242,3.36509831110672,164448.37727199,-216786.073923327,TRUE,FALSE,TRUE
15,196712,"p","2020-02-22 22:57:00",1134.11666666667,TRUE,1134.06666666667,0.0499999999999545,FALSE,TRUE,240.256043136688,1.33475579520504,4.80512086273813,3.47484690049173,164610.980396771,-216607.851346416,TRUE,FALSE,TRUE
15,196712,"p","2020-02-22 23:02:00",1134.2,TRUE,1134.11666666667,0.0833333333300743,FALSE,TRUE,405.030714843801,1.35010238286547,4.8603685783157,3.58502502139319,164886.109408079,-216308.317720972,TRUE,FALSE,TRUE
15,196712,"p","2020-02-22 23:07:00",1134.28333333333,TRUE,1134.2,0.0833333333298469,FALSE,TRUE,405.030818978574,1.35010272998506,4.86036982794622,3.52611121636536,165161.238419385,-216008.784095542,TRUE,FALSE,TRUE
15,196712,"o","2020-02-22 23:10:00",1134.33333333333,TRUE,1134.28333333333,0.0500000000001819,FALSE,TRUE,239.492055497295,1.33051141942458,4.78984110992847,3.46358760185579,165324.394007893,-215832.106442574,TRUE,FALSE,TRUE
15,196712,"p","2020-02-22 23:12:00",1134.36666666667,TRUE,1134.33333333333,0.0333333333398969,FALSE,TRUE,106.939022736447,0.891158522628255,3.20817068146172,3.35768061459275,165293.802011266,-215934.952593954,TRUE,FALSE,TRUE
15,196712,"o","2020-02-22 23:14:00",1134.4,TRUE,1134.36666666667,0.0333333333301198,FALSE,TRUE,110.712005645249,0.922600047132689,3.32136016967768,3.34843401903057,165259.661944294,-216040.665254723,TRUE,FALSE,TRUE
15,196712,"p","2020-02-22 23:17:00",1134.45,TRUE,1134.4,0.0499999999999545,FALSE,TRUE,266.10252762559,1.47834737569907,5.32205055251665,3.39519049764345,165031.558136293,-216180.088643137,TRUE,FALSE,TRUE
15,196712,"p","2020-02-22 23:22:00",1134.53333333333,TRUE,1134.45,0.0833333333298469,FALSE,TRUE,445.654303790815,1.48551434603153,5.34785164571351,3.44266369050164,164648.674702868,-216412.167602297,TRUE,FALSE,TRUE
15,196712,"o","2020-02-22 23:23:00",1134.55,TRUE,1134.53333333333,0.0166666666700621,FALSE,TRUE,85.4470133578431,1.42411688900726,5.12682080042612,3.48399715482009,164575.373909903,-216456.846895745,TRUE,FALSE,TRUE
15,196712,"p","2020-02-22 23:27:00",1134.61666666667,TRUE,1134.55,0.0666666666700166,FALSE,TRUE,188.991071954333,0.787462799770151,2.83486607917254,3.46166522733427,164751.819706903,-216386.610732038,TRUE,FALSE,TRUE
15,196712,"p","2020-02-22 23:32:00",1134.7,TRUE,1134.61666666667,0.0833333333300743,FALSE,TRUE,240.824914338398,0.802749714492719,2.88989897217379,3.44086200835129,164976.471820346,-216296.644904395,TRUE,FALSE,TRUE
15,196712,"p","2020-02-22 23:37:00",1134.78333333333,TRUE,1134.7,0.0833333333298469,FALSE,TRUE,240.82496945555,0.802749898218752,2.88989963358751,3.42005882472512,165201.12393379,-216206.679076748,TRUE,FALSE,TRUE
15,196712,"p","2020-02-22 23:42:00",1134.86666666667,TRUE,1134.78333333333,0.0833333333400788,FALSE,TRUE,240.825024662839,0.802750082144486,2.88990029572015,3.39997312123022,165425.776047232,-216116.71324911,TRUE,FALSE,TRUE
15,196712,"p","2020-02-22 23:47:00",1134.95,TRUE,1134.86666666667,0.0833333333300743,FALSE,TRUE,240.825079963485,0.802750266576343,2.88990095967483,3.38831075696768,165650.428160675,-216026.747421471,TRUE,FALSE,TRUE
15,196712,"o","2020-02-22 23:51:00",1135.01666666667,TRUE,1134.95,0.0666666666700166,FALSE,TRUE,192.081536103825,0.800339733725722,2.8812230414126,3.37373365884288,165829.438155974,-215954.564218139,TRUE,FALSE,TRUE
15,196712,"p","2020-02-22 23:52:00",1135.03333333333,TRUE,1135.01666666667,0.0166666666598303,FALSE,TRUE,31.8935841502338,0.531559736055266,1.91361504979896,3.33608367065582,165848.682575059,-215928.9723496,TRUE,FALSE,TRUE
15,196712,"p","2020-02-22 23:57:00",1135.11666666667,TRUE,1135.03333333333,0.0833333333400788,FALSE,TRUE,158.220191970919,0.527400639860373,1.89864230349734,3.17488461290074,165941.346193243,-215799.960300809,TRUE,FALSE,TRUE
15,196712,"p","2020-02-23 00:02:00",1135.2,TRUE,1135.11666666667,0.0833333333300743,FALSE,TRUE,158.220205314461,0.527400684402164,1.89864246384779,3.01307653822661,166034.009811421,-215670.948252021,TRUE,FALSE,TRUE
15,196712,"p","2020-02-23 00:07:00",1135.28333333333,TRUE,1135.2,0.0833333333298469,FALSE,TRUE,158.220218685774,0.527400728974646,1.89864262430872,3.03889373071961,166126.673429599,-215541.936203239,TRUE,FALSE,TRUE
15,196712,"p","2020-02-23 00:12:00",1135.36666666667,TRUE,1135.28333333333,0.0833333333400788,FALSE,TRUE,158.220232080205,0.527400773557992,1.89864278480877,3.06296214119166,166219.337047777,-215412.924154457,TRUE,FALSE,TRUE
15,196712,"p","2020-02-23 00:17:00",1135.45,TRUE,1135.36666666667,0.0833333333300743,FALSE,TRUE,158.220245503877,0.527400818366883,1.89864294612078,3.08703055883044,166312.000665955,-215283.912105665,TRUE,FALSE,TRUE
15,196712,"p","2020-02-23 00:22:00",1135.53333333333,TRUE,1135.45,0.0833333333298469,FALSE,TRUE,158.220258952843,0.527400863198208,1.89864310751355,3.11109898364047,166404.664284134,-215154.90005688,TRUE,FALSE,TRUE
15,196712,"p","2020-02-23 00:27:00",1135.61666666667,TRUE,1135.53333333333,0.0833333333400788,FALSE,TRUE,158.220272421219,0.52740090802804,1.89864326890094,3.13516741561318,166497.327902312,-215025.888008094,TRUE,FALSE,TRUE
15,196712,"p","2020-02-23 00:32:00",1135.7,TRUE,1135.61666666667,0.0833333333300743,FALSE,TRUE,158.220285893451,0.527400952998795,1.89864343079566,3.15905022209493,166589.991520468,-214896.875959337,TRUE,FALSE,TRUE
15,196712,"o","2020-02-23 00:33:00",1135.71666666667,TRUE,1135.7,0.0166666666700621,FALSE,TRUE,28.0840021902507,0.468066703075487,1.68504013107175,3.0416744065335,166606.139833468,-214873.765120087,TRUE,FALSE,TRUE
15,196712,"p","2020-02-23 00:37:00",1135.78333333333,TRUE,1135.71666666667,0.0666666666597848,FALSE,TRUE,402.014221138518,1.67505925491674,6.03021331770025,3.04070143727967,166328.891716135,-215167.199151631,TRUE,FALSE,TRUE
15,196712,"p","2020-02-23 00:42:00",1135.86666666667,TRUE,1135.78333333333,0.0833333333400788,FALSE,TRUE,506.991675746757,1.68997225235239,6.08390010846862,3.04535054051358,165979.351056147,-215537.356154235,TRUE,FALSE,TRUE
15,196712,"p","2020-02-23 00:47:00",1135.95,TRUE,1135.86666666667,0.0833333333300743,FALSE,TRUE,506.991507340532,1.6899716912012,6.08389808832432,3.15310090120747,165629.810396158,-215907.513156834,TRUE,FALSE,TRUE
15,196712,"o","2020-02-23 00:49:00",1135.98333333333,TRUE,1135.95,0.0333333333298924,FALSE,TRUE,199.789177660154,1.66490981400648,5.99367533042333,3.25821836320245,165489.00314046,-216050.43563499,TRUE,FALSE,TRUE
15,196712,"p","2020-02-23 00:52:00",1136.03333333333,TRUE,1135.98333333333,0.0499999999999545,FALSE,TRUE,467.909319428279,2.59949621904836,9.35818638857409,3.45679447798556,165169.998268652,-215705.686614511,TRUE,FALSE,TRUE
15,196712,"o","2020-02-23 00:55:00",1136.08333333333,TRUE,1136.03333333333,0.0500000000001819,FALSE,TRUE,475.625274101295,2.64236263388647,9.51250548199129,3.65965724650753,164847.49197029,-215353.638752622,TRUE,FALSE,TRUE
15,196712,"p","2020-02-23 00:57:00",1136.11666666667,TRUE,1136.08333333333,0.0333333333398969,FALSE,TRUE,555.240064060219,4.62700053292408,16.6572019185267,4.06098381718219,164450.44131969,-214962.413255794,TRUE,FALSE,TRUE
15,196712,"o","2020-02-23 00:58:00",1136.13333333333,TRUE,1136.11666666667,0.0166666666600577,FALSE,TRUE,271.172827750302,4.51954713096387,16.2703696714699,4.45156505990358,164257.288904502,-214770.575185166,TRUE,FALSE,TRUE
15,196712,"p","2020-02-23 01:02:00",1136.2,TRUE,1136.13333333333,0.0666666666700166,FALSE,TRUE,190.544308676408,0.79393461944514,2.8581646300025,4.46958506368778,164434.92169356,-214699.108280899,TRUE,FALSE,TRUE
15,196712,"p","2020-02-23 01:07:00",1136.28333333333,TRUE,1136.2,0.0833333333298469,FALSE,TRUE,243.721825633933,0.812406085480432,2.92466190772956,4.48945222628258,164665.247839419,-214615.842071978,TRUE,FALSE,TRUE
15,196712,"p","2020-02-23 01:12:00",1136.36666666667,TRUE,1136.28333333333,0.0833333333400788,FALSE,TRUE,243.721883200869,0.812406277270471,2.9246625981737,4.51119113229206,164895.573985276,-214532.575863069,TRUE,FALSE,TRUE
15,196712,"p","2020-02-23 01:17:00",1136.45,TRUE,1136.36666666667,0.0833333333300743,FALSE,TRUE,243.721940863415,0.812406469576489,2.92466329047536,4.45895619972921,165125.900131133,-214449.309654153,TRUE,FALSE,TRUE
15,196712,"p","2020-02-23 01:22:00",1136.53333333333,TRUE,1136.45,0.0833333333298469,FALSE,TRUE,243.721998623176,0.812406662111243,2.92466398360048,4.40518662765378,165356.226276992,-214366.043445238,TRUE,FALSE,TRUE
15,196712,"p","2020-02-23 01:27:00",1136.61666666667,TRUE,1136.53333333333,0.0833333333400788,FALSE,TRUE,248.776786538552,0.829255955061383,2.98532143822098,4.35310195016141,165593.57866918,-214287.531167294,TRUE,FALSE,TRUE
15,196712,"o","2020-02-23 01:30:00",1136.66666666667,TRUE,1136.61666666667,0.0499999999999545,FALSE,TRUE,1014.54043996117,5.63633577756717,20.2908087992418,4.78368438597567,166498.139409886,-214756.866110459,TRUE,FALSE,TRUE
15,196712,"p","2020-02-23 01:32:00",1136.7,TRUE,1136.66666666667,0.0333333333301198,FALSE,TRUE,42.278779192112,0.352323159968233,1.26836337588564,4.72980084970967,166493.378859197,-214714.723754582,TRUE,FALSE,TRUE
15,196712,"p","2020-02-23 01:37:00",1136.78333333333,TRUE,1136.7,0.0833333333298469,FALSE,TRUE,121.861068958777,0.406203563212916,1.4623328275665,4.6781612013177,166460.361934784,-214597.01879429,TRUE,FALSE,TRUE
15,196712,"p","2020-02-23 01:42:00",1136.86666666667,TRUE,1136.78333333333,0.0833333333400788,FALSE,TRUE,121.86106313413,0.406203543747552,1.46233275749119,4.57094681812254,166427.345010371,-214479.313834007,TRUE,FALSE,TRUE
15,196712,"p","2020-02-23 01:47:00",1136.95,TRUE,1136.86666666667,0.0833333333300743,FALSE,TRUE,121.861057318371,0.406203524410456,1.46233268787764,4.46301573596044,166394.328085957,-214361.608873726,TRUE,FALSE,TRUE
15,196712,"p","2020-02-23 01:52:00",1137.03333333333,TRUE,1136.95,0.0833333333298469,FALSE,TRUE,121.861051520734,0.406203505086109,1.46233261830999,4.36122439756832,166361.311161544,-214243.903913432,TRUE,FALSE,TRUE
15,196712,"p","2020-02-23 01:57:00",1137.11666666667,TRUE,1137.03333333333,0.0833333333400788,FALSE,TRUE,121.861045729145,0.406203485730936,1.46233254863137,4.3230984661644,166328.29423713,-214126.198953153,TRUE,FALSE,TRUE
15,196712,"p","2020-02-23 02:02:00",1137.2,TRUE,1137.11666666667,0.0833333333300743,FALSE,TRUE,121.861039950594,0.406203466517867,1.46233247946432,4.28344384136691,166295.277312717,-214008.493992865,TRUE,FALSE,TRUE
15,196712,"p","2020-02-23 02:07:00",1137.28333333333,TRUE,1137.2,0.0833333333298469,FALSE,TRUE,121.861034188506,0.406203447312013,1.46233241032325,4.24378919627624,166262.260388304,-213890.789032574,TRUE,FALSE,TRUE
15,196712,"p","2020-02-23 02:12:00",1137.36666666667,TRUE,1137.28333333333,0.0833333333400788,FALSE,TRUE,121.861028427441,0.406203428058589,1.46233234101092,4.20413453086765,166229.243463891,-213773.084072292,TRUE,FALSE,TRUE
15,196712,"o","2020-02-23 02:16:00",1137.43333333333,TRUE,1137.36666666667,0.0666666666600122,FALSE,TRUE,95.9862558906787,0.399942732917749,1.4397938385039,4.16385377750179,166200.048710531,-213681.322902978,TRUE,FALSE,TRUE
15,196712,"p","2020-02-23 02:17:00",1137.45,TRUE,1137.43333333333,0.0166666666700621,FALSE,TRUE,123.666933169917,2.06111555241204,7.42001598868334,4.28993135937042,166093.06774427,-213744.50201184,TRUE,FALSE,TRUE
15,196712,"p","2020-02-23 02:22:00",1137.53333333333,TRUE,1137.45,0.0833333333298469,FALSE,TRUE,636.346794617118,2.1211559821458,7.63616153572489,4.44889098397948,165544.256843962,-214072.411550579,TRUE,FALSE,TRUE
15,196712,"p","2020-02-23 02:27:00",1137.61666666667,TRUE,1137.53333333333,0.0833333333400788,FALSE,TRUE,636.346443133212,2.12115481027234,7.63615731698044,4.60826640102067,164995.445943646,-214400.321089323,TRUE,FALSE,TRUE
15,196712,"o","2020-02-23 02:28:00",1137.63333333333,TRUE,1137.61666666667,0.0166666666600577,FALSE,TRUE,124.353733436792,2.07256222476839,7.4612240091662,4.7627825550573,164887.499272044,-214463.220089213,TRUE,FALSE,TRUE
15,196712,"p","2020-02-23 02:32:00",1137.7,TRUE,1137.63333333333,0.0666666666700166,FALSE,TRUE,216.163546668018,0.900681444404817,3.24245319985734,4.80011062660031,164715.993214467,-214330.180622248,TRUE,FALSE,TRUE
15,196712,"p","2020-02-23 02:37:00",1137.78333333333,TRUE,1137.7,0.0833333333298469,FALSE,TRUE,270.503253149078,0.901677510534651,3.24603903792474,4.83753830029798,164503.880028096,-214160.527653692,TRUE,FALSE,TRUE
15,196712,"p","2020-02-23 02:42:00",1137.86666666667,TRUE,1137.78333333333,0.0833333333400788,FALSE,TRUE,270.139548743734,0.900465162406225,3.24167458466241,4.87484473470191,164291.64266853,-213991.613784661,TRUE,FALSE,TRUE
15,196712,"p","2020-02-23 02:47:00",1137.95,TRUE,1137.86666666667,0.0833333333300743,FALSE,TRUE,236.205821308581,0.787352737726061,2.83446985581382,4.9008399221547,164056.624938143,-213958.29247376,TRUE,FALSE,TRUE
15,196712,"p","2020-02-23 02:52:00",1138.03333333333,TRUE,1137.95,0.0833333333298469,FALSE,TRUE,236.225410064158,0.787418033580136,2.83470492088849,4.92684163470991,163821.483034557,-213925.710262398,TRUE,FALSE,TRUE
15,196712,"p","2020-02-23 02:57:00",1138.11666666667,TRUE,1138.03333333333,0.0833333333400788,FALSE,TRUE,236.225350251827,0.787417834109018,2.83470420279247,4.95284332282093,163586.341130973,-213893.128051028,TRUE,FALSE,TRUE
15,196712,"p","2020-02-23 03:02:00",1138.2,TRUE,1138.11666666667,0.0833333333300743,FALSE,TRUE,236.225290527945,0.787417635123945,2.8347034864462,4.98477841602578,163351.199227388,-213860.545839672,TRUE,FALSE,TRUE
15,196712,"p","2020-02-23 03:07:00",1138.28333333333,TRUE,1138.2,0.0833333333298469,FALSE,TRUE,229.460914096621,0.764869713687404,2.75353096927465,4.89375946190284,163122.727961249,-213829.349370291,TRUE,FALSE,TRUE
15,196712,"o","2020-02-23 03:10:00",1138.33333333333,TRUE,1138.28333333333,0.0500000000001819,FALSE,TRUE,600.317939206091,3.33509966224393,12.0063587840781,5.058272202892,163711.444323971,-213960.859585787,TRUE,FALSE,TRUE
15,196712,"p","2020-02-23 03:12:00",1138.36666666667,TRUE,1138.33333333333,0.0333333333398969,FALSE,TRUE,44.7944105263806,0.373286754313003,1.34383231552681,4.92660370920318,163688.109979928,-213922.440235777,TRUE,FALSE,TRUE
15,196712,"p","2020-02-23 03:17:00",1138.45,TRUE,1138.36666666667,0.0833333333300743,FALSE,TRUE,123.605963871744,0.412019879588595,1.48327156651894,4.80131471576139,163615.285607999,-213822.012936689,TRUE,FALSE,TRUE
15,196712,"p","2020-02-23 03:22:00",1138.53333333333,TRUE,1138.45,0.0833333333298469,FALSE,TRUE,123.605953087607,0.412019843642596,1.48327143711335,4.58256707822081,163542.461236069,-213721.5856376,TRUE,FALSE,TRUE
15,196712,"p","2020-02-23 03:27:00",1138.61666666667,TRUE,1138.53333333333,0.0833333333400788,FALSE,TRUE,123.605942320787,0.412019807702605,1.48327130772938,4.35953279560243,163469.63686414,-213621.158338502,TRUE,FALSE,TRUE
15,196712,"p","2020-02-23 03:32:00",1138.7,TRUE,1138.61666666667,0.0833333333300743,FALSE,TRUE,123.605931558332,0.412019771877222,1.483271178758,3.93803471949774,163396.812492212,-213520.731039407,TRUE,FALSE,TRUE
15,196712,"p","2020-02-23 03:37:00",1138.78333333333,TRUE,1138.7,0.0833333333298469,FALSE,TRUE,123.605920819276,0.41201973608149,1.48327104989336,3.5272819800095,163323.988120283,-213420.303740307,TRUE,FALSE,TRUE
15,196712,"p","2020-02-23 03:42:00",1138.86666666667,TRUE,1138.78333333333,0.0833333333400788,FALSE,TRUE,123.605910079607,0.412019700232005,1.48327092083522,3.48909048808819,163251.163748354,-213319.876441208,TRUE,FALSE,TRUE
15,196712,"p","2020-02-23 03:47:00",1138.95,TRUE,1138.86666666667,0.0833333333300743,FALSE,TRUE,123.605899361019,0.412019664552842,1.48327079239023,3.44905184599543,163178.339376424,-213219.449142122,TRUE,FALSE,TRUE
15,196712,"p","2020-02-23 03:52:00",1139.03333333333,TRUE,1138.95,0.0833333333298469,FALSE,TRUE,123.605888652996,0.412019628860556,1.483270663898,3.40901318115444,163105.515004495,-213119.021843029,TRUE,FALSE,TRUE
15,196712,"p","2020-02-23 03:57:00",1139.11666666667,TRUE,1139.03333333333,0.0833333333400788,FALSE,TRUE,123.605877955985,0.412019593153267,1.48327053535176,3.36897449351212,163032.690632567,-213018.594543931,TRUE,FALSE,TRUE
15,196712,"p","2020-02-23 04:02:00",1139.2,TRUE,1139.11666666667,0.0833333333300743,FALSE,TRUE,123.605867269755,0.412019557581962,1.48327040729506,3.32893578305919,162959.866260638,-212918.167244838,TRUE,FALSE,TRUE
15,196712,"p","2020-02-23 04:07:00",1139.28333333333,TRUE,1139.2,0.0833333333298469,FALSE,TRUE,122.627380216492,0.408757934072075,1.47152856265947,3.28688598096026,162887.469748412,-212818.642502156,TRUE,FALSE,TRUE
15,196712,"p","2020-02-23 04:12:00",1139.36666666667,TRUE,1139.28333333333,0.0833333333400788,FALSE,TRUE,66.1301867087644,0.220433955678038,0.793562240440938,2.74529579877134,162893.566848135,-212884.69753312,TRUE,FALSE,TRUE
15,196712,"p","2020-02-23 04:17:00",1139.45,TRUE,1139.36666666667,0.0833333333300743,FALSE,TRUE,67.0662035761449,0.223554011929226,0.804794442945213,2.73241888396744,162900.091807559,-212951.655120476,TRUE,FALSE,TRUE
15,196712,"o","2020-02-23 04:18:00",1139.46666666667,TRUE,1139.45,0.0166666666700621,FALSE,TRUE,11.6745379957193,0.194575633222348,0.700472279600451,2.71125609096839,162901.156983769,-212963.317418328,TRUE,FALSE,TRUE
15,196712,"p","2020-02-23 04:22:00",1139.53333333333,TRUE,1139.46666666667,0.0666666666597848,FALSE,TRUE,202.869754197411,0.845290642576468,3.04304631327528,2.75516480085128,162871.036480341,-212762.056792683,TRUE,FALSE,TRUE
15,196712,"p","2020-02-23 04:27:00",1139.61666666667,TRUE,1139.53333333333,0.0833333333400788,FALSE,TRUE,255.762490937544,0.852541636389472,3.0691498910021,2.79979861204918,162833.086081459,-212508.31948608,TRUE,FALSE,TRUE
15,196712,"p","2020-02-23 04:32:00",1139.7,TRUE,1139.61666666667,0.0833333333300743,FALSE,TRUE,255.762474826511,0.852541582788379,3.06914969803817,2.84443241981941,162795.135682577,-212254.582179487,TRUE,FALSE,TRUE
15,196712,"p","2020-02-23 04:37:00",1139.78333333333,TRUE,1139.7,0.0833333333298469,FALSE,TRUE,255.762458826177,0.852541529456257,3.06914950604253,2.88906622419194,162757.185283696,-212000.844872887,TRUE,FALSE,TRUE
15,196712,"p","2020-02-23 04:42:00",1139.86666666667,TRUE,1139.78333333333,0.0833333333400788,FALSE,TRUE,255.762442966213,0.852541476485036,3.06914931534613,2.93370002518866,162719.234884805,-211747.107566252,TRUE,FALSE,TRUE
15,196712,"o","2020-02-23 04:43:00",1139.88333333333,TRUE,1139.86666666667,0.0166666666600577,FALSE,TRUE,55.4065361747721,0.923442269945716,3.32439217180458,2.98542390745203,162710.555848387,-211692.210033972,TRUE,FALSE,TRUE
15,196712,"p","2020-02-23 04:47:00",1139.95,TRUE,1139.88333333333,0.0666666666700166,FALSE,TRUE,833.995062432514,3.47497942662753,12.5099259358591,3.29230150730892,162519.721279333,-210877.644392296,TRUE,FALSE,TRUE
15,196712,"o","2020-02-23 04:48:00",1139.96666666667,TRUE,1139.95,0.0166666666700621,FALSE,TRUE,203.066315767719,3.38443859543914,12.1839789435809,3.59075109356106,162474.493798382,-210679.023534837,TRUE,FALSE,TRUE
15,196712,"p","2020-02-23 04:52:00",1140.03333333333,TRUE,1139.96666666667,0.0666666666597848,FALSE,TRUE,225.226782376661,0.938444926666295,3.37840173599866,3.47848403098648,162688.325525206,-210753.056273872,TRUE,FALSE,TRUE
15,196712,"p","2020-02-23 04:57:00",1140.11666666667,TRUE,1140.03333333333,0.0833333333400788,FALSE,TRUE,287.307920769907,0.957693069155503,3.44769504895981,3.36213773968745,162959.056934368,-210853.16978614,TRUE,FALSE,TRUE
15,196712,"p","2020-02-23 05:02:00",1140.2,TRUE,1140.11666666667,0.0833333333300743,FALSE,TRUE,287.308005409019,0.957693351400851,3.44769606504306,3.24579159380031,163229.788343529,-210953.283298411,TRUE,FALSE,TRUE
15,196712,"p","2020-02-23 05:07:00",1140.28333333333,TRUE,1140.2,0.0833333333298469,FALSE,TRUE,287.308090205927,0.957693634059825,3.44769708261537,3.13430473472945,163500.519752693,-211053.396810669,TRUE,FALSE,TRUE
15,196712,"p","2020-02-23 05:12:00",1140.36666666667,TRUE,1140.28333333333,0.0833333333400788,FALSE,TRUE,287.308175154601,0.957693917104482,3.44769810157614,3.14000598199942,163771.251161854,-211153.510322935,TRUE,FALSE,TRUE
15,196712,"p","2020-02-23 05:17:00",1140.45,TRUE,1140.36666666667,0.0833333333300743,FALSE,TRUE,287.30826026186,0.957694200910321,3.44769912327716,3.14560765103698,164041.982571016,-211253.623835198,TRUE,FALSE,TRUE
15,196712,"p","2020-02-23 05:22:00",1140.53333333333,TRUE,1140.45,0.0833333333298469,FALSE,TRUE,287.308345521612,0.957694485112106,3.44770014640358,3.15133058330757,164312.713980179,-211353.737347462,TRUE,FALSE,TRUE
15,196712,"p","2020-02-23 05:27:00",1140.61666666667,TRUE,1140.53333333333,0.0833333333400788,FALSE,TRUE,287.308430887809,0.95769476954851,3.44770117037464,3.16836478648982,164583.445389297,-211453.850859701,TRUE,FALSE,TRUE
15,196712,"o","2020-02-23 05:28:00",1140.63333333333,TRUE,1140.61666666667,0.0166666666600577,FALSE,TRUE,51.7948701614309,0.86324783636616,3.10769221091818,3.17594776676842,164632.627519368,-211470.853340287,TRUE,FALSE,TRUE
15,196712,"p","2020-02-23 05:32:00",1140.7,TRUE,1140.63333333333,0.0666666666700166,FALSE,TRUE,628.535905685288,2.61889960689043,9.42803858480556,3.35909594404656,164117.669717654,-211105.86872667,TRUE,FALSE,TRUE
15,196712,"p","2020-02-23 05:37:00",1140.78333333333,TRUE,1140.7,0.0833333333298469,FALSE,TRUE,792.883777732362,2.64294592588511,9.5146053331864,3.54464877312268,163467.76727575,-210645.862682281,TRUE,FALSE,TRUE
15,196712,"p","2020-02-23 05:42:00",1140.86666666667,TRUE,1140.78333333333,0.0833333333400788,FALSE,TRUE,792.883201782797,2.64294400572872,9.51459842062341,3.73245620232681,162817.864833847,-210185.856637894,TRUE,FALSE,TRUE
15,196712,"p","2020-02-23 05:47:00",1140.95,TRUE,1140.86666666667,0.0833333333300743,FALSE,TRUE,792.882629076968,2.64294209702659,9.51459154929571,3.66324044580507,162167.962391945,-209725.850593509,TRUE,FALSE,TRUE
15,196712,"o","2020-02-23 05:49:00",1140.98333333333,TRUE,1140.95,0.0333333333298924,FALSE,TRUE,319.668719619487,2.66390599710404,9.59006158957456,3.89230237008418,161906.783387883,-209539.206372149,TRUE,FALSE,TRUE
15,196712,"p","2020-02-23 05:52:00",1141.03333333333,TRUE,1140.98333333333,0.0499999999999545,FALSE,TRUE,769.522629691452,4.27512572051196,15.390452593843,4.27861295417651,161382.525356461,-208971.88087678,TRUE,FALSE,TRUE
15,196712,"p","2020-02-23 05:57:00",1141.11666666667,TRUE,1141.03333333333,0.0833333333400788,FALSE,TRUE,1276.63331345435,4.25544437783671,15.3195997602122,4.66295540759593,160513.054334655,-208030.441649254,TRUE,FALSE,TRUE
15,196712,"o","2020-02-23 05:58:00",1141.13333333333,TRUE,1141.11666666667,0.0166666666600577,FALSE,TRUE,124.283676080148,2.07139460215718,7.45702056776586,4.82889288704138,160564.292458793,-208144.12459847,TRUE,FALSE,TRUE
15,196712,"p","2020-02-23 06:02:00",1141.2,TRUE,1141.13333333333,0.0666666666700166,FALSE,TRUE,28.1875691793925,0.117448204908234,0.422813537669641,4.79943573034449,160538.330957459,-208155.447420338,TRUE,FALSE,TRUE
15,196712,"p","2020-02-23 06:07:00",1141.28333333333,TRUE,1141.2,0.0833333333298469,FALSE,TRUE,35.9185522813892,0.11972850760964,0.431022627394703,4.7702066074973,160503.645242547,-208165.438202415,TRUE,FALSE,TRUE
15,196712,"p","2020-02-23 06:12:00",1141.36666666667,TRUE,1141.28333333333,0.0833333333400788,FALSE,TRUE,35.9185510130255,0.11972850336706,0.431022612121416,4.74097748781081,160468.959527636,-208175.428984495,TRUE,FALSE,TRUE
15,196712,"p","2020-02-23 06:17:00",1141.45,TRUE,1141.36666666667,0.0833333333300743,FALSE,TRUE,35.9185497429724,0.119728499147924,0.431022596932525,4.71174837127031,160434.273812725,-208185.419766565,TRUE,FALSE,TRUE
15,196712,"p","2020-02-23 06:22:00",1141.53333333333,TRUE,1141.45,0.0833333333298469,FALSE,TRUE,35.9185484748236,0.119728494921088,0.431022581715916,4.68251925787637,160399.588097812,-208195.410548654,TRUE,FALSE,TRUE
15,196712,"o","2020-02-23 06:26:00",1141.6,TRUE,1141.53333333333,0.0666666666700166,FALSE,TRUE,29.7838784568202,0.124099493563848,0.446758176829854,4.65372724791743,160370.62000227,-208202.943334376,TRUE,FALSE,TRUE
15,196712,"p","2020-02-23 06:27:00",1141.61666666667,TRUE,1141.6,0.0166666666700621,FALSE,TRUE,52.7496429399808,0.879160715487238,3.16497857575406,4.70044136370795,160319.668684796,-208188.345276419,TRUE,FALSE,TRUE
15,196712,"p","2020-02-23 06:32:00",1141.7,TRUE,1141.61666666667,0.0833333333300743,FALSE,TRUE,270.213547329567,0.900711824467116,3.24256256808162,4.74963675274746,160058.814479424,-208113.055786966,TRUE,FALSE,TRUE
15,196712,"p","2020-02-23 06:37:00",1141.78333333333,TRUE,1141.7,0.0833333333298469,FALSE,TRUE,270.213472805611,0.900711576056387,3.24256167380299,4.81766451478529,159797.960274041,-208037.766297496,TRUE,FALSE,TRUE
15,196712,"p","2020-02-23 06:42:00",1141.86666666667,TRUE,1141.78333333333,0.0833333333400788,FALSE,TRUE,270.213398398384,0.900711327921704,3.24256078051813,4.88538024638454,159537.106068658,-207962.476808038,TRUE,FALSE,TRUE
15,196712,"p","2020-02-23 06:47:00",1141.95,TRUE,1141.86666666667,0.0833333333300743,FALSE,TRUE,270.213324121667,0.900711080440781,3.24255988958681,4.95599379110638,159276.251863276,-207887.187318565,TRUE,FALSE,TRUE
15,196712,"p","2020-02-23 06:52:00",1142.03333333333,TRUE,1141.95,0.0833333333298469,FALSE,TRUE,270.213249974486,0.90071083328597,3.24255899982949,4.96153581017733,159015.397657892,-207811.897829104,TRUE,FALSE,TRUE
15,196712,"p","2020-02-23 06:57:00",1142.11666666667,TRUE,1142.03333333333,0.0833333333400788,FALSE,TRUE,270.21317595393,0.900710586440191,3.24255811118469,4.9663527051824,158754.543452509,-207736.608339641,TRUE,FALSE,TRUE
15,196712,"p","2020-02-23 07:02:00",1142.2,TRUE,1142.11666666667,0.0833333333300743,FALSE,TRUE,270.213102063302,0.900710340246233,3.24255722488644,4.97116958092819,158493.689247127,-207661.318850171,TRUE,FALSE,TRUE
15,196712,"o","2020-02-23 07:06:00",1142.26666666667,TRUE,1142.2,0.0666666666700166,FALSE,TRUE,214.725063767867,0.894687765654487,3.22087595635615,4.97538420454801,158286.258630728,-207601.983771494,TRUE,FALSE,TRUE
15,196712,"p","2020-02-23 07:07:00",1142.28333333333,TRUE,1142.26666666667,0.0166666666598303,FALSE,TRUE,18.5803591833686,0.309672653183165,1.1148215514594,4.92109732221783,158279.30107165,-207619.282176204,TRUE,FALSE,TRUE
15,196712,"p","2020-02-23 07:12:00",1142.36666666667,TRUE,1142.28333333333,0.0833333333400788,FALSE,TRUE,95.0206748197624,0.316735582706903,1.14024809774485,4.86042665349394,158250.777015735,-207710.256764167,TRUE,FALSE,TRUE
15,196712,"p","2020-02-23 07:17:00",1142.45,TRUE,1142.36666666667,0.0833333333300743,FALSE,TRUE,95.0206725894655,0.316735575310605,1.14024807111818,4.54460226836225,158222.25295983,-207801.231352144,TRUE,FALSE,TRUE
15,196712,"p","2020-02-23 07:22:00",1142.53333333333,TRUE,1142.45,0.0833333333298469,FALSE,TRUE,95.0206703596104,0.316735567878619,1.14024804436303,4.2378319656062,158193.728903926,-207892.20594011,TRUE,FALSE,TRUE
15,196712,"p","2020-02-23 07:27:00",1142.61666666667,TRUE,1142.53333333333,0.0833333333400788,FALSE,TRUE,95.0206681397783,0.31673556044029,1.14024801758504,4.1756610289836,158165.204848021,-207983.180528089,TRUE,FALSE,TRUE
15,196712,"o","2020-02-23 07:30:00",1142.66666666667,TRUE,1142.61666666667,0.0499999999999545,FALSE,TRUE,56.218049124381,0.312322495135734,1.12436098248864,4.11112397158162,158145.368850993,-208035.990295273,TRUE,FALSE,TRUE
15,196712,"p","2020-02-23 07:32:00",1142.7,TRUE,1142.66666666667,0.0333333333301198,FALSE,TRUE,229.359256756237,1.91132713981958,6.88077770335047,4.2064873504235,157934.788217483,-207942.482122265,TRUE,FALSE,TRUE
15,196712,"o","2020-02-23 07:35:00",1142.75,TRUE,1142.7,0.0499999999999545,FALSE,TRUE,344.630036187937,1.91461131215695,6.89260072376501,4.30217911823321,157618.901431686,-207800.802997957,TRUE,FALSE,TRUE
15,196712,"o","2020-02-23 07:36:00",1142.76666666667,TRUE,1142.75,0.0166666666700621,FALSE,TRUE,39.5229922252792,0.658716536953788,2.37137953303364,4.27228138021814,157658.516749782,-207797.906125257,TRUE,FALSE,TRUE
15,196712,"p","2020-02-23 07:37:00",1142.78333333333,TRUE,1142.76666666667,0.0166666666598303,FALSE,TRUE,27.5550250810631,0.459250418206094,1.65330150554194,4.22243700194772,157684.682947052,-207788.847456274,TRUE,FALSE,TRUE
15,196712,"p","2020-02-23 07:42:00",1142.86666666667,TRUE,1142.78333333333,0.0833333333400788,FALSE,TRUE,135.785527369264,0.452618424527576,1.62942632829927,4.17192939588926,157813.018209895,-207742.498662814,TRUE,FALSE,TRUE
15,196712,"p","2020-02-23 07:47:00",1142.95,TRUE,1142.86666666667,0.0833333333300743,FALSE,TRUE,135.785544740361,0.45261848248557,1.62942653694805,4.12142176718297,157941.353472734,-207696.14986935,TRUE,FALSE,TRUE
15,196712,"p","2020-02-23 07:52:00",1143.03333333333,TRUE,1142.95,0.0833333333298469,FALSE,TRUE,135.785562132481,0.45261854046054,1.62942674565795,4.08035883759241,158069.688735574,-207649.801075879,TRUE,FALSE,TRUE
15,196712,"p","2020-02-23 07:57:00",1143.11666666667,TRUE,1143.03333333333,0.0833333333400788,FALSE,TRUE,135.785579526206,0.452618598384048,1.62942695418257,3.86373073674177,158198.023998392,-207603.452282397,TRUE,FALSE,TRUE
15,196712,"o","2020-02-23 07:58:00",1143.13333333333,TRUE,1143.11666666667,0.0166666666600577,FALSE,TRUE,25.7065515158049,0.428442525433309,1.54239309155991,3.64228039669659,158221.238249378,-207592.128388105,TRUE,FALSE,TRUE
15,196712,"o","2020-02-23 08:02:00",1143.2,TRUE,1143.13333333333,0.0666666666700166,FALSE,TRUE,423.398995057957,1.76416247931951,6.35098492555022,3.55440224405567,157964.018373169,-207253.87043844,TRUE,FALSE,TRUE
15,196712,"p","2020-02-23 08:07:00",1143.28333333333,TRUE,1143.2,0.0833333333298469,FALSE,TRUE,149.438765691924,0.49812921899392,1.79326518837811,3.3399209562524,157926.945593175,-207108.615741435,TRUE,FALSE,TRUE
15,196712,"p","2020-02-23 08:12:00",1143.36666666667,TRUE,1143.28333333333,0.0833333333400788,FALSE,TRUE,147.5800621955,0.491933540611847,1.77096074620265,3.12272371060318,157891.4421799,-206964.890114209,TRUE,FALSE,TRUE
15,196712,"p","2020-02-23 08:17:00",1143.45,TRUE,1143.36666666667,0.0833333333300743,FALSE,TRUE,147.580055674308,0.4919335189336,1.77096066816096,2.74440449044534,157855.938766625,-206821.164486979,TRUE,FALSE,TRUE
15,196712,"p","2020-02-23 08:22:00",1143.53333333333,TRUE,1143.45,0.0833333333298469,FALSE,TRUE,147.580049172514,0.491933497262294,1.77096059014426,2.3680534023879,157820.43535335,-206677.438859747,TRUE,FALSE,TRUE
15,196712,"p","2020-02-23 08:27:00",1143.61666666667,TRUE,1143.53333333333,0.0833333333400788,FALSE,TRUE,147.580042690884,0.491933475596461,1.77096051214726,2.21010728973183,157784.931940075,-206533.713232521,TRUE,FALSE,TRUE
15,196712,"p","2020-02-23 08:32:00",1143.7,TRUE,1143.61666666667,0.0833333333300743,FALSE,TRUE,147.580036230983,0.491933454122517,1.77096043484106,2.24755581465326,157749.428526799,-206389.987605286,TRUE,FALSE,TRUE
15,196712,"p","2020-02-23 08:37:00",1143.78333333333,TRUE,1143.7,0.0833333333298469,FALSE,TRUE,147.580029786997,0.491933432643904,1.77096035751806,2.28477630715668,157713.925113525,-206246.261978063,TRUE,FALSE,TRUE
15,196712,"p","2020-02-23 08:42:00",1143.86666666667,TRUE,1143.78333333333,0.0833333333400788,FALSE,TRUE,147.580023371985,0.491933411200131,1.77096028032047,2.32199679793999,157678.42170025,-206102.536350831,TRUE,FALSE,TRUE
15,196712,"p","2020-02-23 08:47:00",1143.95,TRUE,1143.86666666667,0.0833333333300743,FALSE,TRUE,147.580016971698,0.491933389924897,1.77096020372963,2.35921728701769,157642.918286974,-205958.810723605,TRUE,FALSE,TRUE
15,196712,"o","2020-02-23 08:49:00",1143.98333333333,TRUE,1143.95,0.0333333333298924,FALSE,TRUE,58.6186299757178,0.488488583181407,1.75855889945307,2.39609329584372,157628.033636654,-205901.921595596,TRUE,FALSE,TRUE
15,196712,"p","2020-02-23 08:52:00",1144.03333333333,TRUE,1143.98333333333,0.0499999999999545,FALSE,TRUE,98.2102991295198,0.545612772942273,1.96420598259218,2.43824462378156,157531.383116298,-205881.974357166,TRUE,FALSE,TRUE
15,196712,"p","2020-02-23 08:57:00",1144.11666666667,TRUE,1144.03333333333,0.0833333333400788,FALSE,TRUE,164.595393245822,0.548651310774996,1.97514471878998,2.40519368331034,157369.160107354,-205849.730831255,TRUE,FALSE,TRUE
15,196712,"p","2020-02-23 09:02:00",1144.2,TRUE,1144.11666666667,0.0833333333300743,FALSE,TRUE,164.595365715852,0.548651219074298,1.97514438866747,2.36998762277106,157206.937098412,-205817.48730534,TRUE,FALSE,TRUE
15,196712,"p","2020-02-23 09:07:00",1144.28333333333,TRUE,1144.2,0.0833333333298469,FALSE,TRUE,164.595338217747,0.548651127415445,1.9751440586956,2.33478157790696,157044.714089469,-205785.24377943,TRUE,FALSE,TRUE
15,196712,"o","2020-02-23 09:09:00",1144.31666666667,TRUE,1144.28333333333,0.0333333333401242,FALSE,TRUE,62.5771578217654,0.521476315075139,1.8773147342705,2.29685807662231,156983.123912406,-205772.566881501,TRUE,FALSE,TRUE
15,196712,"p","2020-02-23 09:12:00",1144.36666666667,TRUE,1144.31666666667,0.0499999999999545,FALSE,TRUE,255.996667047747,1.42220370582211,5.11993334095959,2.34900733916044,157240.394119216,-205774.175126613,TRUE,FALSE,TRUE
15,196712,"o","2020-02-23 09:16:00",1144.43333333333,TRUE,1144.36666666667,0.0666666666600122,FALSE,TRUE,1098.11251448396,4.57546881080656,16.4716877189036,2.7164831369125,156250.596826319,-205287.295343295,TRUE,FALSE,TRUE
15,196712,"p","2020-02-23 09:17:00",1144.45,TRUE,1144.43333333333,0.0166666666700621,FALSE,TRUE,89.2642719452621,1.48773786545128,5.35585631562459,2.77518586481361,156185.580347903,-205225.617849106,TRUE,FALSE,TRUE
15,196712,"p","2020-02-23 09:22:00",1144.53333333333,TRUE,1144.45,0.0833333333298469,FALSE,TRUE,422.055248322296,1.40685082779984,5.06466298007944,2.82579991356897,155886.268646269,-204925.723802664,TRUE,FALSE,TRUE
15,196712,"p","2020-02-23 09:27:00",1144.61666666667,TRUE,1144.53333333333,0.0833333333400788,FALSE,TRUE,422.055115085847,1.40685038350561,5.0646613806202,2.87701617535408,155586.956944681,-204625.829756221,TRUE,FALSE,TRUE
15,196712,"p","2020-02-23 09:32:00",1144.7,TRUE,1144.61666666667,0.0833333333300743,FALSE,TRUE,422.054982383262,1.40684994133256,5.06465978879721,2.98673390416902,155287.645243093,-204325.935709789,TRUE,FALSE,TRUE
15,196712,"p","2020-02-23 09:37:00",1144.78333333333,TRUE,1144.7,0.0833333333298469,FALSE,TRUE,422.054850166482,1.4068495006138,5.06465820220968,3.09574529595971,154988.333541503,-204026.041663359,TRUE,FALSE,TRUE
15,196712,"o","2020-02-23 09:39:00",1144.81666666667,TRUE,1144.78333333333,0.0333333333401242,FALSE,TRUE,159.100853514057,1.32584044568036,4.77302560444931,3.19665578299669,154876.758133153,-203911.75687408,TRUE,FALSE,TRUE
15,196712,"p","2020-02-23 09:42:00",1144.86666666667,TRUE,1144.81666666667,0.0499999999999545,FALSE,TRUE,834.00034986779,4.63333527704749,16.680006997371,3.62831575391357,155588.754570935,-204352.96836934,TRUE,FALSE,TRUE
15,196712,"p","2020-02-23 09:47:00",1144.95,TRUE,1144.86666666667,0.0833333333300743,FALSE,TRUE,110.57302882441,0.368576762762448,1.32687634594481,3.63349987414579,155497.000027616,-204290.423429247,TRUE,FALSE,TRUE
15,196712,"p","2020-02-23 09:52:00",1145.03333333333,TRUE,1144.95,0.0833333333298469,FALSE,TRUE,118.865699686691,0.396218998972213,1.42638839629997,3.64188952452944,155398.177268881,-204223.461654467,TRUE,FALSE,TRUE
15,196712,"p","2020-02-23 09:57:00",1145.11666666667,TRUE,1145.03333333333,0.0833333333400788,FALSE,TRUE,118.86568752618,0.396218958388529,1.42638825019871,3.49037870638633,155299.354510145,-204156.499879682,TRUE,FALSE,TRUE
15,196712,"p","2020-02-23 10:02:00",1145.2,TRUE,1145.11666666667,0.0833333333300743,FALSE,TRUE,118.865675378154,0.396218917942677,1.42638810459364,3.3385394669649,155200.53175141,-204089.538104904,TRUE,FALSE,TRUE
15,196712,"p","2020-02-23 10:07:00",1145.28333333333,TRUE,1145.2,0.0833333333298469,FALSE,TRUE,118.865663242162,0.396218877490451,1.42638795896562,3.31228970101857,155101.708992674,-204022.576330116,TRUE,FALSE,TRUE
15,196712,"p","2020-02-23 10:12:00",1145.36666666667,TRUE,1145.28333333333,0.0833333333400788,FALSE,TRUE,118.865651113073,0.396218837011505,1.42638781324142,3.30598654289911,155002.886233939,-203955.614555335,TRUE,FALSE,TRUE
15,196712,"p","2020-02-23 10:17:00",1145.45,TRUE,1145.36666666667,0.0833333333300743,FALSE,TRUE,118.865638997782,0.396218796674769,1.42638766802917,3.30034658011383,154904.063475204,-203888.652780554,TRUE,FALSE,TRUE
15,196712,"p","2020-02-23 10:22:00",1145.53333333333,TRUE,1145.45,0.0833333333298469,FALSE,TRUE,118.865626893272,0.396218756327483,1.42638752277894,3.29470660749802,154805.240716467,-203821.691005771,TRUE,FALSE,TRUE
15,196712,"o","2020-02-23 10:26:00",1145.6,TRUE,1145.53333333333,0.0666666666700166,FALSE,TRUE,101.0246670455,0.420936112668432,1.51537000560635,3.29153836471881,154720.902393603,-203765.294999446,TRUE,FALSE,TRUE
15,196712,"p","2020-02-23 10:27:00",1145.61666666667,TRUE,1145.6,0.0166666666700621,FALSE,TRUE,238.853084195408,3.98088473577911,14.3311850488048,3.64436497845832,154510.571674129,-203649.887505023,TRUE,FALSE,TRUE
15,196712,"o","2020-02-23 10:28:00",1145.63333333333,TRUE,1145.61666666667,0.0166666666600577,FALSE,TRUE,238.757234456856,3.97928724252555,14.325434073092,3.99944945016754,154300.344313077,-203534.491819773,TRUE,FALSE,TRUE
15,196712,"p","2020-02-23 10:32:00",1145.7,TRUE,1145.63333333333,0.0666666666700166,FALSE,TRUE,87.7458095195162,0.365607539646279,1.31618714272661,3.85959395620022,154231.237419267,-203479.836073531,TRUE,FALSE,TRUE
15,196712,"p","2020-02-23 10:37:00",1145.78333333333,TRUE,1145.7,0.0833333333298469,FALSE,TRUE,102.245975930083,0.340819919781201,1.22695171121232,3.84386302627895,154151.583144883,-203415.064385303,TRUE,FALSE,TRUE
15,196712,"p","2020-02-23 10:42:00",1145.86666666667,TRUE,1145.78333333333,0.0833333333400788,FALSE,TRUE,102.245967557034,0.340819891829192,1.22695161058509,3.82875166140068,154071.928870499,-203350.292697092,TRUE,FALSE,TRUE
15,196712,"p","2020-02-23 10:47:00",1145.95,TRUE,1145.86666666667,0.0833333333300743,FALSE,TRUE,102.245959195856,0.340819863999515,1.22695151039826,3.81364029590727,153992.274596116,-203285.521008874,TRUE,FALSE,TRUE
15,196712,"p","2020-02-23 10:52:00",1146.03333333333,TRUE,1145.95,0.0833333333298469,FALSE,TRUE,102.245950840614,0.340819836149638,1.2269514101387,3.79852892979601,153912.620321731,-203220.749320654,TRUE,FALSE,TRUE
15,196712,"o","2020-02-23 10:55:00",1146.08333333333,TRUE,1146.03333333333,0.0500000000001819,FALSE,TRUE,60.7201165429221,0.337333980792784,1.21440233085402,3.78306898031564,153865.327743369,-203182.270106007,TRUE,FALSE,TRUE
15,196712,"o","2020-02-23 10:56:00",1146.1,TRUE,1146.08333333333,0.0166666666698347,FALSE,TRUE,0.0000108276951572757,0.000000180461585920292,0.00000064966170931305,3.73387565294955,153865.327733602,-203182.270101221,TRUE,FALSE,TRUE
15,196712,"p","2020-02-23 10:57:00",1146.11666666667,TRUE,1146.1,0.0166666666700621,FALSE,TRUE,79.6239266459216,1.32706544382833,4.777435597782,3.81738885406799,153791.634115997,-203151.161547317,TRUE,FALSE,TRUE
15,196712,"p","2020-02-23 11:02:00",1146.2,TRUE,1146.11666666667,0.0833333333300743,FALSE,TRUE,409.551331605002,1.3651711054034,4.91461597945222,3.90471262348832,153412.594515304,-202991.131574442,TRUE,FALSE,TRUE
15,196712,"p","2020-02-23 11:07:00",1146.28333333333,TRUE,1146.2,0.0833333333298469,FALSE,TRUE,409.551174955478,1.36517058324204,4.91461409967135,3.99203634282003,153033.55491459,-202831.101601546,TRUE,FALSE,TRUE
15,196712,"p","2020-02-23 11:12:00",1146.36666666667,TRUE,1146.28333333333,0.0833333333400788,FALSE,TRUE,409.551018731471,1.36517006232773,4.91461222437984,4.07970449073466,152654.515313878,-202671.071628653,TRUE,FALSE,TRUE
15,196712,"p","2020-02-23 11:17:00",1146.45,TRUE,1146.36666666667,0.0833333333300743,FALSE,TRUE,409.55086295584,1.36516954323952,4.91461035566229,4.16166016776439,152275.475713166,-202511.041655752,TRUE,FALSE,TRUE
15,196712,"p","2020-02-23 11:22:00",1146.53333333333,TRUE,1146.45,0.0833333333298469,FALSE,TRUE,409.550707626313,1.36516902547816,4.91460849172136,4.2433119392347,151896.436112458,-202351.011682865,TRUE,FALSE,TRUE
15,196712,"o","2020-02-23 11:23:00",1146.55,TRUE,1146.53333333333,0.0166666666700621,FALSE,TRUE,81.3084000547639,1.35514000063665,4.87850400229195,4.32396081739094,151821.223450299,-202319.150486113,TRUE,FALSE,TRUE
15,196712,"p","2020-02-23 11:27:00",1146.61666666667,TRUE,1146.55,0.0666666666700166,FALSE,TRUE,239.392943764691,0.997470598969423,3.59089415628992,4.36884276454634,151605.712046891,-202212.464661388,TRUE,FALSE,TRUE
15,196712,"p","2020-02-23 11:32:00",1146.7,TRUE,1146.61666666667,0.0833333333300743,FALSE,TRUE,298.497649860413,0.994992166240288,3.58197179846504,4.41619434966285,151337.066865117,-202079.288377775,TRUE,FALSE,TRUE
15,196712,"p","2020-02-23 11:37:00",1146.78333333333,TRUE,1146.7,0.0833333333298469,FALSE,TRUE,298.497570055688,0.994991900227252,3.58197084081811,4.37347316910337,151068.421683343,-201946.112094158,TRUE,FALSE,TRUE
15,196712,"p","2020-02-23 11:42:00",1146.86666666667,TRUE,1146.78333333333,0.0833333333400788,FALSE,TRUE,298.497490423022,0.994991634662866,3.58196988478632,4.015425451489,150799.776501571,-201812.935810537,TRUE,FALSE,TRUE
15,196712,"p","2020-02-23 11:47:00",1146.95,TRUE,1146.86666666667,0.0833333333300743,FALSE,TRUE,298.497410964856,0.994991369921766,3.58196893171836,3.96615080193605,150531.131319797,-201679.759526924,TRUE,FALSE,TRUE
15,196712,"p","2020-02-23 11:52:00",1147.03333333333,TRUE,1146.95,0.0833333333298469,FALSE,TRUE,298.497331682625,0.994991105650377,3.58196798034136,3.9249648297211,150262.486138023,-201546.583243309,TRUE,FALSE,TRUE
15,196712,"p","2020-02-23 11:57:00",1147.11666666667,TRUE,1147.03333333333,0.0833333333400788,FALSE,TRUE,298.497252571178,0.994990841823387,3.58196703056419,3.88377887555288,149993.84095625,-201413.406959696,TRUE,FALSE,TRUE
15,196712,"p","2020-02-23 12:02:00",1147.2,TRUE,1147.11666666667,0.0833333333300743,FALSE,TRUE,298.49717363413,0.994990578819345,3.58196608374964,3.84259293930156,149725.195774477,-201280.230676079,TRUE,FALSE,TRUE
15,196712,"o","2020-02-23 12:04:00",1147.23333333333,TRUE,1147.2,0.0333333333298924,FALSE,TRUE,119.911586027925,0.999263217002529,3.5973475812091,3.80183431094043,149616.726887767,-201227.849425684,TRUE,FALSE,TRUE
15,196712,"p","2020-02-23 12:07:00",1147.28333333333,TRUE,1147.23333333333,0.0499999999999545,FALSE,TRUE,271.896250371628,1.5105347242882,5.4379250074375,3.82030373880121,149344.073421763,-201246.006120449,TRUE,FALSE,TRUE
15,196712,"p","2020-02-23 12:12:00",1147.36666666667,TRUE,1147.28333333333,0.0833333333400788,FALSE,TRUE,454.932841287977,1.51644280417051,5.45919409501383,3.50861449151351,148887.966288422,-201277.749383474,TRUE,FALSE,TRUE
15,196712,"p","2020-02-23 12:17:00",1147.45,TRUE,1147.36666666667,0.0833333333300743,FALSE,TRUE,454.932641510329,1.51644213842707,5.45919169833745,3.62340102907998,148431.859155081,-201309.492646504,TRUE,FALSE,TRUE
15,196712,"p","2020-02-23 12:22:00",1147.53333333333,TRUE,1147.45,0.0833333333298469,FALSE,TRUE,454.93244235015,1.51644147456394,5.45918930843019,3.73542327663915,147975.752021739,-201341.235909523,TRUE,FALSE,TRUE
15,196712,"p","2020-02-23 12:27:00",1147.61666666667,TRUE,1147.53333333333,0.0833333333400788,FALSE,TRUE,454.932243803219,1.51644081255465,5.45918692519673,3.84744546205576,147519.644888399,-201372.979172553,TRUE,FALSE,TRUE
15,196712,"p","2020-02-23 12:32:00",1147.7,TRUE,1147.61666666667,0.0833333333300743,FALSE,TRUE,454.9320458758,1.51644015297864,5.4591845507231,3.95946758555936,147063.537755057,-201404.722435573,TRUE,FALSE,TRUE
15,196712,"p","2020-02-23 12:37:00",1147.78333333333,TRUE,1147.7,0.0833333333298469,FALSE,TRUE,454.931848560067,1.51643949526367,5.4591821829492,4.07148964733668,146607.430621717,-201436.465698579,TRUE,FALSE,TRUE
15,196712,"o","2020-02-23 12:38:00",1147.8,TRUE,1147.78333333333,0.0166666666700621,FALSE,TRUE,90.650537685827,1.51084229445598,5.43903226004154,4.18295199308113,146516.433330203,-201440.883974036,TRUE,FALSE,TRUE
15,196712,"p","2020-02-23 12:42:00",1147.86666666667,TRUE,1147.8,0.0666666666700166,FALSE,TRUE,419.269860662735,1.74695775267361,6.28904790962501,4.31802588868101,146184.57733228,-201181.808282086,TRUE,FALSE,TRUE
15,196712,"p","2020-02-23 12:47:00",1147.95,TRUE,1147.86666666667,0.0833333333300743,FALSE,TRUE,525.353914488262,1.75117971502936,6.30424697410569,4.4535219845512,145770.03750382,-200855.550695701,TRUE,FALSE,TRUE
15,196712,"p","2020-02-23 12:52:00",1148.03333333333,TRUE,1147.95,0.0833333333298469,FALSE,TRUE,525.353705473056,1.75117901831679,6.30424446594043,4.58654627511603,145355.49767536,-200529.293109299,TRUE,FALSE,TRUE
15,196712,"p","2020-02-23 12:57:00",1148.11666666667,TRUE,1148.03333333333,0.0833333333400788,FALSE,TRUE,525.353497394346,1.75117832450607,6.30424196822185,4.36357563398873,144940.957846901,-200203.035522912,TRUE,FALSE,TRUE
15,196712,"p","2020-02-23 13:02:00",1148.2,TRUE,1148.11666666667,0.0833333333300743,FALSE,TRUE,525.35329026652,1.75117763429022,6.30423948344478,4.1407646731652,144526.418018442,-199876.777936509,TRUE,FALSE,TRUE
15,196712,"o","2020-02-23 13:05:00",1148.25,TRUE,1148.2,0.0499999999999545,FALSE,TRUE,312.361658450585,1.73534254694927,6.24723316901739,4.2777381738955,144279.868225741,-199682.888293371,TRUE,FALSE,TRUE
15,196712,"p","2020-02-23 13:07:00",1148.28333333333,TRUE,1148.25,0.0333333333298924,FALSE,TRUE,8.94633776969118,0.0745528147551224,0.268390133118441,4.25111146339289,144273.158840667,-199688.864070558,TRUE,FALSE,TRUE
15,196712,"p","2020-02-23 13:12:00",1148.36666666667,TRUE,1148.28333333333,0.0833333333400788,FALSE,TRUE,22.5612885933728,0.0752042953051553,0.270735463098559,4.22454990374048,144261.820638922,-199708.465785245,TRUE,FALSE,TRUE
15,196712,"p","2020-02-23 13:17:00",1148.45,TRUE,1148.36666666667,0.0833333333300743,FALSE,TRUE,22.5612883624743,0.0752042945445219,0.270735460360279,4.19798834679499,144250.482437176,-199728.067499942,TRUE,FALSE,TRUE
15,196712,"p","2020-02-23 13:22:00",1148.53333333333,TRUE,1148.45,0.0833333333298469,FALSE,TRUE,22.5612881275107,0.0752042937615152,0.270735457541455,4.17142679255617,144239.14423543,-199747.669214638,TRUE,FALSE,TRUE
15,196712,"p","2020-02-23 13:27:00",1148.61666666667,TRUE,1148.53333333333,0.0833333333400788,FALSE,TRUE,22.5612878944765,0.0752042929755009,0.270735454711803,4.14521382377444,144227.806033685,-199767.270929329,TRUE,FALSE,TRUE
15,196712,"p","2020-02-23 13:32:00",1148.7,TRUE,1148.61666666667,0.0833333333300743,FALSE,TRUE,22.5612876621219,0.0752042922100141,0.270735451956051,4.15273423494929,144216.467831939,-199786.872644021,TRUE,FALSE,TRUE
15,196712,"p","2020-02-23 13:37:00",1148.78333333333,TRUE,1148.7,0.0833333333298469,FALSE,TRUE,22.5612874318626,0.0752042914426882,0.270735449193678,4.02754811971072,144205.129630193,-199806.474358712,TRUE,FALSE,TRUE
15,196712,"o","2020-02-23 13:40:00",1148.83333333333,TRUE,1148.78333333333,0.0500000000001819,FALSE,TRUE,14.098522750699,0.0783251263924875,0.281970455012955,3.89886352180963,144196.092973419,-199817.369494939,TRUE,FALSE,TRUE
15,196712,"p","2020-02-23 13:42:00",1148.86666666667,TRUE,1148.83333333333,0.0333333333398969,FALSE,TRUE,176.111031558494,1.46759192936514,5.2833309457145,3.90910565642194,144028.087170854,-199761.841935776,TRUE,FALSE,TRUE
15,196712,"p","2020-02-23 13:47:00",1148.95,TRUE,1148.86666666667,0.0833333333300743,FALSE,TRUE,446.231360979065,1.48743786998839,5.35477633195819,3.92133243718801,143602.488325128,-199620.858306372,TRUE,FALSE,TRUE
15,196712,"p","2020-02-23 13:52:00",1149.03333333333,TRUE,1148.95,0.0833333333298469,FALSE,TRUE,446.231183311317,1.48743727776662,5.35477419995984,3.93355921064072,143176.8894794,-199479.874676982,TRUE,FALSE,TRUE
15,196712,"p","2020-02-23 13:57:00",1149.11666666667,TRUE,1149.03333333333,0.0833333333400788,FALSE,TRUE,446.231006221852,1.48743668728577,5.35477207422878,3.94578597682148,142751.290633674,-199338.891047585,TRUE,FALSE,TRUE
15,196712,"p","2020-02-23 14:02:00",1149.2,TRUE,1149.11666666667,0.0833333333300743,FALSE,TRUE,446.230829716618,1.48743609911357,5.35476995680883,3.95901558666917,142325.691787947,-199197.907418187,TRUE,FALSE,TRUE
15,196712,"p","2020-02-23 14:07:00",1149.28333333333,TRUE,1149.2,0.0833333333298469,FALSE,TRUE,446.230653789846,1.48743551269505,5.35476784570218,4.00801207804173,141900.092942219,-199056.923788795,TRUE,FALSE,TRUE
15,196712,"p","2020-02-23 14:12:00",1149.36666666667,TRUE,1149.28333333333,0.0833333333400788,FALSE,TRUE,446.230478445789,1.48743492803223,5.35476574091602,4.05725635422093,141474.494096492,-198915.940159388,TRUE,FALSE,TRUE
15,196712,"p","2020-02-23 14:17:00",1149.45,TRUE,1149.36666666667,0.0833333333300743,FALSE,TRUE,446.230303680395,1.48743434565949,5.35476364437415,4.10650059876415,141048.895250766,-198774.956529996,TRUE,FALSE,TRUE
15,196712,"p","2020-02-23 14:22:00",1149.53333333333,TRUE,1149.45,0.0833333333298469,FALSE,TRUE,446.23012949981,1.4874337650616,5.35476155422174,4.15574481180402,140623.296405038,-198633.972900608,TRUE,FALSE,TRUE
15,196712,"p","2020-02-23 14:27:00",1149.61666666667,TRUE,1149.53333333333,0.0833333333400788,FALSE,TRUE,446.229955895975,1.48743318619952,5.35475947031826,4.2049889934318,140197.697559311,-198492.989271208,TRUE,FALSE,TRUE
15,196712,"p","2020-02-23 14:32:00",1149.7,TRUE,1149.61666666667,0.0833333333300743,FALSE,TRUE,446.229782875625,1.48743260964359,5.35475739471691,4.25423314383112,139772.098713584,-198352.005641805,TRUE,FALSE,TRUE
15,196712,"p","2020-02-23 14:37:00",1149.78333333333,TRUE,1149.7,0.0833333333298469,FALSE,TRUE,446.229610435928,1.48743203484866,5.35475532545516,4.30347726313365,139346.499867856,-198211.022012411,TRUE,FALSE,TRUE
15,196712,"p","2020-02-23 14:42:00",1149.86666666667,TRUE,1149.78333333333,0.0833333333400788,FALSE,TRUE,446.22943857569,1.48743146179856,5.35475326247483,4.35272135143157,138920.90102213,-198070.03838302,TRUE,FALSE,TRUE
15,196712,"p","2020-02-23 14:47:00",1149.95,TRUE,1149.86666666667,0.0833333333300743,FALSE,TRUE,446.229267297797,1.48743089105083,5.35475120778298,4.4015381188364,138495.302176403,-197929.054753617,TRUE,FALSE,TRUE
15,196712,"p","2020-02-23 14:52:00",1150.03333333333,TRUE,1149.95,0.0833333333298469,FALSE,TRUE,446.229096600704,1.48743032206458,5.35474915943247,4.39922767861403,138069.703330675,-197788.071124223,TRUE,FALSE,TRUE
15,196712,"p","2020-02-23 14:57:00",1150.11666666667,TRUE,1150.03333333333,0.0833333333400788,FALSE,TRUE,446.228926483591,1.4874297548249,5.35474711736966,4.39632637367948,137644.104484948,-197647.087494826,TRUE,FALSE,TRUE
15,196712,"p","2020-02-23 15:02:00",1150.2,TRUE,1150.11666666667,0.0833333333300743,FALSE,TRUE,446.228756947476,1.48742918988309,5.35474508357913,4.39342507882508,137218.505639222,-197506.103865432,TRUE,FALSE,TRUE
15,196712,"p","2020-02-23 15:07:00",1150.28333333333,TRUE,1150.2,0.0833333333298469,FALSE,TRUE,446.228587994892,1.48742862671187,5.35474305616273,4.39052379403987,136792.906793494,-197365.120236032,TRUE,FALSE,TRUE
15,196712,"p","2020-02-23 15:12:00",1150.36666666667,TRUE,1150.28333333333,0.0833333333400788,FALSE,TRUE,446.228419618167,1.48742806527349,5.35474103498457,4.38762251931175,136367.307947767,-197224.136606643,TRUE,FALSE,TRUE
15,196712,"p","2020-02-23 15:17:00",1150.45,TRUE,1150.36666666667,0.0833333333300743,FALSE,TRUE,446.228251827942,1.48742750615131,5.35473902214472,4.38472125462902,135941.70910204,-197083.152977248,TRUE,FALSE,TRUE
15,196712,"o","2020-02-23 15:19:00",1150.48333333333,TRUE,1150.45,0.0333333333298924,FALSE,TRUE,177.558409494928,1.47965341261048,5.32675228539772,4.3810426463637,135772.433020723,-197026.833125357,TRUE,FALSE,TRUE
15,196712,"p","2020-02-23 15:22:00",1150.53333333333,TRUE,1150.48333333333,0.0499999999999545,FALSE,TRUE,166.830455402308,0.926835863346999,3.3366091080492,4.3226420032528,135623.317828426,-196950.359089941,TRUE,FALSE,TRUE
15,196712,"p","2020-02-23 15:27:00",1150.61666666667,TRUE,1150.53333333333,0.0833333333400788,FALSE,TRUE,276.57431578635,0.921914385879876,3.31889178916755,4.24013766657343,135376.398269554,-196823.025030716,TRUE,FALSE,TRUE
15,196712,"p","2020-02-23 15:32:00",1150.7,TRUE,1150.61666666667,0.0833333333300743,FALSE,TRUE,276.5742560376,0.921914186828054,3.318891072581,4.1572111137533,135129.478710682,-196695.690971472,TRUE,FALSE,TRUE
15,196712,"p","2020-02-23 15:37:00",1150.78333333333,TRUE,1150.7,0.0833333333298469,FALSE,TRUE,276.57419642696,0.921913988128435,3.31889035726237,4.07428461073446,134882.55915181,-196568.356912244,TRUE,FALSE,TRUE
15,196712,"p","2020-02-23 15:42:00",1150.86666666667,TRUE,1150.78333333333,0.0833333333400788,FALSE,TRUE,276.574136955846,0.921913789778196,3.3188896432015,3.99135815726168,134635.639592938,-196441.022853009,TRUE,FALSE,TRUE
15,196712,"p","2020-02-23 15:47:00",1150.95,TRUE,1150.86666666667,0.0833333333300743,FALSE,TRUE,276.574077622418,0.921913592110781,3.31888893159881,3.90843175304373,134388.720034065,-196313.688793779,TRUE,FALSE,TRUE
15,196712,"p","2020-02-23 15:52:00",1151.03333333333,TRUE,1150.95,0.0833333333298469,FALSE,TRUE,276.574018426242,0.92191339479271,3.31888822125376,3.82708883782808,134141.800475193,-196186.354734549,TRUE,FALSE,TRUE
15,196712,"p","2020-02-23 15:57:00",1151.11666666667,TRUE,1151.03333333333,0.0833333333400788,FALSE,TRUE,276.573959369138,0.921913197822502,3.31888751216101,3.91182487613482,133894.880916321,-196059.02067532,TRUE,FALSE,TRUE
15,196712,"p","2020-02-23 16:02:00",1151.2,TRUE,1151.11666666667,0.0833333333300743,FALSE,TRUE,276.573900448539,0.921913001531183,3.31888680551226,3.99649574675742,133647.961357449,-195931.686616078,TRUE,FALSE,TRUE
15,196712,"p","2020-02-23 16:07:00",1151.28333333333,TRUE,1151.2,0.0833333333298469,FALSE,TRUE,276.573841668238,0.921912805599362,3.3188861001577,4.0811665978629,133401.041798577,-195804.352556849,TRUE,FALSE,TRUE
15,196712,"p","2020-02-23 16:12:00",1151.36666666667,TRUE,1151.28333333333,0.0833333333400788,FALSE,TRUE,276.573783024621,0.921912610007447,3.31888539602681,4.1658374294875,133154.122239705,-195677.018497609,TRUE,FALSE,TRUE
15,196712,"p","2020-02-23 16:17:00",1151.45,TRUE,1151.36666666667,0.0833333333300743,FALSE,TRUE,276.573724519028,0.921912415099482,3.31888469435814,4.25050824169989,132907.202680833,-195549.684438379,TRUE,FALSE,TRUE
15,196712,"p","2020-02-23 16:22:00",1151.53333333333,TRUE,1151.45,0.0833333333298469,FALSE,TRUE,276.573666150904,0.921912220541582,3.3188839939497,4.33517903453305,132660.283121961,-195422.350379139,TRUE,FALSE,TRUE
15,196712,"p","2020-02-23 16:27:00",1151.61666666667,TRUE,1151.53333333333,0.0833333333400788,FALSE,TRUE,276.573607921143,0.921912026329186,3.31888329478507,4.4198498080217,132413.363563088,-195295.01631992,TRUE,FALSE,TRUE
15,196712,"p","2020-02-23 16:32:00",1151.7,TRUE,1151.61666666667,0.0833333333300743,FALSE,TRUE,276.573549830039,0.921911832802852,3.31888259809027,4.50420847866274,132166.444004216,-195167.682260675,TRUE,FALSE,TRUE
15,196712,"p","2020-02-23 16:37:00",1151.78333333333,TRUE,1151.7,0.0833333333298469,FALSE,TRUE,276.573491879212,0.921911639635942,3.31888190268939,4.44964044968982,131919.524445343,-195040.348201445,TRUE,FALSE,TRUE
15,196712,"p","2020-02-23 16:42:00",1151.86666666667,TRUE,1151.78333333333,0.0833333333400788,FALSE,TRUE,276.573434060982,0.921911446795315,3.31888120846314,4.39308780737051,131672.604886472,-194913.014142205,TRUE,FALSE,TRUE
15,196712,"p","2020-02-23 16:47:00",1151.95,TRUE,1151.86666666667,0.0833333333300743,FALSE,TRUE,276.573376384054,0.921911254649566,3.31888051673844,4.3365352050588,131425.6853276,-194785.680082983,TRUE,FALSE,TRUE
15,196712,"p","2020-02-23 16:52:00",1152.03333333333,TRUE,1151.95,0.0833333333298469,FALSE,TRUE,276.573318837085,0.921911062828853,3.31887982618387,4.27998264261311,131178.765768732,-194658.346023752,TRUE,FALSE,TRUE
15,196712,"o","2020-02-23 16:53:00",1152.05,TRUE,1152.03333333333,0.0166666666700621,FALSE,TRUE,54.3804852625896,0.906341420858513,3.26282911509065,4.22187317478761,131129.933064192,-194633.863156876,TRUE,FALSE,TRUE
15,196712,"p","2020-02-23 16:57:00",1152.11666666667,TRUE,1152.05,0.0666666666700166,FALSE,TRUE,123.448705941535,0.514369608063882,1.85173058902998,4.12456658432449,131013.626149531,-194676.995099467,TRUE,FALSE,TRUE
15,196712,"p","2020-02-23 17:02:00",1152.2,TRUE,1152.11666666667,0.0833333333300743,FALSE,TRUE,154.101278509257,0.513670928384278,1.8492153421834,4.02719018435969,130868.931515252,-194732.139958941,TRUE,FALSE,TRUE
15,196712,"p","2020-02-23 17:07:00",1152.28333333333,TRUE,1152.2,0.0833333333298469,FALSE,TRUE,154.101259492313,0.513670864995868,1.84921511398512,3.92981383629333,130724.236880972,-194787.284818419,TRUE,FALSE,TRUE
15,196712,"p","2020-02-23 17:12:00",1152.36666666667,TRUE,1152.28333333333,0.0833333333400788,FALSE,TRUE,154.101240496639,0.513670801613883,1.84921488580998,3.83243753994856,130579.542246693,-194842.429677891,TRUE,FALSE,TRUE
15,196712,"p","2020-02-23 17:17:00",1152.45,TRUE,1152.36666666667,0.0833333333300743,FALSE,TRUE,154.101221524697,0.513670738435747,1.84921465836869,3.73506129517218,130434.847612415,-194897.574537364,TRUE,FALSE,TRUE
15,196712,"p","2020-02-23 17:22:00",1152.53333333333,TRUE,1152.45,0.0833333333298469,FALSE,TRUE,154.101202577763,0.513670675280702,1.84921443101053,3.6376851017359,130290.152978136,-194952.719396833,TRUE,FALSE,TRUE
15,196712,"p","2020-02-23 17:27:00",1152.61666666667,TRUE,1152.53333333333,0.0833333333400788,FALSE,TRUE,154.10118365502,0.513670612141821,1.84921420371056,3.54030895946521,130145.458343858,-195007.864256296,TRUE,FALSE,TRUE
15,196712,"p","2020-02-23 17:32:00",1152.7,TRUE,1152.61666666667,0.0833333333300743,FALSE,TRUE,154.101164755373,0.513670549204664,1.84921397713679,3.44293286820582,130000.763709579,-195063.009115771,TRUE,FALSE,TRUE
15,196712,"p","2020-02-23 17:37:00",1152.78333333333,TRUE,1152.7,0.0833333333298469,FALSE,TRUE,154.101145880529,0.513670486289922,1.84921375064372,3.34555682772973,129856.069075299,-195118.153975239,TRUE,FALSE,TRUE
15,196712,"p","2020-02-23 17:42:00",1152.86666666667,TRUE,1152.78333333333,0.0833333333400788,FALSE,TRUE,154.101127029296,0.513670423389407,1.84921352420187,3.24818083786222,129711.37444102,-195173.298834716,TRUE,FALSE,TRUE
15,196712,"p","2020-02-23 17:47:00",1152.95,TRUE,1152.86666666667,0.0833333333300743,FALSE,TRUE,154.101108199694,0.513670360685737,1.84921329846865,3.1508048984483,129566.679806742,-195228.44369418,TRUE,FALSE,TRUE
15,196712,"p","2020-02-23 17:52:00",1153.03333333333,TRUE,1152.95,0.0833333333298469,FALSE,TRUE,154.10108939662,0.513670298010222,1.8492130728368,3.05342900926101,129421.985172463,-195283.588553655,TRUE,FALSE,TRUE
15,196712,"p","2020-02-23 17:57:00",1153.11666666667,TRUE,1153.03333333333,0.0833333333400788,FALSE,TRUE,154.101070623451,0.513670235369923,1.84921284733172,2.95605317012682,129277.290538176,-195338.733413122,TRUE,FALSE,TRUE
15,196712,"o","2020-02-23 17:58:00",1153.13333333333,TRUE,1153.11666666667,0.0166666666600577,FALSE,TRUE,31.5417734989692,0.52569622519128,1.89250641068861,2.8598799861186,129247.447042366,-195349.40786301,TRUE,FALSE,TRUE
15,196712,"p","2020-02-23 18:02:00",1153.2,TRUE,1153.13333333333,0.0666666666700166,FALSE,TRUE,247.952092611536,1.03313371916282,3.71928138898614,2.81445060741975,128998.389402698,-195341.279565254,TRUE,FALSE,TRUE
15,196712,"p","2020-02-23 18:07:00",1153.28333333333,TRUE,1153.2,0.0833333333298469,FALSE,TRUE,311.079327861526,1.03693109291513,3.73295193449448,2.77017837545021,128685.936641908,-195330.676040543,TRUE,FALSE,TRUE
15,196712,"p","2020-02-23 18:12:00",1153.36666666667,TRUE,1153.28333333333,0.0833333333400788,FALSE,TRUE,311.079246849038,1.03693082274619,3.73295096188629,2.78118787139013,128373.483881118,-195320.072515841,TRUE,FALSE,TRUE
15,196712,"p","2020-02-23 18:17:00",1153.45,TRUE,1153.36666666667,0.0833333333300743,FALSE,TRUE,311.079166033228,1.03693055348465,3.73294999254473,2.79268948815061,128061.03112033,-195309.46899113,TRUE,FALSE,TRUE
15,196712,"p","2020-02-23 18:22:00",1153.53333333333,TRUE,1153.45,0.0833333333298469,FALSE,TRUE,311.079085417651,1.03693028476889,3.73294902516799,2.80419109794469,127748.57835954,-195298.865466423,TRUE,FALSE,TRUE
15,196712,"p","2020-02-23 18:27:00",1153.61666666667,TRUE,1153.53333333333,0.0833333333400788,FALSE,TRUE,311.079004996068,1.03693001656962,3.73294805965065,2.81569270078881,127436.125598751,-195288.261941721,TRUE,FALSE,TRUE
15,196712,"p","2020-02-23 18:32:00",1153.7,TRUE,1153.61666666667,0.0833333333300743,FALSE,TRUE,311.078924772564,1.03692974928243,3.73294709741676,2.82719429673923,127123.672837961,-195277.658417015,TRUE,FALSE,TRUE
15,196712,"o","2020-02-23 18:34:00",1153.73333333333,TRUE,1153.7,0.0333333333298924,FALSE,TRUE,124.485985767075,1.03738321483271,3.73457957339777,2.83874125901143,126998.640405981,-195273.318533222,TRUE,FALSE,TRUE
15,196712,"p","2020-02-23 18:37:00",1153.78333333333,TRUE,1153.73333333333,0.0499999999999545,FALSE,TRUE,192.939235165727,1.07188463981057,3.85878470331806,2.85373838351321,126805.508650078,-195256.097320813,TRUE,FALSE,TRUE
15,196712,"p","2020-02-23 18:42:00",1153.86666666667,TRUE,1153.78333333333,0.0833333333400788,FALSE,TRUE,321.664740141224,1.07221580038396,3.85997688138224,2.86876864376936,126483.536844132,-195227.231176947,TRUE,FALSE,TRUE
15,196712,"p","2020-02-23 18:47:00",1153.95,TRUE,1153.86666666667,0.0833333333300743,FALSE,TRUE,321.664655367794,1.07221551793458,3.85997586456448,2.8837988954097,126161.565038186,-195198.365033082,TRUE,FALSE,TRUE
15,196712,"p","2020-02-23 18:52:00",1154.03333333333,TRUE,1153.95,0.0833333333298469,FALSE,TRUE,321.664570811367,1.07221523608275,3.85997484989789,2.89882913845804,125839.593232239,-195169.498889218,TRUE,FALSE,TRUE
15,196712,"p","2020-02-23 18:57:00",1154.11666666667,TRUE,1154.03333333333,0.0833333333400788,FALSE,TRUE,321.66448647199,1.07221495481984,3.85997383735143,2.91385937293928,125517.621426294,-195140.632745348,TRUE,FALSE,TRUE
15,196712,"p","2020-02-23 19:02:00",1154.2,TRUE,1154.11666666667,0.0833333333300743,FALSE,TRUE,321.664402351403,1.07221467454661,3.85997282836779,2.92888959888399,125195.649620348,-195111.76660149,TRUE,FALSE,TRUE
15,196712,"p","2020-02-23 19:07:00",1154.28333333333,TRUE,1154.2,0.0833333333298469,FALSE,TRUE,321.664318450302,1.0722143948792,3.85997182156511,2.94391981631775,124873.6778144,-195082.90045762,TRUE,FALSE,TRUE
15,196712,"p","2020-02-23 19:12:00",1154.36666666667,TRUE,1154.28333333333,0.0833333333400788,FALSE,TRUE,321.664234763579,1.07221411579181,3.85997081685051,2.95895002526401,124551.706008454,-195054.034313758,TRUE,FALSE,TRUE
15,196712,"p","2020-02-23 19:17:00",1154.45,TRUE,1154.36666666667,0.0833333333300743,FALSE,TRUE,321.664151296688,1.07221383769756,3.85996981571121,2.97398022575348,124229.734202509,-195025.168169896,TRUE,FALSE,TRUE
15,196712,"p","2020-02-23 19:22:00",1154.53333333333,TRUE,1154.45,0.0833333333298469,FALSE,TRUE,321.66406804795,1.07221356020469,3.85996881673689,2.98901041781036,123907.762396562,-194996.302026025,TRUE,FALSE,TRUE
15,196712,"p","2020-02-23 19:27:00",1154.61666666667,TRUE,1154.53333333333,0.0833333333400788,FALSE,TRUE,321.663985017154,1.07221328330372,3.85996781989341,3.0040406014612,123585.790590615,-194967.435882164,TRUE,FALSE,TRUE
15,196712,"p","2020-02-23 19:32:00",1154.7,TRUE,1154.61666666667,0.0833333333300743,FALSE,TRUE,321.663902202285,1.07221300738288,3.85996682657838,3.01907077673453,123263.81878467,-194938.569738295,TRUE,FALSE,TRUE
15,196712,"o","2020-02-23 19:35:00",1154.75,TRUE,1154.7,0.0499999999999545,FALSE,TRUE,192.906511673718,1.07170284263274,3.85813023347786,3.03404995471492,123070.710563173,-194921.447942791,TRUE,FALSE,TRUE
15,196712,"p","2020-02-23 19:37:00",1154.78333333333,TRUE,1154.75,0.0333333333298924,FALSE,TRUE,122.729986338527,1.02274988625996,3.68189959053587,3.04569080125507,122947.400439637,-194924.383642888,TRUE,FALSE,TRUE
15,196712,"p","2020-02-23 19:42:00",1154.86666666667,TRUE,1154.78333333333,0.0833333333400788,FALSE,TRUE,306.650799142715,1.02216933039298,3.67980958941472,3.09647077348798,122639.312285973,-194932.217620179,TRUE,FALSE,TRUE
15,196712,"p","2020-02-23 19:47:00",1154.95,TRUE,1154.86666666667,0.0833333333300743,FALSE,TRUE,306.650724039983,1.02216908017325,3.67980868862371,3.14732058866687,122331.224132308,-194940.051597475,TRUE,FALSE,TRUE
15,196712,"p","2020-02-23 19:52:00",1155.03333333333,TRUE,1154.95,0.0833333333298469,FALSE,TRUE,306.650649125827,1.02216883046219,3.67980778966387,3.1981703852135,122023.135978644,-194947.88557476,TRUE,FALSE,TRUE
15,196712,"p","2020-02-23 19:57:00",1155.11666666667,TRUE,1155.03333333333,0.0833333333400788,FALSE,TRUE,306.650574399873,1.02216858125017,3.67980689250061,3.24902016317713,121715.04782498,-194955.719552047,TRUE,FALSE,TRUE
15,196712,"p","2020-02-23 20:02:00",1155.2,TRUE,1155.11666666667,0.0833333333300743,FALSE,TRUE,306.650499862598,1.0221683329153,3.67980599849509,3.29986992262509,121406.959671317,-194963.553529343,TRUE,FALSE,TRUE
15,196712,"p","2020-02-23 20:07:00",1155.28333333333,TRUE,1155.2,0.0833333333298469,FALSE,TRUE,306.552735922534,1.02184245311787,3.67863283122431,3.3506871004088,121098.912583902,-194968.646146317,TRUE,FALSE,TRUE
15,196712,"p","2020-02-23 20:12:00",1155.36666666667,TRUE,1155.28333333333,0.0833333333400788,FALSE,TRUE,579.467888010335,1.93155962654477,6.95361465556116,3.4924760018491,120798.399363869,-194470.818599821,TRUE,FALSE,TRUE
15,196712,"o","2020-02-23 20:15:00",1155.41666666667,TRUE,1155.36666666667,0.0499999999999545,FALSE,TRUE,346.894618335352,1.92719232408704,6.93789236671335,3.63382817933734,120617.959557396,-194173.122556088,TRUE,FALSE,TRUE
15,196712,"p","2020-02-23 20:17:00",1155.45,TRUE,1155.41666666667,0.0333333333301198,FALSE,TRUE,131.155453123372,1.09296210946681,3.9346635940805,3.69175734165503,120486.316584243,-194166.484872429,TRUE,FALSE,TRUE
15,196712,"p","2020-02-23 20:22:00",1155.53333333333,TRUE,1155.45,0.0833333333298469,FALSE,TRUE,328.009850520266,1.09336616844663,3.93611820640786,3.74972691616075,120156.817865852,-194156.503914181,TRUE,FALSE,TRUE
15,196712,"p","2020-02-23 20:27:00",1155.61666666667,TRUE,1155.53333333333,0.0833333333400788,FALSE,TRUE,328.009766433159,1.09336588802203,3.9361171968793,3.80769646889438,119827.319147462,-194146.522955925,TRUE,FALSE,TRUE
15,196712,"p","2020-02-23 20:32:00",1155.7,TRUE,1155.61666666667,0.0833333333300743,FALSE,TRUE,328.009682579123,1.09336560863984,3.93611619110342,3.86566599995734,119497.820429072,-194136.541997676,TRUE,FALSE,TRUE
15,196712,"p","2020-02-23 20:37:00",1155.78333333333,TRUE,1155.7,0.0833333333298469,FALSE,TRUE,328.009598957442,1.09336532990388,3.93611518765398,3.92363550941073,119168.32171068,-194126.561039423,TRUE,FALSE,TRUE
15,196712,"p","2020-02-23 20:42:00",1155.86666666667,TRUE,1155.78333333333,0.0833333333400788,FALSE,TRUE,328.009515562941,1.09336505178797,3.93611418643669,3.9804023920704,118838.82299229,-194116.580081176,TRUE,FALSE,TRUE
15,196712,"p","2020-02-23 20:47:00",1155.95,TRUE,1155.86666666667,0.0833333333300743,FALSE,TRUE,328.009432401693,1.09336477471507,3.93611318897425,3.98642549762563,118509.3242739,-194106.599122928,TRUE,FALSE,TRUE
15,196712,"p","2020-02-23 20:52:00",1156.03333333333,TRUE,1155.95,0.0833333333298469,FALSE,TRUE,328.009349471897,1.0933644982854,3.93611219382744,3.99206883816266,118179.825555509,-194096.618164679,TRUE,FALSE,TRUE
15,196712,"p","2020-02-23 20:57:00",1156.11666666667,TRUE,1156.03333333333,0.0833333333400788,FALSE,TRUE,328.009266771605,1.09336422248351,3.93611120094065,3.99771217813639,117850.326837119,-194086.637206427,TRUE,FALSE,TRUE
15,196712,"p","2020-02-23 21:02:00",1156.2,TRUE,1156.11666666667,0.0833333333300743,FALSE,TRUE,328.009184303482,1.09336394772103,3.93611021179571,4.00335551756003,117520.828118729,-194076.656248177,TRUE,FALSE,TRUE
15,196712,"p","2020-02-23 21:07:00",1156.28333333333,TRUE,1156.2,0.0833333333298469,FALSE,TRUE,328.009102066809,1.09336367360177,3.93610922496638,4.00899885644331,117191.329400338,-194066.675289925,TRUE,FALSE,TRUE
15,196712,"p","2020-02-23 21:12:00",1156.36666666667,TRUE,1156.28333333333,0.0833333333400788,FALSE,TRUE,328.009020060341,1.09336340011263,3.93610824040548,4.01464219479762,116861.830681947,-194056.694331671,TRUE,FALSE,TRUE
15,196712,"p","2020-02-23 21:17:00",1156.45,TRUE,1156.36666666667,0.0833333333300743,FALSE,TRUE,328.008938284071,1.09336312765633,3.93610725956279,4.020285532635,116532.331963557,-194046.713373422,TRUE,FALSE,TRUE
15,196712,"o","2020-02-23 21:19:00",1156.48333333333,TRUE,1156.45,0.0333333333298924,FALSE,TRUE,131.716816951696,1.09764014137744,3.95150450895879,4.02631122528948,116400.072116374,-194041.187175924,TRUE,FALSE,TRUE
15,196712,"p","2020-02-23 21:22:00",1156.53333333333,TRUE,1156.48333333333,0.0499999999999545,FALSE,TRUE,302.688172024291,1.68160095569204,6.05376344049133,4.08728285687762,116151.607232439,-193866.058995925,TRUE,FALSE,TRUE
15,196712,"o","2020-02-23 21:23:00",1156.55,TRUE,1156.53333333333,0.0166666666700621,FALSE,TRUE,99.8259660871488,1.66376610111353,5.98955796400869,4.14643788695058,116069.666494922,-193808.298519461,TRUE,FALSE,TRUE
15,196712,"p","2020-02-23 21:27:00",1156.61666666667,TRUE,1156.55,0.0666666666700166,FALSE,TRUE,191.559139280167,0.798163080293921,2.87338708905812,4.11903264318652,115890.192381974,-193738.808332051,TRUE,FALSE,TRUE
15,196712,"o","2020-02-23 21:28:00",1156.63333333333,TRUE,1156.61666666667,0.0166666666600577,FALSE,TRUE,46.3496033191829,0.772493388959372,2.78097620025374,4.08906045847418,115847.155081037,-193721.028338314,TRUE,FALSE,TRUE
15,196712,"p","2020-02-23 21:32:00",1156.7,TRUE,1156.63333333333,0.0666666666700166,FALSE,TRUE,177.500082862392,0.739583678556138,2.6625012428021,4.05579733084781,115900.467829989,-193551.106752398,TRUE,FALSE,TRUE
15,196712,"p","2020-02-23 21:37:00",1156.78333333333,TRUE,1156.7,0.0833333333298469,FALSE,TRUE,223.284650114977,0.744282167081061,2.67941580149182,4.02300408010125,115969.074567904,-193337.8433192,TRUE,FALSE,TRUE
15,196712,"p","2020-02-23 21:42:00",1156.86666666667,TRUE,1156.78333333333,0.0833333333400788,FALSE,TRUE,223.284663018197,0.74428221000041,2.67941595600148,3.99021086161337,116037.681305818,-193124.579886011,TRUE,FALSE,TRUE
15,196712,"o","2020-02-23 21:47:00",1156.95,TRUE,1156.86666666667,0.0833333333300743,FALSE,TRUE,214.82852087562,0.716095069613404,2.57794225060826,3.95459895699553,116097.103267344,-192917.398549111,TRUE,FALSE,TRUE
15,196712,"o","2020-02-23 21:51:00",1157.01666666667,TRUE,1156.95,0.0666666666700166,FALSE,TRUE,1471.67695232897,6.13198730106259,22.0751542838253,4.46057630333204,114805.8449993,-193637.559406146,TRUE,FALSE,TRUE
15,196712,"p","2020-02-23 21:52:00",1157.03333333333,TRUE,1157.01666666667,0.0166666666598303,FALSE,TRUE,62.6940755166903,1.0449012590401,3.76164453254438,4.45784507321558,114744.963572666,-193621.370472015,TRUE,FALSE,TRUE
15,196712,"p","2020-02-23 21:57:00",1157.11666666667,TRUE,1157.03333333333,0.0833333333400788,FALSE,TRUE,287.380138986692,0.957933796544767,3.44856166756116,4.44641712453968,114477.417468679,-193512.838945916,TRUE,FALSE,TRUE
15,196712,"p","2020-02-23 22:02:00",1157.2,TRUE,1157.11666666667,0.0833333333300743,FALSE,TRUE,287.380082681132,0.957933608974569,3.44856099230845,4.43498918469885,114209.871364758,-193404.307419775,TRUE,FALSE,TRUE
15,196712,"p","2020-02-23 22:07:00",1157.28333333333,TRUE,1157.2,0.0833333333298469,FALSE,TRUE,287.380026573958,0.95793342195327,3.44856031903177,4.4236122426309,113942.325260836,-193295.77589363,TRUE,FALSE,TRUE
15,196712,"p","2020-02-23 22:12:00",1157.36666666667,TRUE,1157.28333333333,0.0833333333400788,FALSE,TRUE,287.379970621026,0.957933235325879,3.44855964717316,4.4171305775375,113674.779156914,-193187.244367491,TRUE,FALSE,TRUE
15,196712,"p","2020-02-23 22:17:00",1157.45,TRUE,1157.36666666667,0.0833333333300743,FALSE,TRUE,287.379914821946,0.957933049443951,3.44855897799823,4.41070694944259,113407.233052993,-193078.712841353,TRUE,FALSE,TRUE
15,196712,"p","2020-02-23 22:22:00",1157.53333333333,TRUE,1157.45,0.0833333333298469,FALSE,TRUE,287.379859180312,0.95793286397445,3.44855831030802,4.40428332782271,113139.686949071,-192970.181315207,TRUE,FALSE,TRUE
15,196712,"p","2020-02-23 22:27:00",1157.61666666667,TRUE,1157.53333333333,0.0833333333400788,FALSE,TRUE,287.379803692879,0.957932678898722,3.4485576440354,4.39785971266637,112872.140845148,-192861.649789064,TRUE,FALSE,TRUE
15,196712,"p","2020-02-23 22:32:00",1157.7,TRUE,1157.61666666667,0.0833333333300743,FALSE,TRUE,287.37974835777,0.957932494563363,3.44855698042811,4.39143610399769,112604.594741227,-192753.118262922,TRUE,FALSE,TRUE
15,196712,"p","2020-02-23 22:37:00",1157.78333333333,TRUE,1157.7,0.0833333333298469,FALSE,TRUE,287.379693183355,0.957932310651261,3.44855631834454,4.38501250177128,112337.048637304,-192644.586736781,TRUE,FALSE,TRUE
15,196712,"p","2020-02-23 22:42:00",1157.86666666667,TRUE,1157.78333333333,0.0833333333400788,FALSE,TRUE,287.379638157298,0.957932127113452,3.44855565760843,4.37862146917084,112069.502533383,-192536.055210634,TRUE,FALSE,TRUE
15,196712,"p","2020-02-23 22:47:00",1157.95,TRUE,1157.86666666667,0.0833333333300743,FALSE,TRUE,287.379583289151,0.957931944334633,3.44855499960468,4.28125870094983,111801.956429462,-192427.523684493,TRUE,FALSE,TRUE
15,196712,"p","2020-02-23 22:52:00",1158.03333333333,TRUE,1157.95,0.0833333333298469,FALSE,TRUE,287.379528579504,0.957931761971758,3.44855434309833,4.1843326447383,111534.410325539,-192318.992158358,TRUE,FALSE,TRUE
15,196712,"p","2020-02-23 22:57:00",1158.11666666667,TRUE,1158.03333333333,0.0833333333400788,FALSE,TRUE,291.169122612787,0.97056374196406,3.49402947107062,4.17209280798802,111263.551913229,-192208.501192042,TRUE,FALSE,TRUE
15,196712,"o","2020-02-23 23:02:00",1158.2,TRUE,1158.11666666667,0.0833333333300743,FALSE,TRUE,985.692674196603,3.28564224745051,11.8283120908218,4.39132041588841,110388.790628856,-191744.650046012,TRUE,FALSE,TRUE
15,196712,"p","2020-02-23 23:07:00",1158.28333333333,TRUE,1158.2,0.0833333333298469,FALSE,TRUE,676.969007448318,2.25656335825547,8.12362808971968,4.50764016291176,110201.125829771,-192397.398263664,TRUE,FALSE,TRUE
15,196712,"p","2020-02-23 23:12:00",1158.36666666667,TRUE,1158.28333333333,0.0833333333400788,FALSE,TRUE,204.886120353811,0.682953734457422,2.45863344404672,4.46659897549351,110082.961066854,-192565.730800891,TRUE,FALSE,TRUE
15,196712,"p","2020-02-23 23:17:00",1158.45,TRUE,1158.36666666667,0.0833333333300743,FALSE,TRUE,202.502330374072,0.675007767939971,2.43002796458389,4.42476321929712,109965.1546378,-192731.389529387,TRUE,FALSE,TRUE
15,196712,"p","2020-02-23 23:22:00",1158.53333333333,TRUE,1158.45,0.0833333333298469,FALSE,TRUE,202.502312356385,0.675007707882858,2.43002774837829,4.38292748490661,109847.348208747,-192897.048257887,TRUE,FALSE,TRUE
15,196712,"p","2020-02-23 23:27:00",1158.61666666667,TRUE,1158.53333333333,0.0833333333400788,FALSE,TRUE,201.461603098565,0.671538676940858,2.41753923698709,4.34074487512919,109730.271158803,-193061.9433675,TRUE,FALSE,TRUE
15,196712,"p","2020-02-23 23:32:00",1158.7,TRUE,1158.61666666667,0.0833333333300743,FALSE,TRUE,29.8131153450361,0.0993770511540066,0.357757384154424,4.24134613041605,109747.003393227,-193086.747686211,TRUE,FALSE,TRUE
15,196712,"p","2020-02-23 23:37:00",1158.78333333333,TRUE,1158.7,0.0833333333298469,FALSE,TRUE,29.604822944445,0.0986827431522785,0.355257875348203,4.14187798248293,109764.465006761,-193110.788386029,TRUE,FALSE,TRUE
15,196712,"p","2020-02-23 23:42:00",1158.86666666667,TRUE,1158.78333333333,0.0833333333400788,FALSE,TRUE,29.6048232901206,0.0986827442924142,0.355257879452691,4.04240986214007,109781.926620294,-193134.829085844,TRUE,FALSE,TRUE
15,196712,"p","2020-02-23 23:47:00",1158.95,TRUE,1158.86666666667,0.0833333333300743,FALSE,TRUE,29.604823633118,0.0986827454475858,0.355257883611309,3.94294176932465,109799.388233827,-193158.869785665,TRUE,FALSE,TRUE
15,196712,"p","2020-02-23 23:52:00",1159.03333333333,TRUE,1158.95,0.0833333333298469,FALSE,TRUE,29.6048239803051,0.0986827466051455,0.355257887778524,3.8434737039739,109816.849847361,-193182.910485491,TRUE,FALSE,TRUE
15,196712,"p","2020-02-23 23:57:00",1159.11666666667,TRUE,1159.03333333333,0.0833333333400788,FALSE,TRUE,29.6048243250312,0.0986827477421162,0.355257891871618,3.74400566598248,109834.311460895,-193206.9511853,TRUE,FALSE,TRUE
15,196712,"p","2020-02-24 00:02:00",1159.2,TRUE,1159.11666666667,0.0833333333300743,FALSE,TRUE,29.6048246669704,0.0986827488937606,0.355257896017538,3.64410992673411,109851.773074427,-193230.99188512,TRUE,FALSE,TRUE
15,196712,"p","2020-02-24 00:07:00",1159.28333333333,TRUE,1159.2,0.0833333333298469,FALSE,TRUE,29.6048250176849,0.0986827500630782,0.355257900227081,3.48581810617121,109869.234687961,-193255.032584948,TRUE,FALSE,TRUE
15,196712,"p","2020-02-24 00:12:00",1159.36666666667,TRUE,1159.28333333333,0.0833333333400788,FALSE,TRUE,29.6048253611355,0.098682751195797,0.355257904304869,3.32930977117944,109886.696301495,-193279.073284767,TRUE,FALSE,TRUE
15,196712,"o","2020-02-24 00:14:00",1159.4,TRUE,1159.36666666667,0.0333333333301198,FALSE,TRUE,12.0029642117978,0.100024701774625,0.360088926388649,3.25949593332751,109892.214887058,-193289.778403028,TRUE,FALSE,TRUE
15,196712,"p","2020-02-24 00:17:00",1159.45,TRUE,1159.4,0.0499999999999545,FALSE,TRUE,201.497493512105,1.11943051951271,4.02994987024576,3.29418964638284,109741.023783219,-193424.273224812,TRUE,FALSE,TRUE
15,196712,"p","2020-02-24 00:22:00",1159.53333333333,TRUE,1159.45,0.0833333333298469,FALSE,TRUE,338.847640633196,1.12949213549124,4.06617168776846,3.33318049207635,109486.59517707,-193650.245991694,TRUE,FALSE,TRUE
15,196712,"p","2020-02-24 00:27:00",1159.61666666667,TRUE,1159.53333333333,0.0833333333400788,FALSE,TRUE,338.847577752958,1.12949192575177,4.06617093270636,3.37170146794343,109232.166570921,-193876.218758576,TRUE,FALSE,TRUE
15,196712,"p","2020-02-24 00:32:00",1159.7,TRUE,1159.61666666667,0.0833333333300743,FALSE,TRUE,338.847515129274,1.12949171714175,4.0661701817103,3.41022241865756,108977.737964771,-194102.191525452,TRUE,FALSE,TRUE
15,196712,"p","2020-02-24 00:37:00",1159.78333333333,TRUE,1159.7,0.0833333333298469,FALSE,TRUE,338.847452678147,1.12949150897441,4.06616943230788,3.45156206259366,108723.309358686,-194328.164292283,TRUE,FALSE,TRUE
15,196712,"o","2020-02-24 00:38:00",1159.8,TRUE,1159.78333333333,0.0166666666700621,FALSE,TRUE,58.9788040263692,0.982980066905894,3.53872824086122,2.93666133917799,108679.840817555,-194368.393672704,TRUE,FALSE,TRUE
15,196712,"o","2020-02-24 00:41:00",1159.85,TRUE,1159.8,0.0499999999999545,FALSE,TRUE,769.194674267316,4.27330374593342,15.3838934853603,3.25950158786732,109336.799586799,-193961.599242475,TRUE,FALSE,TRUE
15,196712,"p","2020-02-24 00:42:00",1159.86666666667,TRUE,1159.85,0.0166666666700621,FALSE,TRUE,88.503306388714,1.47505510617806,5.31019838224101,3.31121371883065,109261.284138428,-194008.523758856,TRUE,FALSE,TRUE
15,196712,"p","2020-02-24 00:47:00",1159.95,TRUE,1159.86666666667,0.0833333333300743,FALSE,TRUE,491.157575592075,1.63719191870428,5.8938909073354,3.37913954980362,108842.181294598,-194268.89973354,TRUE,FALSE,TRUE
15,196712,"p","2020-02-24 00:52:00",1160.03333333333,TRUE,1159.95,0.0833333333298469,FALSE,TRUE,491.157428291049,1.63719142770532,5.89388913973917,3.44706535037883,108423.078450706,-194529.27570827,TRUE,FALSE,TRUE
15,196712,"o","2020-02-24 00:53:00",1160.05,TRUE,1160.03333333333,0.0166666666700621,FALSE,TRUE,96.6979451104502,1.61163241817917,5.80187670544501,3.51243526866416,108340.897498453,-194581.065099231,TRUE,FALSE,TRUE
15,196712,"p","2020-02-24 00:57:00",1160.11666666667,TRUE,1160.05,0.0666666666700166,FALSE,TRUE,190.069291661656,0.791955381883771,2.85103937478157,3.49583750190814,108247.237545589,-194747.248335555,TRUE,FALSE,TRUE
15,196712,"o","2020-02-24 01:01:00",1160.18333333333,TRUE,1160.11666666667,0.0666666666600122,FALSE,TRUE,186.383975384858,0.776599897514427,2.79575963105194,3.47770420526214,108156.890239101,-194911.040487687,TRUE,FALSE,TRUE
15,196712,"p","2020-02-24 01:02:00",1160.2,TRUE,1160.18333333333,0.0166666666700621,FALSE,TRUE,50.6566733315659,0.84427788868743,3.03940039927475,3.46633872624101,108194.266951903,-194876.532577566,TRUE,FALSE,TRUE
15,196712,"p","2020-02-24 01:07:00",1160.28333333333,TRUE,1160.2,0.0833333333298469,FALSE,TRUE,264.020994290121,0.880069981003889,3.168251931614,3.45855247488506,108387.78229631,-194695.295514276,TRUE,FALSE,TRUE
15,196712,"p","2020-02-24 01:12:00",1160.36666666667,TRUE,1160.28333333333,0.0833333333400788,FALSE,TRUE,197.463245027047,0.658210816703545,2.36955894013276,3.42858032549029,108263.300016133,-194849.579745254,TRUE,FALSE,TRUE
15,196712,"p","2020-02-24 01:17:00",1160.45,TRUE,1160.36666666667,0.0833333333300743,FALSE,TRUE,199.964891900585,0.666549639694686,2.39957870290087,3.39944207674841,108137.084367265,-195005.692864433,TRUE,FALSE,TRUE
15,196712,"p","2020-02-24 01:22:00",1160.53333333333,TRUE,1160.45,0.0833333333298469,FALSE,TRUE,199.964873740899,0.666549579164216,2.39957848499118,3.37030384023137,108010.868718396,-195161.80598361,TRUE,FALSE,TRUE
15,196712,"p","2020-02-24 01:27:00",1160.61666666667,TRUE,1160.53333333333,0.0833333333400788,FALSE,TRUE,199.964855635396,0.666549518730699,2.39957826743052,3.34116561590726,107884.653069527,-195317.919102792,TRUE,FALSE,TRUE
15,196712,"p","2020-02-24 01:32:00",1160.7,TRUE,1160.61666666667,0.0833333333300743,FALSE,TRUE,199.964837574051,0.666549458606238,2.39957805098246,3.31076418757148,107758.437420659,-195474.032221971,TRUE,FALSE,TRUE
15,196712,"p","2020-02-24 01:37:00",1160.78333333333,TRUE,1160.7,0.0833333333298469,FALSE,TRUE,199.964819566987,0.666549398584509,2.39957783490423,3.04885490268488,107632.22177179,-195630.145341149,TRUE,FALSE,TRUE
15,196712,"p","2020-02-24 01:42:00",1160.86666666667,TRUE,1160.78333333333,0.0833333333400788,FALSE,TRUE,199.964801616903,0.666549338669057,2.3995776192086,2.88985350072624,107506.006122923,-195786.258460333,TRUE,FALSE,TRUE
15,196712,"p","2020-02-24 01:47:00",1160.95,TRUE,1160.86666666667,0.0833333333300743,FALSE,TRUE,199.964783712295,0.666549279067051,2.39957740464138,2.8882130551872,107379.790474053,-195942.371579511,TRUE,FALSE,TRUE
15,196712,"p","2020-02-24 01:52:00",1161.03333333333,TRUE,1160.95,0.0833333333298469,FALSE,TRUE,199.964765865396,0.666549219579208,2.39957719048515,2.88736720035113,107253.574825184,-196098.484698695,TRUE,FALSE,TRUE
15,196712,"p","2020-02-24 01:57:00",1161.11666666667,TRUE,1161.03333333333,0.0833333333400788,FALSE,TRUE,199.964748063134,0.666549160156491,2.39957697656337,2.88652134557849,107127.359176317,-196254.597817875,TRUE,FALSE,TRUE
15,196712,"p","2020-02-24 02:02:00",1161.2,TRUE,1161.11666666667,0.0833333333300743,FALSE,TRUE,199.964730318785,0.666549101088684,2.39957676391926,2.88602238799327,107001.143527448,-196410.710937054,TRUE,FALSE,TRUE
15,196712,"p","2020-02-24 02:07:00",1161.28333333333,TRUE,1161.2,0.0833333333298469,FALSE,TRUE,199.964712622636,0.666549042103339,2.39957655157202,2.94273958708821,106874.927878579,-196566.824056242,TRUE,FALSE,TRUE
15,196712,"p","2020-02-24 02:12:00",1161.36666666667,TRUE,1161.28333333333,0.0833333333400788,FALSE,TRUE,199.964694977939,0.666548983205844,2.39957633954104,2.99952621109356,106748.712229711,-196722.937175413,TRUE,FALSE,TRUE
15,196712,"p","2020-02-24 02:17:00",1161.45,TRUE,1161.36666666667,0.0833333333300743,FALSE,TRUE,199.96467738673,0.666548924648501,2.39957612873461,3.05631282912917,106622.496580842,-196879.050294603,TRUE,FALSE,TRUE
15,196712,"p","2020-02-24 02:22:00",1161.53333333333,TRUE,1161.45,0.0833333333298469,FALSE,TRUE,199.964659848504,0.666548866189566,2.39957591828244,3.11309944120337,106496.280931973,-197035.163413778,TRUE,FALSE,TRUE
15,196712,"p","2020-02-24 02:27:00",1161.61666666667,TRUE,1161.53333333333,0.0833333333400788,FALSE,TRUE,199.964642357411,0.666548807804084,2.3995757080947,3.16988604732326,106370.065283105,-197191.276532962,TRUE,FALSE,TRUE
15,196712,"p","2020-02-24 02:32:00",1161.7,TRUE,1161.61666666667,0.0833333333300743,FALSE,TRUE,199.964624922556,0.666548749767921,2.39957549916452,3.22667264752584,106243.849634236,-197347.38965214,TRUE,FALSE,TRUE
15,196712,"p","2020-02-24 02:37:00",1161.78333333333,TRUE,1161.7,0.0833333333298469,FALSE,TRUE,199.964607536951,0.666548691817722,2.3995752905438,3.28345924181824,106117.633985368,-197503.502771322,TRUE,FALSE,TRUE
15,196712,"p","2020-02-24 02:42:00",1161.86666666667,TRUE,1161.78333333333,0.0833333333400788,FALSE,TRUE,199.964590204925,0.666548633962464,2.39957508226487,3.34024583020818,105991.4183365,-197659.615890504,TRUE,FALSE,TRUE
15,196712,"p","2020-02-24 02:47:00",1161.95,TRUE,1161.86666666667,0.0833333333300743,FALSE,TRUE,199.964572921123,0.666548576429812,2.39957487514732,3.39703241273158,105865.202687631,-197815.72900968,TRUE,FALSE,TRUE
15,196712,"p","2020-02-24 02:52:00",1162.03333333333,TRUE,1161.95,0.0833333333298469,FALSE,TRUE,199.964555690661,0.666548518996756,2.39957466838832,3.45368479445379,105738.987038762,-197971.842128863,TRUE,FALSE,TRUE
15,196712,"p","2020-02-24 02:57:00",1162.11666666667,TRUE,1162.03333333333,0.0833333333400788,FALSE,TRUE,199.964538514542,0.666548461661186,2.39957446198027,3.40839658866864,105612.771389894,-198127.955248039,TRUE,FALSE,TRUE
15,196712,"p","2020-02-24 03:02:00",1162.2,TRUE,1162.11666666667,0.0833333333300743,FALSE,TRUE,199.964521389396,0.666548404657389,2.3995742567666,3.36210221558526,105486.555741025,-198284.068367223,TRUE,FALSE,TRUE
15,196712,"p","2020-02-24 03:07:00",1162.28333333333,TRUE,1162.2,0.0833333333298469,FALSE,TRUE,199.964504311502,0.666548347732894,2.39957405183842,3.31580785778337,105360.340092158,-198440.181486396,TRUE,FALSE,TRUE
15,196712,"p","2020-02-24 03:12:00",1162.36666666667,TRUE,1162.28333333333,0.0833333333400788,FALSE,TRUE,199.964487292533,0.666548290921157,2.39957384731616,3.26951351516131,105234.124443289,-198596.294605586,TRUE,FALSE,TRUE
15,196712,"p","2020-02-24 03:17:00",1162.45,TRUE,1162.36666666667,0.0833333333300743,FALSE,TRUE,199.964470317419,0.666548234417464,2.39957364390287,3.22321918770561,105107.908794421,-198752.407724766,TRUE,FALSE,TRUE
15,196712,"p","2020-02-24 03:22:00",1162.53333333333,TRUE,1162.45,0.0833333333298469,FALSE,TRUE,199.964453401528,0.666548178032978,2.39957344091872,3.19157599881832,104981.693145552,-198908.520843947,TRUE,FALSE,TRUE
15,196712,"p","2020-02-24 03:27:00",1162.61666666667,TRUE,1162.53333333333,0.0833333333400788,FALSE,TRUE,199.964436531453,0.666548121717558,2.39957323818321,2.83090043639674,104855.477496683,-199064.63396312,TRUE,FALSE,TRUE
15,196712,"p","2020-02-24 03:32:00",1162.7,TRUE,1162.61666666667,0.0833333333300743,FALSE,TRUE,199.964419715266,0.666548065743621,2.39957303667704,2.75004973235329,104729.261847815,-199220.747082304,TRUE,FALSE,TRUE
15,196712,"p","2020-02-24 03:37:00",1162.78333333333,TRUE,1162.7,0.0833333333298469,FALSE,TRUE,199.964402953985,0.666548009874503,2.39957283554821,2.65298534147032,104603.046198946,-199376.860201497,TRUE,FALSE,TRUE
15,196712,"p","2020-02-24 03:42:00",1162.86666666667,TRUE,1162.78333333333,0.0833333333400788,FALSE,TRUE,199.964386239823,0.666547954078791,2.39957263468365,2.55592099410766,104476.830550077,-199532.973320674,TRUE,FALSE,TRUE
15,196712,"p","2020-02-24 03:47:00",1162.95,TRUE,1162.86666666667,0.0833333333300743,FALSE,TRUE,199.96436957668,0.666547898615,2.399572435014,2.46141254215124,104350.614901209,-199689.086439848,TRUE,FALSE,TRUE
15,196712,"o","2020-02-24 03:51:00",1163.01666666667,TRUE,1162.95,0.0666666666700166,FALSE,TRUE,162.120710611122,0.675502960845732,2.43181065904464,2.44976730004744,104249.842220179,-199816.892607111,TRUE,FALSE,TRUE
15,196712,"p","2020-02-24 03:52:00",1163.03333333333,TRUE,1163.01666666667,0.0166666666598303,FALSE,TRUE,137.208788292152,2.28681313914054,8.23252730090596,2.60078862421005,104231.811502973,-199953.34557752,TRUE,FALSE,TRUE
15,196712,"p","2020-02-24 03:57:00",1163.11666666667,TRUE,1163.03333333333,0.0833333333400788,FALSE,TRUE,700.32892448959,2.33442974810967,8.40394709319483,2.74980381015228,104142.657107255,-200650.188788969,TRUE,FALSE,TRUE
15,196712,"o","2020-02-24 03:59:00",1163.15,TRUE,1163.11666666667,0.0333333333301198,FALSE,TRUE,278.226824126328,2.31855686794292,8.34680472459451,2.89365249884618,104106.514401564,-200926.937803005,TRUE,FALSE,TRUE
15,196712,"p","2020-02-24 04:02:00",1163.2,TRUE,1163.15,0.0499999999999545,FALSE,TRUE,224.781024474108,1.24878346930174,4.49562048948625,2.952709764106,103999.985839567,-201125.789470754,TRUE,FALSE,TRUE
15,196712,"o","2020-02-24 04:04:00",1163.23333333333,TRUE,1163.2,0.0333333333298924,FALSE,TRUE,148.1739264512,1.23478272055413,4.44521779399486,3.00953307219194,103928.820383856,-201256.363716451,TRUE,FALSE,TRUE
15,196712,"p","2020-02-24 04:07:00",1163.28333333333,TRUE,1163.23333333333,0.0499999999999545,FALSE,TRUE,150.705420638845,0.837252336883235,3.01410841277965,3.02660334796385,103841.02247941,-201379.562072561,TRUE,FALSE,TRUE
15,196712,"p","2020-02-24 04:12:00",1163.36666666667,TRUE,1163.28333333333,0.0833333333400788,FALSE,TRUE,250.10414184131,0.833680472736885,3.00124970185279,3.04331644336446,103694.983000704,-201583.779300928,TRUE,FALSE,TRUE
15,196712,"p","2020-02-24 04:17:00",1163.45,TRUE,1163.36666666667,0.0833333333300743,FALSE,TRUE,250.104118631334,0.833680395470382,3.00124942369338,3.06002953705088,103548.943521999,-201787.996529284,TRUE,FALSE,TRUE
15,196712,"o","2020-02-24 04:20:00",1163.5,TRUE,1163.45,0.0499999999999545,FALSE,TRUE,151.630141392139,0.842389674401537,3.03260282784553,3.07761356463258,103461.270817503,-201912.419454276,TRUE,FALSE,TRUE
15,196712,"p","2020-02-24 04:22:00",1163.53333333333,TRUE,1163.5,0.0333333333298924,FALSE,TRUE,228.008548750198,1.90007123978112,6.84025646321204,3.20096575474379,103399.26781601,-202132.610797646,TRUE,FALSE,TRUE
15,196712,"p","2020-02-24 04:27:00",1163.61666666667,TRUE,1163.53333333333,0.0833333333400788,FALSE,TRUE,574.596486859415,1.91532162270968,6.89515784175485,3.32584298910805,103244.137769089,-202687.820625984,TRUE,FALSE,TRUE
15,196712,"o","2020-02-24 04:28:00",1163.63333333333,TRUE,1163.61666666667,0.0166666666600577,FALSE,TRUE,112.991640290415,1.88319400558702,6.77949842011326,3.44750746770883,103212.048790759,-202796.547195267,TRUE,FALSE,TRUE
15,196712,"p","2020-02-24 04:32:00",1163.7,TRUE,1163.63333333333,0.0666666666700166,FALSE,TRUE,297.583939635796,1.23993308175351,4.46375909431265,3.50484585986853,102931.30018356,-202899.506340593,TRUE,FALSE,TRUE
15,196712,"p","2020-02-24 04:37:00",1163.78333333333,TRUE,1163.7,0.0833333333298469,FALSE,TRUE,372.239518943655,1.24079839653076,4.46687422751074,3.56227078941274,102579.035713364,-203025.311026744,TRUE,FALSE,TRUE
15,196712,"p","2020-02-24 04:42:00",1163.86666666667,TRUE,1163.78333333333,0.0833333333400788,FALSE,TRUE,372.239433643281,1.24079811204383,4.4668732033578,3.61969569640679,102226.771243169,-203151.115712883,TRUE,FALSE,TRUE
15,196712,"p","2020-02-24 04:47:00",1163.95,TRUE,1163.86666666667,0.0833333333300743,FALSE,TRUE,372.239348680752,1.24079782898437,4.46687218434372,3.67712058098464,101874.506772974,-203276.920399028,TRUE,FALSE,TRUE
15,196712,"p","2020-02-24 04:52:00",1164.03333333333,TRUE,1163.95,0.0833333333298469,FALSE,TRUE,372.23926405382,1.24079754689798,4.46687116883272,3.73454544320959,101522.242302779,-203402.725085172,TRUE,FALSE,TRUE
15,196712,"p","2020-02-24 04:57:00",1164.11666666667,TRUE,1164.03333333333,0.0833333333400788,FALSE,TRUE,372.239179765654,1.24079726578508,4.46687015682627,3.79197028316914,101169.977832584,-203528.529771311,TRUE,FALSE,TRUE
15,196712,"p","2020-02-24 05:02:00",1164.2,TRUE,1164.11666666667,0.0833333333300743,FALSE,TRUE,372.239095813959,1.24079698609506,4.46686914994221,3.84939510099824,100817.713362388,-203654.334457466,TRUE,FALSE,TRUE
15,196712,"p","2020-02-24 05:07:00",1164.28333333333,TRUE,1164.2,0.0833333333298469,FALSE,TRUE,372.239012199515,1.24079670738363,4.46686814658106,3.90681989675981,100465.448892192,-203780.1391436,TRUE,FALSE,TRUE
15,196712,"p","2020-02-24 05:12:00",1164.36666666667,TRUE,1164.28333333333,0.0833333333400788,FALSE,TRUE,372.238928920116,1.24079642963329,4.46686714667983,3.96424467054137,100113.184421997,-203905.943829749,TRUE,FALSE,TRUE
15,196712,"p","2020-02-24 05:17:00",1164.45,TRUE,1164.36666666667,0.0833333333300743,FALSE,TRUE,372.238845976484,1.24079615330347,4.4668661518925,4.02166942247547,99760.9199518027,-204031.748515891,TRUE,FALSE,TRUE
15,196712,"p","2020-02-24 05:22:00",1164.53333333333,TRUE,1164.45,0.0833333333298469,FALSE,TRUE,372.238763374807,1.24079587796794,4.46686516068457,4.07909415262928,99408.6554816069,-204157.553202035,TRUE,FALSE,TRUE
15,196712,"p","2020-02-24 05:27:00",1164.61666666667,TRUE,1164.53333333333,0.0833333333400788,FALSE,TRUE,372.238681104916,1.24079560358262,4.46686417289743,4.13651886108787,99056.3910114118,-204283.357888181,TRUE,FALSE,TRUE
15,196712,"p","2020-02-24 05:32:00",1164.7,TRUE,1164.61666666667,0.0833333333300743,FALSE,TRUE,372.238599172973,1.2407953306251,4.46686319025036,4.19394354798426,98704.1265412167,-204409.162574326,TRUE,FALSE,TRUE
15,196712,"p","2020-02-24 05:37:00",1164.78333333333,TRUE,1164.7,0.0833333333298469,FALSE,TRUE,372.238517584402,1.24079505866659,4.46686221119971,4.25136821338518,98351.8620710159,-204534.967260473,TRUE,FALSE,TRUE
15,196712,"o","2020-02-24 05:38:00",1164.8,TRUE,1164.78333333333,0.0166666666700621,FALSE,TRUE,74.8618065194023,1.24769677506918,4.49170839024906,4.30948305611881,98280.8371479894,-204559.759747459,TRUE,FALSE,TRUE
15,196712,"p","2020-02-24 05:42:00",1164.86666666667,TRUE,1164.8,0.0666666666700166,FALSE,TRUE,367.181655461877,1.52992356434761,5.50772483165139,4.39582058346145,97914.7284389093,-204606.106775058,TRUE,FALSE,TRUE
15,196712,"o","2020-02-24 05:46:00",1164.93333333333,TRUE,1164.86666666667,0.0666666666600122,FALSE,TRUE,366.798456070049,1.52832690044443,5.50197684159993,4.48199845006415,97548.9804875614,-204652.237784904,TRUE,FALSE,TRUE
15,196712,"p","2020-02-24 05:47:00",1164.95,TRUE,1164.93333333333,0.0166666666700621,FALSE,TRUE,60.1464623658355,1.00244103922637,3.60878774121493,4.51558773618349,97490.9757747815,-204669.233913618,TRUE,FALSE,TRUE
15,196712,"p","2020-02-24 05:52:00",1165.03333333333,TRUE,1164.95,0.0833333333298469,FALSE,TRUE,296.500610529529,0.988335368473111,3.5580073265032,4.54776646085904,97205.6161444578,-204754.976719645,TRUE,FALSE,TRUE
15,196712,"p","2020-02-24 05:57:00",1165.11666666667,TRUE,1165.03333333333,0.0833333333400788,FALSE,TRUE,296.500558541792,0.988335195059307,3.5580067022135,4.57994517379061,96920.2565141197,-204840.719525666,TRUE,FALSE,TRUE
15,196712,"o","2020-02-24 05:58:00",1165.13333333333,TRUE,1165.11666666667,0.0166666666600577,FALSE,TRUE,61.8724692231388,1.03120782079456,3.71234815486042,4.61641115488262,96860.5180919584,-204857.966477904,TRUE,FALSE,TRUE
15,196712,"p","2020-02-24 06:02:00",1165.2,TRUE,1165.13333333333,0.0666666666700166,FALSE,TRUE,623.629026868831,2.59845427848956,9.35443540256241,4.80960178732369,96239.2818118737,-204941.060130438,TRUE,FALSE,TRUE
15,196712,"p","2020-02-24 06:07:00",1165.28333333333,TRUE,1165.2,0.0833333333298469,FALSE,TRUE,779.300744693136,2.5976691490858,9.35160893670888,5.00271391237077,95462.9269542639,-205044.568647325,TRUE,FALSE,TRUE
15,196712,"p","2020-02-24 06:12:00",1165.36666666667,TRUE,1165.28333333333,0.0833333333400788,FALSE,TRUE,130.151759690064,0.433839198931762,1.56182111615434,4.97854753617938,95333.0014796956,-205059.736004083,TRUE,FALSE,TRUE
15,196712,"p","2020-02-24 06:17:00",1165.45,TRUE,1165.36666666667,0.0833333333300743,FALSE,TRUE,126.613901823844,0.422046339429319,1.51936682194555,4.79207085620825,95206.5996177796,-205074.42182327,TRUE,FALSE,TRUE
15,196712,"p","2020-02-24 06:22:00",1165.53333333333,TRUE,1165.45,0.0833333333298469,FALSE,TRUE,126.613892049183,0.422046306848266,1.51936670465376,4.60083251208211,95080.1977558631,-205089.107642466,TRUE,FALSE,TRUE
15,196712,"p","2020-02-24 06:27:00",1165.61666666667,TRUE,1165.53333333333,0.0833333333400788,FALSE,TRUE,126.613882286823,0.422046274255247,1.51936658731889,4.41118145271335,94953.7958939472,-205103.793461651,TRUE,FALSE,TRUE
15,196712,"p","2020-02-24 06:32:00",1165.7,TRUE,1165.61666666667,0.0833333333300743,FALSE,TRUE,126.613872538476,0.422046241811424,1.51936647052113,4.32850772996431,94827.3940320312,-205118.479280846,TRUE,FALSE,TRUE
15,196712,"p","2020-02-24 06:37:00",1165.78333333333,TRUE,1165.7,0.0833333333298469,FALSE,TRUE,126.613862813578,0.42204620939625,1.5193663538265,4.24723407884853,94700.9921701048,-205133.165100038,TRUE,FALSE,TRUE
15,196712,"o","2020-02-24 06:38:00",1165.8,TRUE,1165.78333333333,0.0166666666700621,FALSE,TRUE,26.4584203525574,0.440973672452786,1.58750522083003,4.20760621240548,94674.5776147829,-205136.230245496,TRUE,FALSE,TRUE
15,196712,"p","2020-02-24 06:42:00",1165.86666666667,TRUE,1165.8,0.0666666666700166,FALSE,TRUE,268.646663360832,1.11936109728055,4.02969995020998,4.23617427485985,94406.3170955476,-205166.838930344,TRUE,FALSE,TRUE
15,196712,"p","2020-02-24 06:47:00",1165.95,TRUE,1165.86666666667,0.0833333333300743,FALSE,TRUE,337.22783485573,1.1240927828964,4.04673401842702,4.26521551360245,94069.5737178178,-205205.259763424,TRUE,FALSE,TRUE
15,196712,"p","2020-02-24 06:52:00",1166.03333333333,TRUE,1165.95,0.0833333333298469,FALSE,TRUE,337.227766331833,1.12409255448647,4.0467331961513,4.29338580161094,93732.830340087,-205243.680596506,TRUE,FALSE,TRUE
15,196712,"p","2020-02-24 06:57:00",1166.11666666667,TRUE,1166.03333333333,0.0833333333400788,FALSE,TRUE,337.227698057034,1.12409232676579,4.04673237635684,4.21578791030941,93396.086962357,-205282.101429591,TRUE,FALSE,TRUE
15,196712,"p","2020-02-24 07:02:00",1166.2,TRUE,1166.11666666667,0.0833333333300743,FALSE,TRUE,337.227630034621,1.12409210015936,4.04673156057371,4.13666495805438,93059.3435846272,-205320.522262668,TRUE,FALSE,TRUE
15,196712,"p","2020-02-24 07:07:00",1166.28333333333,TRUE,1166.2,0.0833333333298469,FALSE,TRUE,337.227562262924,1.12409187425678,4.04673074732439,4.06075474492135,92722.6002068965,-205358.943095746,TRUE,FALSE,TRUE
15,196712,"p","2020-02-24 07:12:00",1166.36666666667,TRUE,1166.28333333333,0.0833333333400788,FALSE,TRUE,337.227494741498,1.12409164904734,4.04672993657042,4.04917060165074,92385.8568291668,-205397.36392883,TRUE,FALSE,TRUE
15,196712,"o","2020-02-24 07:14:00",1166.4,TRUE,1166.36666666667,0.0333333333301198,FALSE,TRUE,130.104236604901,1.08420197181203,3.90312709852331,4.03351095917886,92255.7388496859,-205410.313943353,TRUE,FALSE,TRUE
15,196712,"p","2020-02-24 07:17:00",1166.45,TRUE,1166.4,0.0499999999999545,FALSE,TRUE,387.061515101051,2.15034175056335,7.74123030202806,4.12446532303081,92558.677786305,-205166.689115592,TRUE,FALSE,TRUE
15,196712,"o","2020-02-24 07:18:00",1166.46666666667,TRUE,1166.45,0.0166666666700621,FALSE,TRUE,125.698194257914,2.09496990387176,7.54189165393834,4.20988253051955,92655.9034473507,-205086.163816734,TRUE,FALSE,TRUE
15,196712,"p","2020-02-24 07:22:00",1166.53333333333,TRUE,1166.46666666667,0.0666666666597848,FALSE,TRUE,381.969726304312,1.59154052643226,5.72954589515612,4.24495682847298,92287.7748154854,-204977.545261459,TRUE,FALSE,TRUE
15,196712,"p","2020-02-24 07:27:00",1166.61666666667,TRUE,1166.53333333333,0.0833333333400788,FALSE,TRUE,484.174488019877,1.61391495993562,5.81009385576823,4.28226859788804,91820.255968245,-204842.898524235,TRUE,FALSE,TRUE
15,196712,"p","2020-02-24 07:32:00",1166.7,TRUE,1166.61666666667,0.0833333333300743,FALSE,TRUE,660.582140430526,2.20194046818787,7.92698568547633,4.37838294609732,91213.7679234121,-204573.430157032,TRUE,FALSE,TRUE
15,196712,"p","2020-02-24 07:37:00",1166.78333333333,TRUE,1166.7,0.0833333333298469,FALSE,TRUE,661.568622862129,2.20522874296602,7.93882347467769,4.47482614965556,90606.5223733998,-204303.226892586,TRUE,FALSE,TRUE
15,196712,"o","2020-02-24 07:38:00",1166.8,TRUE,1166.78333333333,0.0166666666700621,FALSE,TRUE,127.366181193626,2.12276968612797,7.64197087006071,4.56302347530503,90488.2854981037,-204254.289256547,TRUE,FALSE,TRUE
15,196712,"p","2020-02-24 07:42:00",1166.86666666667,TRUE,1166.8,0.0666666666700166,FALSE,TRUE,534.345416970608,2.22643923726566,8.01518125415636,4.66158778370124,90475.860482253,-204790.133448753,TRUE,FALSE,TRUE
15,196712,"o","2020-02-24 07:43:00",1166.88333333333,TRUE,1166.86666666667,0.0166666666600577,FALSE,TRUE,131.309795707089,2.18849659598597,7.87858774554949,4.75635785550305,90471.6710756919,-204921.780623417,TRUE,FALSE,TRUE
15,196712,"p","2020-02-24 07:47:00",1166.95,TRUE,1166.88333333333,0.0666666666700166,FALSE,TRUE,285.978662459919,1.19157776018979,4.28967993668324,4.75143607116376,90184.4965005799,-204933.741847052,TRUE,FALSE,TRUE
15,196712,"p","2020-02-24 07:52:00",1167.03333333333,TRUE,1166.95,0.0833333333298469,FALSE,TRUE,359.660389209829,1.19886796408292,4.31592467069851,4.74724333450955,89823.1705175579,-204944.20634202,TRUE,FALSE,TRUE
15,196712,"p","2020-02-24 07:57:00",1167.11666666667,TRUE,1167.03333333333,0.0833333333400788,FALSE,TRUE,359.660313765951,1.19886771245613,4.31592376484206,4.7430505998885,89461.8445345366,-204954.670836987,TRUE,FALSE,TRUE
15,196712,"p","2020-02-24 08:02:00",1167.2,TRUE,1167.11666666667,0.0833333333300743,FALSE,TRUE,359.66023862766,1.19886746213909,4.31592286370071,4.73816766859549,89100.5185515154,-204965.135331956,TRUE,FALSE,TRUE
15,196712,"p","2020-02-24 08:07:00",1167.28333333333,TRUE,1167.2,0.0833333333298469,FALSE,TRUE,359.660163794873,1.19886721269973,4.31592196571903,4.7050620334307,88739.1925684934,-204975.599826915,TRUE,FALSE,TRUE
15,196712,"o","2020-02-24 08:11:00",1167.35,TRUE,1167.28333333333,0.0666666666700166,FALSE,TRUE,287.754721335356,1.19897800550374,4.31632081981345,4.67212714393663,88450.0903959299,-204983.450058056,TRUE,FALSE,TRUE
15,196712,"p","2020-02-24 08:12:00",1167.36666666667,TRUE,1167.35,0.0166666666700621,FALSE,TRUE,75.2610969723389,1.2543516159501,4.51566581742037,4.69731820160901,88376.3315201007,-204966.726230299,TRUE,FALSE,TRUE
15,196712,"p","2020-02-24 08:17:00",1167.45,TRUE,1167.36666666667,0.0833333333300743,FALSE,TRUE,377.090579650182,1.2569685988831,4.52508695597915,4.72418152465001,88007.3302102243,-204880.500267325,TRUE,FALSE,TRUE
15,196712,"p","2020-02-24 08:22:00",1167.53333333333,TRUE,1167.45,0.0833333333298469,FALSE,TRUE,377.090498678009,1.25696832897929,4.52508598432543,4.751044838042,87638.3289003463,-204794.274304357,TRUE,FALSE,TRUE
15,196712,"p","2020-02-24 08:27:00",1167.61666666667,TRUE,1167.53333333333,0.0833333333400788,FALSE,TRUE,377.090418053896,1.25696806007791,4.52508501628047,4.77362086197034,87269.3275904695,-204708.048341388,TRUE,FALSE,TRUE
15,196712,"p","2020-02-24 08:32:00",1167.7,TRUE,1167.61666666667,0.0833333333300743,FALSE,TRUE,377.090337780581,1.25696779265109,4.52508405354394,4.63947221338649,86900.3262805929,-204621.822378408,TRUE,FALSE,TRUE
15,196712,"p","2020-02-24 08:37:00",1167.78333333333,TRUE,1167.7,0.0833333333298469,FALSE,TRUE,377.090257859708,1.25696752625161,4.52508309450581,4.50540205110307,86531.3249707149,-204535.596415434,TRUE,FALSE,TRUE
15,196712,"p","2020-02-24 08:42:00",1167.86666666667,TRUE,1167.78333333333,0.0833333333400788,FALSE,TRUE,377.090178286775,1.25696726085417,4.52508213907502,4.58771485729532,86162.3236608378,-204449.370452476,TRUE,FALSE,TRUE
15,196712,"p","2020-02-24 08:47:00",1167.95,TRUE,1167.86666666667,0.0833333333300743,FALSE,TRUE,377.090099066787,1.25696699693845,4.52508118897842,4.67120692304623,85793.3223509613,-204363.144489494,TRUE,FALSE,TRUE
15,196712,"p","2020-02-24 08:52:00",1168.03333333333,TRUE,1167.95,0.0833333333298469,FALSE,TRUE,377.09002019796,1.25696673404579,4.52508024256483,4.75469896576598,85424.3210410832,-204276.918526523,TRUE,FALSE,TRUE
15,196712,"o","2020-02-24 08:54:00",1168.06666666667,TRUE,1168.03333333333,0.0333333333401242,FALSE,TRUE,148.102650330367,1.23418875250162,4.44307950900583,4.83591321359062,85279.654609812,-204241.966621166,TRUE,FALSE,TRUE
15,196712,"p","2020-02-24 08:57:00",1168.11666666667,TRUE,1168.06666666667,0.0499999999999545,FALSE,TRUE,142.425560922064,0.791253116234406,2.84851121844386,4.87283390103292,85381.0300183673,-204141.087850687,TRUE,FALSE,TRUE
15,196712,"p","2020-02-24 09:02:00",1168.2,TRUE,1168.11666666667,0.0833333333300743,FALSE,TRUE,153.873746944147,0.512912489833882,1.84648496340197,4.88192052907668,85412.756934026,-204292.145397124,TRUE,FALSE,TRUE
15,196712,"o","2020-02-24 09:04:00",1168.23333333333,TRUE,1168.2,0.0333333333298924,FALSE,TRUE,59.441784903682,0.495348207581817,1.78325354729454,4.88735798258958,85421.405532637,-204351.139976627,TRUE,FALSE,TRUE
15,196712,"p","2020-02-24 09:07:00",1168.28333333333,TRUE,1168.23333333333,0.0499999999999545,FALSE,TRUE,416.127689171893,2.31182049540151,8.32255378344543,5.00660392240168,85028.52570493,-204208.0952428,TRUE,FALSE,TRUE
15,196712,"p","2020-02-24 09:12:00",1168.36666666667,TRUE,1168.28333333333,0.0833333333400788,FALSE,TRUE,700.572261841657,2.3352408726165,8.40686714141939,5.12771873137369,84367.5073910583,-203966.139677617,TRUE,FALSE,TRUE
15,196712,"o","2020-02-24 09:16:00",1168.43333333333,TRUE,1168.36666666667,0.0666666666600122,FALSE,TRUE,553.090340758322,2.30454308672304,8.29635511220295,5.24576378459735,83845.5808533033,-203775.291705432,TRUE,FALSE,TRUE
15,196712,"p","2020-02-24 09:17:00",1168.45,TRUE,1168.43333333333,0.0166666666700621,FALSE,TRUE,125.954036928019,2.09923394837265,7.55724221414154,5.34327794675803,83961.978053439,-203824.941845404,TRUE,FALSE,TRUE
15,196712,"o","2020-02-24 09:18:00",1168.46666666667,TRUE,1168.45,0.0166666666700621,FALSE,TRUE,127.677481341017,2.12795802191676,7.66064887890034,5.44366453893377,84080.0548968028,-203875.067834166,TRUE,FALSE,TRUE
15,196712,"p","2020-02-24 09:22:00",1168.53333333333,TRUE,1168.46666666667,0.0666666666597848,FALSE,TRUE,298.395054373674,1.24331272668532,4.47592581606715,5.45558662417663,83805.64922343,-203754.343387795,TRUE,FALSE,TRUE
15,196712,"p","2020-02-24 09:27:00",1168.61666666667,TRUE,1168.53333333333,0.0833333333400788,FALSE,TRUE,380.047961104419,1.26682653691219,4.56057553288388,5.46986011296311,83456.1315441012,-203600.637040878,TRUE,FALSE,TRUE
15,196712,"p","2020-02-24 09:32:00",1168.7,TRUE,1168.61666666667,0.0833333333300743,FALSE,TRUE,380.047886922702,1.26682628979188,4.56057464325078,5.4881225447611,83106.6138647726,-203446.930693963,TRUE,FALSE,TRUE
15,196712,"p","2020-02-24 09:37:00",1168.78333333333,TRUE,1168.7,0.0833333333298469,FALSE,TRUE,380.047813101217,1.26682604372372,4.5605737574054,5.39977097407713,82757.0961854427,-203293.224347055,TRUE,FALSE,TRUE
15,196712,"p","2020-02-24 09:42:00",1168.86666666667,TRUE,1168.78333333333,0.0833333333400788,FALSE,TRUE,380.047739635425,1.26682579868221,4.56057287525595,5.31695656355818,82407.5785061141,-203139.51800014,TRUE,FALSE,TRUE
15,196712,"p","2020-02-24 09:47:00",1168.95,TRUE,1168.86666666667,0.0833333333300743,FALSE,TRUE,380.047666528056,1.26682555514306,4.56057199851503,5.28448506642926,82058.0608267853,-202985.811653235,TRUE,FALSE,TRUE
15,196712,"p","2020-02-24 09:52:00",1169.03333333333,TRUE,1168.95,0.0833333333298469,FALSE,TRUE,380.047593782347,1.26682531266082,4.56057112557897,5.24977610170178,81708.5431474554,-202832.105306327,TRUE,FALSE,TRUE
15,196712,"o","2020-02-24 09:56:00",1169.1,TRUE,1169.03333333333,0.0666666666700166,FALSE,TRUE,302.021541514479,1.25842308958043,4.53032312248954,5.15542436384103,81430.5572372966,-202710.469388793,TRUE,FALSE,TRUE
15,196712,"p","2020-02-24 09:57:00",1169.11666666667,TRUE,1169.1,0.0166666666700621,FALSE,TRUE,20.4406342136955,0.34067723682552,1.22643805257187,4.96896921322698,81419.418733927,-202727.699211988,TRUE,FALSE,TRUE
15,196712,"p","2020-02-24 10:02:00",1169.2,TRUE,1169.11666666667,0.0833333333300743,FALSE,TRUE,103.901276163443,0.346337587225022,1.24681531401008,4.79132600333669,81371.8673835142,-202820.49412788,TRUE,FALSE,TRUE
15,196712,"p","2020-02-24 10:07:00",1169.28333333333,TRUE,1169.2,0.0833333333298469,FALSE,TRUE,103.901273869243,0.346337579578632,1.24681528648307,4.60331583756799,81324.316033102,-202913.289043785,TRUE,FALSE,TRUE
15,196712,"o","2020-02-24 10:08:00",1169.3,TRUE,1169.28333333333,0.0166666666700621,FALSE,TRUE,20.4716062593118,0.341193437585686,1.22829637530847,4.41858552172796,81313.2866983143,-202930.625481117,TRUE,FALSE,TRUE
15,196712,"p","2020-02-24 10:12:00",1169.36666666667,TRUE,1169.3,0.0666666666700166,FALSE,TRUE,281.181823734953,1.1715909321701,4.21772735581235,4.41658683892599,81051.3884316712,-202824.700772746,TRUE,FALSE,TRUE
15,196712,"p","2020-02-24 10:17:00",1169.45,TRUE,1169.36666666667,0.0833333333300743,FALSE,TRUE,353.801299899148,1.17933766637662,4.24561559895582,4.41463380915536,80722.116767465,-202690.766704971,TRUE,FALSE,TRUE
15,196712,"p","2020-02-24 10:22:00",1169.53333333333,TRUE,1169.45,0.0833333333298469,FALSE,TRUE,353.8012373242,1.17933745779667,4.24561484806802,4.41268078368941,80392.8451032579,-202556.832637194,TRUE,FALSE,TRUE
15,196712,"p","2020-02-24 10:27:00",1169.61666666667,TRUE,1169.53333333333,0.0833333333400788,FALSE,TRUE,353.801175037742,1.17933725003035,4.24561410010925,4.41072776247854,80063.5734390518,-202422.898569418,TRUE,FALSE,TRUE
15,196712,"o","2020-02-24 10:30:00",1169.66666666667,TRUE,1169.61666666667,0.0499999999999545,FALSE,TRUE,211.635951139596,1.17575528410994,4.23271902279577,4.40841656961956,79866.587863917,-202342.837543996,TRUE,FALSE,TRUE
15,196712,"p","2020-02-24 10:32:00",1169.7,TRUE,1169.66666666667,0.0333333333301198,FALSE,TRUE,94.4379844016392,0.786983203422863,2.83313953232231,4.36721708941147,79777.1365260595,-202311.175894476,TRUE,FALSE,TRUE
15,196712,"p","2020-02-24 10:37:00",1169.78333333333,TRUE,1169.7,0.0833333333298469,FALSE,TRUE,234.491813945795,0.781639379852019,2.81390176746727,4.31994586580166,79554.9517398884,-202232.770308788,TRUE,FALSE,TRUE
15,196712,"p","2020-02-24 10:42:00",1169.86666666667,TRUE,1169.78333333333,0.0833333333400788,FALSE,TRUE,234.491786498129,0.781639288263827,2.81390143774978,4.27241293473974,79332.7669537178,-202154.364723095,TRUE,FALSE,TRUE
15,196712,"o","2020-02-24 10:45:00",1169.91666666667,TRUE,1169.86666666667,0.0499999999999545,FALSE,TRUE,142.610395352886,0.792279974183418,2.85220790706031,4.22594409926015,79197.9098014908,-202105.929937271,TRUE,FALSE,TRUE
15,196712,"p","2020-02-24 10:47:00",1169.95,TRUE,1169.91666666667,0.0333333333301198,FALSE,TRUE,240.932569947357,2.00777141642154,7.22797709911753,4.30102443489451,78995.8751038302,-201972.738956316,TRUE,FALSE,TRUE
15,196712,"p","2020-02-24 10:52:00",1170.03333333333,TRUE,1169.95,0.0833333333298469,FALSE,TRUE,607.452938842091,2.02484312955835,7.28943526641006,4.37781196858524,78486.9226583634,-201636.282917867,TRUE,FALSE,TRUE
15,196712,"p","2020-02-24 10:57:00",1170.11666666667,TRUE,1170.03333333333,0.0833333333400788,FALSE,TRUE,605.695877875306,2.01898625942093,7.26835053391534,4.45401384190217,77979.5257748559,-201300.67415466,TRUE,FALSE,TRUE
15,196712,"p","2020-02-24 11:02:00",1170.2,TRUE,1170.11666666667,0.0833333333300743,FALSE,TRUE,284.734260488296,0.949114201664773,3.41681112599318,4.42322853598323,77757.5067282817,-201120.5034765,TRUE,FALSE,TRUE
15,196712,"p","2020-02-24 11:07:00",1170.28333333333,TRUE,1170.2,0.0833333333298469,FALSE,TRUE,283.000531654587,0.943335105554758,3.39600637999713,4.39186534684486,77537.0432436652,-200941.180073558,TRUE,FALSE,TRUE
15,196712,"p","2020-02-24 11:12:00",1170.36666666667,TRUE,1170.28333333333,0.0833333333400788,FALSE,TRUE,283.000499259062,0.94333499745385,3.39600599083386,4.36050217318567,77316.5797590497,-200761.856670606,TRUE,FALSE,TRUE
15,196712,"p","2020-02-24 11:17:00",1170.45,TRUE,1170.36666666667,0.0833333333300743,FALSE,TRUE,283.000467012496,0.943334890078545,3.39600560428276,4.33141678694336,77096.1162744338,-200582.533267671,TRUE,FALSE,TRUE
15,196712,"p","2020-02-24 11:22:00",1170.53333333333,TRUE,1170.45,0.0833333333298469,FALSE,TRUE,283.000434910413,0.943334783074177,3.39600521906704,4.34662495362734,76875.652789817,-200403.209864738,TRUE,FALSE,TRUE
15,196712,"p","2020-02-24 11:27:00",1170.61666666667,TRUE,1170.53333333333,0.0833333333400788,FALSE,TRUE,283.000402958419,0.943334676451706,3.39600483522614,4.38966717228912,76655.1893052014,-200223.886461794,TRUE,FALSE,TRUE
15,196712,"o","2020-02-24 11:32:00",1170.7,TRUE,1170.61666666667,0.0833333333300743,FALSE,TRUE,282.187610340921,0.940625367839855,3.38625132422348,4.43419488831492,76435.4471628947,-200044.970138951,TRUE,FALSE,TRUE
15,196712,"p","2020-02-24 11:37:00",1170.78333333333,TRUE,1170.7,0.0833333333298469,FALSE,TRUE,135.516509276453,0.451721697607075,1.62619811138547,4.24818500853548,76348.0399024937,-199940.735276281,TRUE,FALSE,TRUE
15,196712,"p","2020-02-24 11:42:00",1170.86666666667,TRUE,1170.78333333333,0.0833333333400788,FALSE,TRUE,134.744896240441,0.449149654098447,1.61693875475441,4.05957588668367,76261.3539844025,-199836.907493711,TRUE,FALSE,TRUE
15,196712,"p","2020-02-24 11:47:00",1170.95,TRUE,1170.86666666667,0.0833333333300743,FALSE,TRUE,134.744890318439,0.449149634412361,1.6169386838845,3.87403654145261,76174.6680662928,-199733.07971114,TRUE,FALSE,TRUE
15,196712,"o","2020-02-24 11:48:00",1170.96666666667,TRUE,1170.95,0.0166666666700621,FALSE,TRUE,29.0474407453496,0.484124012323864,1.74284644436591,3.71252554784773,76155.2564719165,-199711.319963673,TRUE,FALSE,TRUE
15,196712,"p","2020-02-24 11:52:00",1171.03333333333,TRUE,1170.96666666667,0.0666666666597848,FALSE,TRUE,437.784425653521,1.82410177374464,6.56676638548069,3.68213992303051,75780.2119016663,-199481.748648251,TRUE,FALSE,TRUE
15,196712,"p","2020-02-24 11:57:00",1171.11666666667,TRUE,1171.03333333333,0.0833333333400788,FALSE,TRUE,550.077695056174,1.83359231670549,6.60093234013978,3.74116788203253,75308.8131753828,-199193.541765279,TRUE,FALSE,TRUE
15,196712,"p","2020-02-24 12:02:00",1171.2,TRUE,1171.11666666667,0.0833333333300743,FALSE,TRUE,550.077566816162,1.83359188945891,6.60093080205209,3.79784441728721,74837.4144490996,-198905.334882309,TRUE,FALSE,TRUE
15,196712,"p","2020-02-24 12:07:00",1171.28333333333,TRUE,1171.2,0.0833333333298469,FALSE,TRUE,550.077439662393,1.83359146561802,6.60092927622488,3.85452093486982,74366.0157228152,-198617.127999338,TRUE,FALSE,TRUE
15,196712,"p","2020-02-24 12:12:00",1171.36666666667,TRUE,1171.28333333333,0.0833333333400788,FALSE,TRUE,550.07731358875,1.83359104514741,6.60092776253069,3.91119743501219,73894.6169965318,-198328.921116378,TRUE,FALSE,TRUE
15,196712,"p","2020-02-24 12:17:00",1171.45,TRUE,1171.36666666667,0.0833333333300743,FALSE,TRUE,550.077188586314,1.83359062869276,6.60092626329392,3.96787391801324,73423.218270253,-198040.71423343,TRUE,FALSE,TRUE
15,196712,"o","2020-02-24 12:18:00",1171.46666666667,TRUE,1171.45,0.0166666666700621,FALSE,TRUE,108.302555838221,1.80504259693595,6.4981533489694,4.02169562219253,73329.4372247779,-197985.58009937,TRUE,FALSE,TRUE
15,196712,"p","2020-02-24 12:22:00",1171.53333333333,TRUE,1171.46666666667,0.0666666666597848,FALSE,TRUE,332.317935028328,1.38465806276097,4.98476902593949,4.03347889720255,73025.809208017,-198124.494746377,TRUE,FALSE,TRUE
15,196712,"p","2020-02-24 12:27:00",1171.61666666667,TRUE,1171.53333333333,0.0833333333400788,FALSE,TRUE,414.574119820529,1.38191373262324,4.97488943744365,4.04582796150683,72646.9744478816,-198297.680868192,TRUE,FALSE,TRUE
15,196712,"p","2020-02-24 12:32:00",1171.7,TRUE,1171.61666666667,0.0833333333300743,FALSE,TRUE,605.112270136388,2.01704090053351,7.26134724192064,4.21346432787763,72282.2449334919,-197812.030907641,TRUE,FALSE,TRUE
15,196712,"p","2020-02-24 12:37:00",1171.78333333333,TRUE,1171.7,0.0833333333298469,FALSE,TRUE,607.935265179811,2.02645088401748,7.29522318246294,4.38147565755687,71917.5923051828,-197322.789706948,TRUE,FALSE,TRUE
15,196712,"p","2020-02-24 12:42:00",1171.86666666667,TRUE,1171.78333333333,0.0833333333400788,FALSE,TRUE,605.933001883367,2.01977667278106,7.27119602201183,4.54881956687711,71553.6523233228,-196835.522681143,TRUE,FALSE,TRUE
15,196712,"p","2020-02-24 12:47:00",1171.95,TRUE,1171.86666666667,0.0833333333300743,FALSE,TRUE,263.435361531515,0.878117871806058,3.16122433850181,4.60251201029915,71320.4519116457,-196710.430725531,TRUE,FALSE,TRUE
15,196712,"p","2020-02-24 12:52:00",1172.03333333333,TRUE,1171.95,0.0833333333298469,FALSE,TRUE,261.882532947556,0.872941776528373,3.14259039550214,4.57264709473498,71087.9641464157,-196587.312944816,TRUE,FALSE,TRUE
15,196712,"p","2020-02-24 12:57:00",1172.11666666667,TRUE,1172.03333333333,0.0833333333400788,FALSE,TRUE,261.882505073368,0.872941683507233,3.14259006062604,4.54200749644804,70855.4763811865,-196464.195164101,TRUE,FALSE,TRUE
15,196712,"p","2020-02-24 13:02:00",1172.2,TRUE,1172.11666666667,0.0833333333300743,FALSE,TRUE,261.882477319413,0.872941591098849,3.14258972795586,4.51136790977826,70622.9886159573,-196341.077383386,TRUE,FALSE,TRUE
15,196712,"p","2020-02-24 13:07:00",1172.28333333333,TRUE,1172.2,0.0833333333298469,FALSE,TRUE,261.882449679922,0.872941498969594,3.14258939629054,4.48072833467218,70390.5008507273,-196217.959602672,TRUE,FALSE,TRUE
15,196712,"p","2020-02-24 13:12:00",1172.36666666667,TRUE,1172.28333333333,0.0833333333400788,FALSE,TRUE,261.882422154305,0.872941407110358,3.14258906559729,4.45044694697223,70158.0130855082,-196094.841821941,TRUE,FALSE,TRUE
15,196712,"o","2020-02-24 13:13:00",1172.38333333333,TRUE,1172.36666666667,0.0166666666600577,FALSE,TRUE,51.6591642839454,0.860986071740505,3.09954985826582,4.45784723380399,70112.6413651439,-196069.657345274,TRUE,FALSE,TRUE
15,196712,"p","2020-02-24 13:17:00",1172.45,TRUE,1172.38333333333,0.0666666666700166,FALSE,TRUE,181.706244037621,0.75710935011871,2.72559366042736,4.45539423083066,70092.5596459706,-195888.50298733,TRUE,FALSE,TRUE
15,196712,"p","2020-02-24 13:22:00",1172.53333333333,TRUE,1172.45,0.0833333333298469,FALSE,TRUE,227.678162888055,0.758927209658599,2.73213795477096,4.45312302297014,70068.8647878693,-195661.358889232,TRUE,FALSE,TRUE
15,196712,"p","2020-02-24 13:27:00",1172.61666666667,TRUE,1172.53333333333,0.0833333333400788,FALSE,TRUE,227.678161321976,0.758927204345155,2.73213793564256,4.44978774598631,70045.1699297681,-195434.214791127,TRUE,FALSE,TRUE
15,196712,"p","2020-02-24 13:32:00",1172.7,TRUE,1172.61666666667,0.0833333333300743,FALSE,TRUE,227.678159835218,0.758927199480409,2.73213791812947,4.3249033242922,70021.4750716665,-195207.070693028,TRUE,FALSE,TRUE
15,196712,"p","2020-02-24 13:37:00",1172.78333333333,TRUE,1172.7,0.0833333333298469,FALSE,TRUE,227.678158423457,0.758927194776607,2.73213790119579,4.19831173081402,69997.7802135654,-194979.926594925,TRUE,FALSE,TRUE
15,196712,"p","2020-02-24 13:42:00",1172.86666666667,TRUE,1172.78333333333,0.0833333333400788,FALSE,TRUE,227.678157088191,0.75892719023254,2.73213788483714,4.07230582389518,69974.0853554642,-194752.782496827,TRUE,FALSE,TRUE
15,196712,"p","2020-02-24 13:47:00",1172.95,TRUE,1172.86666666667,0.0833333333300743,FALSE,TRUE,227.678155826607,0.75892718611837,2.73213787002613,4.05328712234054,69950.3904973628,-194525.638398722,TRUE,FALSE,TRUE
15,196712,"p","2020-02-24 13:52:00",1173.03333333333,TRUE,1172.95,0.0833333333298469,FALSE,TRUE,227.678154638606,0.758927182160438,2.73213785577758,4.03484633000111,69926.6956392614,-194298.494300628,TRUE,FALSE,TRUE
15,196712,"p","2020-02-24 13:57:00",1173.11666666667,TRUE,1173.03333333333,0.0833333333400788,FALSE,TRUE,227.678153532657,0.75892717838076,2.73213784217074,4.0164055480938,69903.0007811601,-194071.350202524,TRUE,FALSE,TRUE
15,196712,"p","2020-02-24 14:02:00",1173.2,TRUE,1173.11666666667,0.0833333333300743,FALSE,TRUE,227.67815249751,0.758927175021381,2.73213783007697,3.99796477658809,69879.3059230585,-193844.206104435,TRUE,FALSE,TRUE
15,196712,"p","2020-02-24 14:07:00",1173.28333333333,TRUE,1173.2,0.0833333333298469,FALSE,TRUE,227.67815154159,0.75892717183705,2.73213781861338,3.97952401546437,69855.6110649572,-193617.062006321,TRUE,FALSE,TRUE
15,196712,"p","2020-02-24 14:12:00",1173.36666666667,TRUE,1173.28333333333,0.0833333333400788,FALSE,TRUE,227.678150659168,0.758927168802461,2.73213780768886,3.96108326469945,69831.9162068561,-193389.91790823,TRUE,FALSE,TRUE
15,196712,"p","2020-02-24 14:17:00",1173.45,TRUE,1173.36666666667,0.0833333333300743,FALSE,TRUE,227.678149854636,0.7589271662118,2.73213779836248,3.94291344453664,69808.2213487547,-193162.773810128,TRUE,FALSE,TRUE
15,196712,"p","2020-02-24 14:22:00",1173.53333333333,TRUE,1173.45,0.0833333333298469,FALSE,TRUE,227.678149123625,0.758927163777168,2.7321377895978,3.97363399115365,69784.5264906533,-192935.629712027,TRUE,FALSE,TRUE
15,196712,"p","2020-02-24 14:27:00",1173.61666666667,TRUE,1173.53333333333,0.0833333333400788,FALSE,TRUE,227.678148467527,0.758927161496991,2.73213778138917,4.00461174189351,69760.831632552,-192708.485613932,TRUE,FALSE,TRUE
15,196712,"p","2020-02-24 14:32:00",1173.7,TRUE,1173.61666666667,0.0833333333300743,FALSE,TRUE,227.678147892048,0.758927159669841,2.73213777481143,4.03558949441926,69737.1367744506,-192481.341515825,TRUE,FALSE,TRUE
15,196712,"p","2020-02-24 14:37:00",1173.78333333333,TRUE,1173.7,0.0833333333298469,FALSE,TRUE,227.67814739144,0.758927158003217,2.73213776881158,4.06306980898719,69713.4419163492,-192254.197417729,TRUE,FALSE,TRUE
15,196712,"p","2020-02-24 14:42:00",1173.86666666667,TRUE,1173.78333333333,0.0833333333400788,FALSE,TRUE,227.678146960147,0.758927156472391,2.73213776330061,3.95655234725997,69689.7470582481,-192027.053319624,TRUE,FALSE,TRUE
15,196712,"o","2020-02-24 14:45:00",1173.91666666667,TRUE,1173.86666666667,0.0499999999999545,FALSE,TRUE,136.057171528164,0.755873175157153,2.72114343056575,3.84878043310513,69675.0782670346,-191891.369208459,TRUE,FALSE,TRUE
15,196712,"p","2020-02-24 14:47:00",1173.95,TRUE,1173.91666666667,0.0333333333301198,FALSE,TRUE,62.9870361465448,0.524891967938476,1.88961108457852,3.71791044095309,69632.5308508583,-191844.592921672,TRUE,FALSE,TRUE
15,196712,"p","2020-02-24 14:52:00",1174.03333333333,TRUE,1173.95,0.0833333333298469,FALSE,TRUE,157.122327601431,0.523741092026683,1.88546793129606,3.58692540359395,69525.0326195348,-191729.15807394,TRUE,FALSE,TRUE
15,196712,"p","2020-02-24 14:57:00",1174.11666666667,TRUE,1174.03333333333,0.0833333333400788,FALSE,TRUE,157.122320707711,0.52374106898331,1.88546784833992,3.45594040597754,69417.5343882116,-191613.723226218,TRUE,FALSE,TRUE
15,196712,"p","2020-02-24 15:02:00",1174.2,TRUE,1174.11666666667,0.0833333333300743,FALSE,TRUE,157.122313840895,0.523741046156799,1.88546776616448,3.32495544772395,69310.0361568886,-191498.288378482,TRUE,FALSE,TRUE
15,196712,"p","2020-02-24 15:07:00",1174.28333333333,TRUE,1174.2,0.0833333333298469,FALSE,TRUE,157.122307000599,0.523741023357241,1.88546768408607,3.19682529036608,69202.537925565,-191382.853530758,TRUE,FALSE,TRUE
15,196712,"p","2020-02-24 15:12:00",1174.36666666667,TRUE,1174.28333333333,0.0833333333400788,FALSE,TRUE,157.122300179072,0.523741000554511,1.88546760199624,3.11073358414543,69095.0396942419,-191267.418683027,TRUE,FALSE,TRUE
15,196712,"p","2020-02-24 15:17:00",1174.45,TRUE,1174.36666666667,0.0833333333300743,FALSE,TRUE,157.122293388231,0.523740977981252,1.88546752073251,3.02491630868123,68987.5414629189,-191151.983835291,TRUE,FALSE,TRUE
15,196712,"p","2020-02-24 15:22:00",1174.53333333333,TRUE,1174.45,0.0833333333298469,FALSE,TRUE,157.122286620943,0.523740955425055,1.8854674395302,2.87558631417039,68880.0432315952,-191036.548987571,TRUE,FALSE,TRUE
15,196712,"p","2020-02-24 15:27:00",1174.61666666667,TRUE,1174.53333333333,0.0833333333400788,FALSE,TRUE,157.122279879629,0.523740932889703,1.88546735840293,2.72531531905761,68772.5450002718,-190921.114139841,TRUE,FALSE,TRUE
15,196712,"p","2020-02-24 15:32:00",1174.7,TRUE,1174.61666666667,0.0833333333300743,FALSE,TRUE,157.122273162242,0.523740910561288,1.88546727802064,2.57571174283563,68665.0467689489,-190805.679292111,TRUE,FALSE,TRUE
15,196712,"p","2020-02-24 15:37:00",1174.78333333333,TRUE,1174.7,0.0833333333298469,FALSE,TRUE,157.12226646874,0.523740888251043,1.88546719770376,2.54027404448013,68557.5485376255,-190690.244444383,TRUE,FALSE,TRUE
15,196712,"p","2020-02-24 15:42:00",1174.86666666667,TRUE,1174.78333333333,0.0833333333400788,FALSE,TRUE,157.122259805118,0.523740865974664,1.88546711750879,2.50535395342476,68450.0503063023,-190574.809596647,TRUE,FALSE,TRUE
15,196712,"p","2020-02-24 15:47:00",1174.95,TRUE,1174.86666666667,0.0833333333300743,FALSE,TRUE,157.122253161438,0.523740843891942,1.88546703801099,2.47043386946323,68342.5520749792,-190459.374748921,TRUE,FALSE,TRUE
15,196712,"p","2020-02-24 15:52:00",1175.03333333333,TRUE,1174.95,0.0833333333298469,FALSE,TRUE,157.122246545426,0.523740821839998,1.88546695862399,2.43551379253735,68235.0538436559,-190343.939901187,TRUE,FALSE,TRUE
15,196712,"p","2020-02-24 15:57:00",1175.11666666667,TRUE,1175.03333333333,0.0833333333400788,FALSE,TRUE,157.12223995417,0.523740799804838,1.88546687929742,2.40059372262087,68127.5556123326,-190228.505053461,TRUE,FALSE,TRUE
15,196712,"p","2020-02-24 16:02:00",1175.2,TRUE,1175.11666666667,0.0833333333300743,FALSE,TRUE,157.12223338815,0.523740777980983,1.88546680073154,2.36567365970793,68020.0573810093,-190113.070205734,TRUE,FALSE,TRUE
15,196712,"p","2020-02-24 16:07:00",1175.28333333333,TRUE,1175.2,0.0833333333298469,FALSE,TRUE,157.122226846214,0.523740756175958,1.88546672223345,2.33194912815148,67912.5591496861,-189997.635357998,TRUE,FALSE,TRUE
15,196712,"p","2020-02-24 16:12:00",1175.36666666667,TRUE,1175.28333333333,0.0833333333400788,FALSE,TRUE,157.122220331152,0.52374073439478,1.88546664382121,2.30861226657909,67805.0609183628,-189882.200510277,TRUE,FALSE,TRUE
15,196712,"p","2020-02-24 16:17:00",1175.45,TRUE,1175.36666666667,0.0833333333300743,FALSE,TRUE,157.122213842307,0.523740712828172,1.88546656618142,2.28509361689604,67697.5626870397,-189766.765662539,TRUE,FALSE,TRUE
15,196712,"p","2020-02-24 16:22:00",1175.53333333333,TRUE,1175.45,0.0833333333298469,FALSE,TRUE,157.122207372542,0.523740691263717,1.88546648854938,2.2615749655879,67590.0644557161,-189651.330814812,TRUE,FALSE,TRUE
15,196712,"p","2020-02-24 16:27:00",1175.61666666667,TRUE,1175.53333333333,0.0833333333400788,FALSE,TRUE,157.122200934329,0.523740669738704,1.88546641105933,2.23805631261373,67482.566224393,-189535.895967083,TRUE,FALSE,TRUE
15,196712,"p","2020-02-24 16:32:00",1175.7,TRUE,1175.61666666667,0.0833333333300743,FALSE,TRUE,157.122194518224,0.523740648414564,1.88546633429243,2.21453765797752,67375.06799307,-189420.461119352,TRUE,FALSE,TRUE
15,196712,"p","2020-02-24 16:37:00",1175.78333333333,TRUE,1175.7,0.0833333333298469,FALSE,TRUE,157.122188129425,0.523740627119994,1.88546625763198,2.19101900166627,67267.5697617465,-189305.026271631,TRUE,FALSE,TRUE
15,196712,"p","2020-02-24 16:42:00",1175.86666666667,TRUE,1175.78333333333,0.0833333333400788,FALSE,TRUE,157.122181766035,0.523740605844389,1.8854661810398,2.16750034363887,67160.0715304237,-189189.591423886,TRUE,FALSE,TRUE
15,196712,"p","2020-02-24 16:47:00",1175.95,TRUE,1175.86666666667,0.0833333333300743,FALSE,TRUE,157.122175421784,0.523740584759763,1.88546610513515,2.1439816838988,67052.5732991002,-189074.156576165,TRUE,FALSE,TRUE
15,196712,"p","2020-02-24 16:52:00",1176.03333333333,TRUE,1175.95,0.0833333333298469,FALSE,TRUE,157.122169109394,0.523740563719891,1.88546602939161,2.12046302243272,66945.0750677768,-188958.721728437,TRUE,FALSE,TRUE
15,196712,"p","2020-02-24 16:57:00",1176.11666666667,TRUE,1176.03333333333,0.0833333333400788,FALSE,TRUE,157.122162819569,0.523740542689503,1.88546595368221,2.09694435919953,66837.5768364538,-188843.286880699,TRUE,FALSE,TRUE
15,196712,"p","2020-02-24 17:02:00",1176.2,TRUE,1176.11666666667,0.0833333333300743,FALSE,TRUE,157.12215655458,0.523740521869081,1.88546587872869,2.07342569420273,66730.0786051306,-188727.852032976,TRUE,FALSE,TRUE
15,196712,"p","2020-02-24 17:07:00",1176.28333333333,TRUE,1176.2,0.0833333333298469,FALSE,TRUE,157.122150316819,0.523740501077974,1.88546580388071,2.04990702743028,66622.580373807,-188612.417185249,TRUE,FALSE,TRUE
15,196712,"p","2020-02-24 17:12:00",1176.36666666667,TRUE,1176.28333333333,0.0833333333400788,FALSE,TRUE,157.122144100196,0.523740480291593,1.88546572904973,2.02638835883826,66515.0821424838,-188496.982337516,TRUE,FALSE,TRUE
15,196712,"p","2020-02-24 17:17:00",1176.45,TRUE,1176.36666666667,0.0833333333300743,FALSE,TRUE,157.122137913335,0.5237404597316,1.88546565503376,2.00286968843371,66407.5839111609,-188381.547489787,TRUE,FALSE,TRUE
15,196712,"p","2020-02-24 17:22:00",1176.53333333333,TRUE,1176.45,0.0833333333298469,FALSE,TRUE,157.122131747682,0.523740439180851,1.88546558105106,1.97935101620209,66300.0856798373,-188266.112642061,TRUE,FALSE,TRUE
15,196712,"p","2020-02-24 17:27:00",1176.61666666667,TRUE,1176.53333333333,0.0833333333400788,FALSE,TRUE,157.12212561127,0.523740418661841,1.88546550718263,1.95583234210129,66192.587448514,-188150.677794331,TRUE,FALSE,TRUE
15,196712,"p","2020-02-24 17:32:00",1176.7,TRUE,1176.61666666667,0.0833333333300743,FALSE,TRUE,157.12211949644,0.52374039834195,1.88546543403102,1.93231366613517,66085.0892171911,-188035.242946593,TRUE,FALSE,TRUE
15,196712,"p","2020-02-24 17:37:00",1176.78333333333,TRUE,1176.7,0.0833333333298469,FALSE,TRUE,157.122113408639,0.523740378050707,1.88546536098255,1.908794988293,65977.5909858676,-187919.808098862,TRUE,FALSE,TRUE
15,196712,"p","2020-02-24 17:42:00",1176.86666666667,TRUE,1176.78333333333,0.0833333333400788,FALSE,TRUE,157.122107342916,0.523740357767325,1.88546528796237,1.88558170655401,65870.0927545442,-187804.37325114,TRUE,FALSE,TRUE
15,196712,"o","2020-02-24 17:47:00",1176.95,TRUE,1176.86666666667,0.0833333333300743,FALSE,TRUE,149.068421417503,0.496894738077778,1.78882105708,1.88278198356794,65765.6820297239,-187697.153297253,TRUE,FALSE,TRUE
15,196712,"p","2020-02-24 17:52:00",1177.03333333333,TRUE,1176.95,0.0833333333298469,FALSE,TRUE,1469.39937234532,4.89799790802266,17.6327924688816,2.32020766516754,66227.6942125378,-189097.008406792,TRUE,FALSE,TRUE
15,196712,"p","2020-02-24 17:57:00",1177.11666666667,TRUE,1177.03333333333,0.0833333333400788,FALSE,TRUE,1478.13975085004,4.92713250243464,17.7376770087647,2.76054680851267,66692.7939018543,-190505.078410187,TRUE,FALSE,TRUE
15,196712,"o","2020-02-24 17:59:00",1177.15,TRUE,1177.11666666667,0.0333333333301198,FALSE,TRUE,582.008267004461,4.85006889217142,17.4602480118171,3.19317959311414,66874.8034039945,-191059.864651489,TRUE,FALSE,TRUE
15,196712,"p","2020-02-24 18:02:00",1177.2,TRUE,1177.15,0.0499999999999545,FALSE,TRUE,185.590799260768,1.03105999589409,3.71181598521874,3.24391149036782,66709.4183830899,-190973.801224446,TRUE,FALSE,TRUE
15,196712,"p","2020-02-24 18:07:00",1177.28333333333,TRUE,1177.2,0.0833333333298469,FALSE,TRUE,321.866389069794,1.07288796361086,3.86239666899911,3.29882618667346,66427.059392267,-190816.29257929,TRUE,FALSE,TRUE
15,196712,"p","2020-02-24 18:12:00",1177.36666666667,TRUE,1177.28333333333,0.0833333333400788,FALSE,TRUE,321.866352108964,1.07288784027637,3.86239622499493,3.35374087290297,66144.7004014451,-190658.78393412,TRUE,FALSE,TRUE
15,196712,"p","2020-02-24 18:17:00",1177.45,TRUE,1177.36666666667,0.0833333333300743,FALSE,TRUE,321.866315363596,1.07288771792061,3.8623957845142,3.40865554915252,65862.3414106233,-190501.275288956,TRUE,FALSE,TRUE
15,196712,"p","2020-02-24 18:22:00",1177.53333333333,TRUE,1177.45,0.0833333333298469,FALSE,TRUE,321.866278838169,1.07288759617212,3.86239534621962,3.46357021548077,65579.9824198005,-190343.766643791,TRUE,FALSE,TRUE
15,196712,"p","2020-02-24 18:27:00",1177.61666666667,TRUE,1177.53333333333,0.0833333333400788,FALSE,TRUE,321.866242528018,1.07288747500655,3.86239491002358,3.51848487192529,65297.6234289783,-190186.257998632,TRUE,FALSE,TRUE
15,196712,"p","2020-02-24 18:32:00",1177.7,TRUE,1177.61666666667,0.0833333333300743,FALSE,TRUE,321.866206437036,1.07288735483208,3.86239447739548,3.5733995185834,65015.2644381564,-190028.749353468,TRUE,FALSE,TRUE
15,196712,"p","2020-02-24 18:37:00",1177.78333333333,TRUE,1177.7,0.0833333333298469,FALSE,TRUE,321.866170563027,1.07288723525498,3.86239404691792,3.62831415551143,64732.9054473337,-189871.240708305,TRUE,FALSE,TRUE
15,196712,"p","2020-02-24 18:42:00",1177.86666666667,TRUE,1177.78333333333,0.0833333333400788,FALSE,TRUE,321.866134904154,1.07288711626033,3.8623936185372,3.68322878274827,64450.5464565118,-189713.732063134,TRUE,FALSE,TRUE
15,196712,"p","2020-02-24 18:47:00",1177.95,TRUE,1177.86666666667,0.0833333333300743,FALSE,TRUE,321.866099464978,1.07288699825855,3.86239319373079,3.73814340039012,64168.1874656898,-189556.223417979,TRUE,FALSE,TRUE
15,196712,"p","2020-02-24 18:52:00",1178.03333333333,TRUE,1177.95,0.0833333333298469,FALSE,TRUE,321.866064242638,1.07288688085368,3.86239277107324,3.79305800849501,63885.8284748668,-189398.714772818,TRUE,FALSE,TRUE
15,196712,"p","2020-02-24 18:57:00",1178.11666666667,TRUE,1178.03333333333,0.0833333333400788,FALSE,TRUE,321.866029237497,1.07288676403815,3.86239235053733,3.84797260710072,63603.4694840449,-189241.20612765,TRUE,FALSE,TRUE
15,196712,"p","2020-02-24 19:02:00",1178.2,TRUE,1178.11666666667,0.0833333333300743,FALSE,TRUE,321.865994449246,1.07288664820611,3.862391933542,3.90288719630374,63321.1104932229,-189083.697482488,TRUE,FALSE,TRUE
15,196712,"p","2020-02-24 19:07:00",1178.28333333333,TRUE,1178.2,0.0833333333298469,FALSE,TRUE,321.865959879385,1.07288653297617,3.86239151871421,3.95780177616188,63038.7515024004,-188926.188837313,TRUE,FALSE,TRUE
15,196712,"p","2020-02-24 19:12:00",1178.36666666667,TRUE,1178.28333333333,0.0833333333400788,FALSE,TRUE,321.865925525567,1.07288641833171,3.86239110599417,4.01271634671223,62756.3925115782,-188768.680192152,TRUE,FALSE,TRUE
15,196712,"p","2020-02-24 19:17:00",1178.45,TRUE,1178.36666666667,0.0833333333300743,FALSE,TRUE,321.865891388702,1.07288630467097,3.86239069681547,4.06763090805295,62474.0335207564,-188611.171546993,TRUE,FALSE,TRUE
15,196712,"p","2020-02-24 19:22:00",1178.53333333333,TRUE,1178.45,0.0833333333298469,FALSE,TRUE,321.86585745909,1.07288619157519,3.86239028967067,4.1225454602366,62191.6745299401,-188453.662901836,TRUE,FALSE,TRUE
15,196712,"o","2020-02-24 19:23:00",1178.55,TRUE,1178.53333333333,0.0166666666700621,FALSE,TRUE,62.9769975134476,1.04961662501029,3.77861985003705,4.17513305789618,62135.9113120986,-188423.784697137,TRUE,FALSE,TRUE
15,196712,"p","2020-02-24 19:27:00",1178.61666666667,TRUE,1178.55,0.0666666666700166,FALSE,TRUE,165.378786261684,0.689078276055726,2.48068179380061,4.19166682278975,62014.4441593231,-188537.028673142,TRUE,FALSE,TRUE
15,196712,"p","2020-02-24 19:32:00",1178.7,TRUE,1178.61666666667,0.0833333333300743,FALSE,TRUE,207.470948795531,0.691569829345484,2.48965138564374,4.20844974513986,61863.4959437658,-188680.613048589,TRUE,FALSE,TRUE
15,196712,"p","2020-02-24 19:37:00",1178.78333333333,TRUE,1178.7,0.0833333333298469,FALSE,TRUE,207.470934585852,0.691569781981774,2.48965121513439,4.22523266486206,61712.547728208,-188824.197424029,TRUE,FALSE,TRUE
15,196712,"p","2020-02-24 19:42:00",1178.86666666667,TRUE,1178.78333333333,0.0833333333400788,FALSE,TRUE,206.315325464214,0.687717751491712,2.47578390537016,4.24163038363924,61560.8802236683,-188965.330364994,TRUE,FALSE,TRUE
15,196712,"p","2020-02-24 19:47:00",1178.95,TRUE,1178.86666666667,0.0833333333300743,FALSE,TRUE,417.506612515617,1.39168870843982,5.01007935038334,4.32842520021427,61277.2545334032,-188656.731897801,TRUE,FALSE,TRUE
15,196712,"p","2020-02-24 19:52:00",1179.03333333333,TRUE,1178.95,0.0833333333298469,FALSE,TRUE,419.793008206891,1.39931002741485,5.03751609869344,4.41598215076885,60992.9095541553,-188345.681996129,TRUE,FALSE,TRUE
15,196712,"p","2020-02-24 19:57:00",1179.11666666667,TRUE,1179.03333333333,0.0833333333400788,FALSE,TRUE,419.792969004563,1.39930989656861,5.03751562764699,4.50353909031791,60708.5645749082,-188034.632094449,TRUE,FALSE,TRUE
15,196712,"p","2020-02-24 20:02:00",1179.2,TRUE,1179.11666666667,0.0833333333300743,FALSE,TRUE,419.792930283959,1.39930976766792,5.03751516360452,4.59109601905555,60424.219595661,-187723.582192774,TRUE,FALSE,TRUE
15,196712,"p","2020-02-24 20:07:00",1179.28333333333,TRUE,1179.2,0.0833333333298469,FALSE,TRUE,419.792892044815,1.39930964020793,5.03751470474853,4.67865293710318,60139.8746164131,-187412.532291093,TRUE,FALSE,TRUE
15,196712,"p","2020-02-24 20:12:00",1179.36666666667,TRUE,1179.28333333333,0.0833333333400788,FALSE,TRUE,419.79285428207,1.3993095141603,5.03751425097708,4.76620984460112,59855.5296371661,-187101.48238942,TRUE,FALSE,TRUE
15,196712,"p","2020-02-24 20:17:00",1179.45,TRUE,1179.36666666667,0.0833333333300743,FALSE,TRUE,419.792816997297,1.39930939004571,5.03751380416457,4.85376674173951,59571.1846579189,-186790.432487741,TRUE,FALSE,TRUE
15,196712,"p","2020-02-24 20:22:00",1179.53333333333,TRUE,1179.45,0.0833333333298469,FALSE,TRUE,419.792780193858,1.3993092673714,5.03751336253705,4.94132362864246,59286.8396786711,-186479.38258606,TRUE,FALSE,TRUE
15,196712,"p","2020-02-24 20:27:00",1179.61666666667,TRUE,1179.53333333333,0.0833333333400788,FALSE,TRUE,419.792743871054,1.39930914612358,5.03751292604489,5.02888050544974,59002.494699424,-186168.332684392,TRUE,FALSE,TRUE
15,196712,"p","2020-02-24 20:32:00",1179.7,TRUE,1179.61666666667,0.0833333333300743,FALSE,TRUE,419.792708026224,1.39930902680881,5.0375124965117,5.11643737235389,58718.1497201768,-185857.28278271,TRUE,FALSE,TRUE
15,196712,"p","2020-02-24 20:37:00",1179.78333333333,TRUE,1179.7,0.0833333333298469,FALSE,TRUE,419.792672660799,1.39930890892787,5.03751207214034,5.2066787894389,58433.8047409287,-185546.232881039,TRUE,FALSE,TRUE
15,196712,"p","2020-02-24 20:42:00",1179.86666666667,TRUE,1179.78333333333,0.0833333333400788,FALSE,TRUE,419.79263777178,1.39930879245933,5.0375116528536,4.85680987788257,58149.4597616816,-185235.182979369,TRUE,FALSE,TRUE
15,196712,"p","2020-02-24 20:47:00",1179.95,TRUE,1179.86666666667,0.0833333333300743,FALSE,TRUE,419.792603366919,1.39930867794445,5.03751124060003,4.50402749543355,57865.1147824346,-184924.133077687,TRUE,FALSE,TRUE
15,196712,"p","2020-02-24 20:52:00",1180.03333333333,TRUE,1179.95,0.0833333333298469,FALSE,TRUE,419.79256944057,1.39930856486044,5.03751083349759,4.15895146270245,57580.7698031867,-184613.083176013,TRUE,FALSE,TRUE
15,196712,"p","2020-02-24 20:57:00",1180.11666666667,TRUE,1180.03333333333,0.0833333333400788,FALSE,TRUE,419.792535990888,1.39930845318969,5.0375104314829,4.19577630843201,57296.4248239397,-184302.033274328,TRUE,FALSE,TRUE
15,196712,"o","2020-02-24 21:02:00",1180.2,TRUE,1180.11666666667,0.0833333333300743,FALSE,TRUE,421.637375801044,1.40545791939178,5.0596485098104,4.2290333040101,57010.1091566922,-183990.274504504,TRUE,FALSE,TRUE
15,196712,"p","2020-02-24 21:07:00",1180.28333333333,TRUE,1180.2,0.0833333333298469,FALSE,TRUE,780.757229094152,2.60252409708939,9.36908674952179,4.38199692969141,56362.2581126889,-183548.469318578,TRUE,FALSE,TRUE
15,196712,"o","2020-02-24 21:11:00",1180.35,TRUE,1180.28333333333,0.0666666666700166,FALSE,TRUE,623.476222780725,2.59781759478915,9.35214334124093,4.53448991737826,55844.8575297391,-183195.747457016,TRUE,FALSE,TRUE
15,196712,"p","2020-02-24 21:12:00",1180.36666666667,TRUE,1180.35,0.0166666666700621,FALSE,TRUE,58.6442670387706,0.977404450447053,3.51865602160939,4.52494160280575,55803.5623484672,-183153.780088872,TRUE,FALSE,TRUE
15,196712,"p","2020-02-24 21:17:00",1180.45,TRUE,1180.36666666667,0.0833333333300743,FALSE,TRUE,280.102654658383,0.933675515564458,3.36123185603205,4.51102040686154,55609.3704552403,-182950.390156547,TRUE,FALSE,TRUE
15,196712,"p","2020-02-24 21:22:00",1180.53333333333,TRUE,1180.45,0.0833333333298469,FALSE,TRUE,280.102640467733,0.933675468264839,3.36123168575342,4.49709921820482,55415.1785620372,-182747.000224244,TRUE,FALSE,TRUE
15,196712,"o","2020-02-24 21:23:00",1180.55,TRUE,1180.53333333333,0.0166666666700621,FALSE,TRUE,56.0559038313919,0.934265063666196,3.36335422919831,4.48323700104594,55376.6449374972,-182705.98590095,TRUE,FALSE,TRUE
15,196712,"p","2020-02-24 21:27:00",1180.61666666667,TRUE,1180.55,0.0666666666700166,FALSE,TRUE,238.469301646208,0.993622090142603,3.57703952451337,4.47531049843417,55266.2015543,-182493.709629228,TRUE,FALSE,TRUE
15,196712,"p","2020-02-24 21:32:00",1180.7,TRUE,1180.61666666667,0.0833333333300743,FALSE,TRUE,298.28437783571,0.99428125949125,3.5794125341685,4.46744992455744,55128.528267933,-182227.943868522,TRUE,FALSE,TRUE
15,196712,"p","2020-02-24 21:37:00",1180.78333333333,TRUE,1180.7,0.0833333333298469,FALSE,TRUE,298.284371245682,0.994281237527205,3.57941245509794,4.45958936022479,54990.8549815661,-181962.178107821,TRUE,FALSE,TRUE
15,196712,"p","2020-02-24 21:42:00",1180.86666666667,TRUE,1180.78333333333,0.0833333333400788,FALSE,TRUE,298.284364827149,0.994281216010015,3.57941237763605,4.45172880542198,54853.1816951991,-181696.412347126,TRUE,FALSE,TRUE
15,196712,"p","2020-02-24 21:47:00",1180.95,TRUE,1180.86666666667,0.0833333333300743,FALSE,TRUE,298.284358578473,0.994281195300462,3.57941230308166,4.44386826013141,54715.5084088323,-181430.646586427,TRUE,FALSE,TRUE
15,196712,"p","2020-02-24 21:52:00",1181.03333333333,TRUE,1180.95,0.0833333333298469,FALSE,TRUE,298.284352505829,0.994281175061028,3.5794122302197,4.4360077243399,54577.8351224652,-181164.880825717,TRUE,FALSE,TRUE
15,196712,"p","2020-02-24 21:57:00",1181.11666666667,TRUE,1181.03333333333,0.0833333333400788,FALSE,TRUE,298.284346599517,0.99428115525124,3.57941215890446,4.42814719803185,54440.1618360983,-180899.115065019,TRUE,FALSE,TRUE
15,196712,"p","2020-02-24 22:02:00",1181.2,TRUE,1181.11666666667,0.0833333333300743,FALSE,TRUE,298.284340859735,0.994281136238001,3.5794120904568,4.42028668118856,54302.4885497314,-180633.349304322,TRUE,FALSE,TRUE
15,196712,"p","2020-02-24 22:07:00",1181.28333333333,TRUE,1181.2,0.0833333333298469,FALSE,TRUE,298.284335304945,0.994281117724746,3.57941202380909,4.41242617380351,54164.8152633643,-180367.58354361,TRUE,FALSE,TRUE
15,196712,"p","2020-02-24 22:12:00",1181.36666666667,TRUE,1181.28333333333,0.0833333333400788,FALSE,TRUE,298.284329907924,0.994281099612597,3.57941195860535,4.40689262126374,54027.1419769976,-180101.817782911,TRUE,FALSE,TRUE
15,196712,"p","2020-02-24 22:17:00",1181.45,TRUE,1181.36666666667,0.0833333333300743,FALSE,TRUE,298.284324690383,0.994281082340163,3.57941189642459,4.43741290189219,53889.4686906307,-179836.052022207,TRUE,FALSE,TRUE
15,196712,"o","2020-02-24 22:21:00",1181.51666666667,TRUE,1181.45,0.0666666666700166,FALSE,TRUE,239.721984227131,0.998841600896189,3.59582976322628,4.46814007904726,53778.5516811622,-179622.605418402,TRUE,FALSE,TRUE
15,196712,"p","2020-02-24 22:22:00",1181.53333333333,TRUE,1181.51666666667,0.0166666666598303,FALSE,TRUE,99.7663560697495,1.66277260184453,5.98598136664031,4.56526036103353,53722.9242758207,-179539.35230607,TRUE,FALSE,TRUE
15,196712,"p","2020-02-24 22:27:00",1181.61666666667,TRUE,1181.53333333333,0.0833333333400788,FALSE,TRUE,504.440101651954,1.68146700537041,6.05328121933347,4.6646352864214,53440.895347281,-179118.916768205,TRUE,FALSE,TRUE
15,196712,"p","2020-02-24 22:32:00",1181.7,TRUE,1181.61666666667,0.0833333333300743,FALSE,TRUE,504.440078077834,1.68146692699187,6.05328093717075,4.69361310827661,53158.8664187345,-178698.481230332,TRUE,FALSE,TRUE
15,196712,"p","2020-02-24 22:37:00",1181.78333333333,TRUE,1181.7,0.0833333333298469,FALSE,TRUE,504.44005532942,1.68146685116841,6.05328066420629,4.72182879065196,52876.837490187,-178278.045692461,TRUE,FALSE,TRUE
15,196712,"p","2020-02-24 22:42:00",1181.86666666667,TRUE,1181.78333333333,0.0833333333400788,FALSE,TRUE,504.440033401285,1.68146677786818,6.05328040032543,4.75004447878192,52594.8085616405,-177857.610154595,TRUE,FALSE,TRUE
15,196712,"p","2020-02-24 22:47:00",1181.95,TRUE,1181.86666666667,0.0833333333300743,FALSE,TRUE,504.440012310262,1.68146670776663,6.05328014795988,4.77826017279179,52312.7796330864,-177437.174616723,TRUE,FALSE,TRUE
15,196712,"o","2020-02-24 22:48:00",1181.96666666667,TRUE,1181.95,0.0166666666700621,FALSE,TRUE,100.88575296679,1.68142921577061,6.05314517677419,4.80647213034806,52255.5400266232,-177353.653424168,TRUE,FALSE,TRUE
15,196712,"p","2020-02-24 22:52:00",1182.03333333333,TRUE,1181.96666666667,0.0666666666597848,FALSE,TRUE,428.780575728108,1.78658573238487,6.43170863658555,4.84519975217052,51907.0407701368,-177100.70114055,TRUE,FALSE,TRUE
15,196712,"p","2020-02-24 22:57:00",1182.11666666667,TRUE,1182.03333333333,0.0833333333400788,FALSE,TRUE,533.2319643275,1.77743988094779,6.39878357141205,4.88301280126073,51475.2546392499,-176783.93460286,TRUE,FALSE,TRUE
15,196712,"o","2020-02-24 23:02:00",1182.2,TRUE,1182.11666666667,0.0833333333300743,FALSE,TRUE,714.60580433707,2.38201934788339,8.57526965238021,4.98128380931192,51934.9263368227,-176233.161863695,TRUE,FALSE,TRUE
15,196712,"p","2020-02-24 23:07:00",1182.28333333333,TRUE,1182.2,0.0833333333298469,FALSE,TRUE,369.609530946989,1.23203176987484,4.43531437154943,4.96455607168705,51693.3369014113,-175951.563660132,TRUE,FALSE,TRUE
15,196712,"o","2020-02-24 23:10:00",1182.33333333333,TRUE,1182.28333333333,0.0500000000001819,FALSE,TRUE,222.090930139453,1.23383850077025,4.4418186027729,4.94800901908319,51546.3122935036,-175783.962900314,TRUE,FALSE,TRUE
15,196712,"p","2020-02-24 23:12:00",1182.36666666667,TRUE,1182.33333333333,0.0333333333398969,FALSE,TRUE,111.37593599581,0.928132799782329,3.34127807921638,4.90089140816864,51465.5917136036,-175706.574083224,TRUE,FALSE,TRUE
15,196712,"p","2020-02-24 23:17:00",1182.45,TRUE,1182.36666666667,0.0833333333300743,FALSE,TRUE,277.194493384511,0.92398164465117,3.32633392074421,4.85335869338782,51264.3865408253,-175514.286091904,TRUE,FALSE,TRUE
15,196712,"p","2020-02-24 23:22:00",1182.53333333333,TRUE,1182.45,0.0833333333298469,FALSE,TRUE,277.194482453519,0.923981608217054,3.32633378958139,4.80582598641508,51063.1813680462,-175321.998100574,TRUE,FALSE,TRUE
15,196712,"p","2020-02-24 23:27:00",1182.61666666667,TRUE,1182.53333333333,0.0833333333400788,FALSE,TRUE,277.194471659906,0.923981572124894,3.32633365964962,4.75829328714153,50861.9761952677,-175129.710109254,TRUE,FALSE,TRUE
15,196712,"p","2020-02-24 23:32:00",1182.7,TRUE,1182.61666666667,0.0833333333300743,FALSE,TRUE,277.194461008489,0.923981536731097,3.32633353223195,4.71076059549567,50660.7710224896,-174937.422117925,TRUE,FALSE,TRUE
15,196712,"p","2020-02-24 23:37:00",1182.78333333333,TRUE,1182.7,0.0833333333298469,FALSE,TRUE,277.194450492966,0.923981501681877,3.32633340605476,4.66261295372468,50459.5658497106,-174745.134126606,TRUE,FALSE,TRUE
15,196712,"p","2020-02-24 23:42:00",1182.86666666667,TRUE,1182.78333333333,0.0833333333400788,FALSE,TRUE,277.194440115147,0.923981466975699,3.32633328111252,4.49475869071331,50258.3606769322,-174552.846135289,TRUE,FALSE,TRUE
15,196712,"p","2020-02-24 23:47:00",1182.95,TRUE,1182.86666666667,0.0833333333300743,FALSE,TRUE,277.194429877223,0.923981432960211,3.32633315865676,4.32737507453042,50057.1555041539,-174360.558143957,TRUE,FALSE,TRUE
15,196712,"p","2020-02-24 23:52:00",1183.03333333333,TRUE,1182.95,0.0833333333298469,FALSE,TRUE,277.19441976292,0.92398139924839,3.3263330372942,4.32203276941055,49855.9503313794,-174168.270152655,TRUE,FALSE,TRUE
15,196712,"o","2020-02-24 23:53:00",1183.05,TRUE,1183.03333333333,0.0166666666700621,FALSE,TRUE,54.0932399848951,0.90155399956458,3.24559439843249,4.31882061781056,49816.2211687777,-174131.236631439,TRUE,FALSE,TRUE
15,196712,"p","2020-02-24 23:57:00",1183.11666666667,TRUE,1183.05,0.0666666666700166,FALSE,TRUE,101.795840653708,0.424149336035805,1.5269376097289,4.26786800458766,49730.6891137125,-174187.265555106,TRUE,FALSE,TRUE
15,196712,"p","2020-02-25 00:02:00",1183.2,TRUE,1183.11666666667,0.0833333333300743,FALSE,TRUE,127.699424631417,0.425664748788036,1.53239309563693,4.21700797309984,49624.4138848295,-174259.08180602,TRUE,FALSE,TRUE
15,196712,"p","2020-02-25 00:07:00",1183.28333333333,TRUE,1183.2,0.0833333333298469,FALSE,TRUE,127.699418917704,0.42566472974349,1.53239302707656,4.16021223705993,49518.1386559461,-174330.898056914,TRUE,FALSE,TRUE
15,196712,"p","2020-02-25 00:12:00",1183.36666666667,TRUE,1183.28333333333,0.0833333333400788,FALSE,TRUE,127.69941321983,0.425664710698312,1.53239295851392,4.10335058218064,49411.8634270631,-174402.714307829,TRUE,FALSE,TRUE
15,196712,"p","2020-02-25 00:17:00",1183.45,TRUE,1183.36666666667,0.0833333333300743,FALSE,TRUE,127.699407533118,0.425664691793706,1.53239289045734,4.04648892760729,49305.5881981801,-174474.530558732,TRUE,FALSE,TRUE
15,196712,"p","2020-02-25 00:22:00",1183.53333333333,TRUE,1183.45,0.0833333333298469,FALSE,TRUE,127.699401864412,0.425664672899182,1.53239282243705,3.98962727329621,49199.3129692965,-174546.346809641,TRUE,FALSE,TRUE
15,196712,"p","2020-02-25 00:27:00",1183.61666666667,TRUE,1183.53333333333,0.0833333333400788,FALSE,TRUE,127.699396209249,0.425664653996375,1.53239275438695,3.9327656191658,49093.0377404263,-174618.163060575,TRUE,FALSE,TRUE
15,196712,"o","2020-02-25 00:28:00",1183.63333333333,TRUE,1183.61666666667,0.0166666666600577,FALSE,TRUE,26.254977094858,0.437582951754485,1.57529862631615,3.87709579683514,49073.2546928377,-174635.591369032,TRUE,FALSE,TRUE
15,196712,"p","2020-02-25 00:32:00",1183.7,TRUE,1183.63333333333,0.0666666666700166,FALSE,TRUE,524.289856071992,2.18454106685686,7.8643478406847,3.9961217879957,49205.1557316456,-175144.727117543,TRUE,FALSE,TRUE
15,196712,"p","2020-02-25 00:37:00",1183.78333333333,TRUE,1183.7,0.0833333333298469,FALSE,TRUE,659.519295825662,2.19839765284418,7.91423155023905,4.11653343965632,49371.8720279077,-175784.978126063,TRUE,FALSE,TRUE
15,196712,"o","2020-02-25 00:41:00",1183.85,TRUE,1183.78333333333,0.0666666666700166,FALSE,TRUE,522.200992678238,2.17583746938332,7.83301488977996,4.23468907482218,49505.8849382064,-176291.397343985,TRUE,FALSE,TRUE
15,196712,"p","2020-02-25 00:42:00",1183.86666666667,TRUE,1183.85,0.0166666666700621,FALSE,TRUE,98.0408371450323,1.63401395208431,5.88245022750352,4.29866236006935,49562.3220468058,-176210.782572282,TRUE,FALSE,TRUE
15,196712,"p","2020-02-25 00:47:00",1183.95,TRUE,1183.86666666667,0.0833333333300743,FALSE,TRUE,515.838771894272,1.71946257304815,6.19006526297335,4.37118050914015,49847.7069562133,-175778.800769645,TRUE,FALSE,TRUE
15,196712,"o","2020-02-25 00:51:00",1184.01666666667,TRUE,1183.95,0.0666666666700166,FALSE,TRUE,410.218856378218,1.70924523482335,6.15328284536406,4.44222087253287,50074.291419793,-175435.027828319,TRUE,FALSE,TRUE
15,196712,"p","2020-02-25 00:52:00",1184.03333333333,TRUE,1184.01666666667,0.0166666666598303,FALSE,TRUE,21.5300911533397,0.35883485270285,1.29180546973026,4.3118270976187,50069.1663727163,-175414.046952251,TRUE,FALSE,TRUE
15,196712,"p","2020-02-25 00:57:00",1184.11666666667,TRUE,1184.03333333333,0.0833333333400788,FALSE,TRUE,101.445862689295,0.338152875603613,1.21735035217301,4.17749568464202,50034.9238176649,-175318.20507596,TRUE,FALSE,TRUE
15,196712,"p","2020-02-25 01:02:00",1184.2,TRUE,1184.11666666667,0.0833333333300743,FALSE,TRUE,101.445862976002,0.338152876599897,1.21735035575963,4.04316427960282,50000.6812625985,-175222.3631997,TRUE,FALSE,TRUE
15,196712,"p","2020-02-25 01:07:00",1184.28333333333,TRUE,1184.2,0.0833333333298469,FALSE,TRUE,101.445863285172,0.338152877631386,1.21735035947299,3.90883288224912,49966.4387075316,-175126.521323435,TRUE,FALSE,TRUE
15,196712,"p","2020-02-25 01:12:00",1184.36666666667,TRUE,1184.28333333333,0.0833333333400788,FALSE,TRUE,101.445863593731,0.338152878618399,1.21735036302623,3.77450149232414,49932.196152465,-175030.67944717,TRUE,FALSE,TRUE
15,196712,"p","2020-02-25 01:17:00",1184.45,TRUE,1184.36666666667,0.0833333333300743,FALSE,TRUE,101.445863915051,0.338152879730062,1.21735036702822,3.64017010952048,49897.9535973986,-174934.837570911,TRUE,FALSE,TRUE
15,196712,"p","2020-02-25 01:22:00",1184.53333333333,TRUE,1184.45,0.0833333333298469,FALSE,TRUE,101.445864240175,0.33815288081473,1.21735037093303,3.5058424760249,49863.711042332,-174838.995694638,TRUE,FALSE,TRUE
15,196712,"p","2020-02-25 01:27:00",1184.61666666667,TRUE,1184.53333333333,0.0833333333400788,FALSE,TRUE,101.445864569993,0.338152881872605,1.21735037474138,3.36099919097367,49829.4684872654,-174743.153818378,TRUE,FALSE,TRUE
15,196712,"p","2020-02-25 01:32:00",1184.7,TRUE,1184.61666666667,0.0833333333300743,FALSE,TRUE,101.44586491409,0.338152883060192,1.21735037901669,3.21707049118491,49795.2259321988,-174647.311942105,TRUE,FALSE,TRUE
15,196712,"p","2020-02-25 01:37:00",1184.78333333333,TRUE,1184.7,0.0833333333298469,FALSE,TRUE,101.445865255407,0.338152884198837,1.21735038311581,3.01268384481645,49760.9833771232,-174551.470065851,TRUE,FALSE,TRUE
15,196712,"o","2020-02-25 01:38:00",1184.8,TRUE,1184.78333333333,0.0166666666700621,FALSE,TRUE,20.0048256582711,0.33341376090326,1.20028953925174,2.92282204391929,49753.1131403772,-174533.006125371,TRUE,FALSE,TRUE
15,196712,"p","2020-02-25 01:42:00",1184.86666666667,TRUE,1184.8,0.0666666666700166,FALSE,TRUE,179.125776517854,0.74635740212022,2.68688664763279,2.87407393405429,49575.1523387171,-174560.141754958,TRUE,FALSE,TRUE
15,196712,"p","2020-02-25 01:47:00",1184.95,TRUE,1184.86666666667,0.0833333333300743,FALSE,TRUE,225.296945577171,0.750989818619939,2.70356334703178,2.85635963593805,49351.4241794651,-174594.941835432,TRUE,FALSE,TRUE
15,196712,"p","2020-02-25 01:52:00",1185.03333333333,TRUE,1184.95,0.0833333333298469,FALSE,TRUE,225.296928340116,0.750989761165137,2.70356314019449,2.83906044758945,49127.6960202124,-174629.741915898,TRUE,FALSE,TRUE
15,196712,"p","2020-02-25 01:57:00",1185.11666666667,TRUE,1185.03333333333,0.0833333333400788,FALSE,TRUE,225.296911176661,0.750989703861414,2.70356293390109,2.82176125715389,48903.9678609601,-174664.541996367,TRUE,FALSE,TRUE
15,196712,"p","2020-02-25 02:02:00",1185.2,TRUE,1185.11666666667,0.0833333333300743,FALSE,TRUE,225.296894088273,0.75098964699028,2.70356272916501,2.80446206464042,48680.2397017079,-174699.342076842,TRUE,FALSE,TRUE
15,196712,"p","2020-02-25 02:07:00",1185.28333333333,TRUE,1185.2,0.0833333333298469,FALSE,TRUE,222.533964276579,0.741779880952964,2.67040757143067,2.78624189906261,48459.0336136419,-174732.264240321,TRUE,FALSE,TRUE
15,196712,"p","2020-02-25 02:12:00",1185.36666666667,TRUE,1185.28333333333,0.0833333333400788,FALSE,TRUE,392.713820619893,1.30904606862702,4.71256584705726,2.82474835575713,48700.5176910724,-174420.670465678,TRUE,FALSE,TRUE
15,196712,"p","2020-02-25 02:17:00",1185.45,TRUE,1185.36666666667,0.0833333333300743,FALSE,TRUE,395.730902833482,1.31910300949653,4.74877083418749,2.86426051000921,48944.5238396893,-174107.198774052,TRUE,FALSE,TRUE
15,196712,"o","2020-02-25 02:21:00",1185.51666666667,TRUE,1185.45,0.0666666666700166,FALSE,TRUE,316.541451984532,1.31892271653594,4.74812177952939,2.90375463836678,49139.9387728842,-173856.639437427,TRUE,FALSE,TRUE
15,196712,"p","2020-02-25 02:22:00",1185.53333333333,TRUE,1185.51666666667,0.0166666666598303,FALSE,TRUE,78.3220214717143,1.30536702506401,4.69932129023043,2.94189320094834,49196.3196886228,-173801.813601342,TRUE,FALSE,TRUE
15,196712,"p","2020-02-25 02:27:00",1185.61666666667,TRUE,1185.53333333333,0.0833333333400788,FALSE,TRUE,389.909983285387,1.29969994417942,4.67891979904591,2.98170779540983,49477.6137146485,-173529.504211864,TRUE,FALSE,TRUE
15,196712,"p","2020-02-25 02:32:00",1185.7,TRUE,1185.61666666667,0.0833333333300743,FALSE,TRUE,139.963808224911,0.466546027434615,1.67956569876461,2.98594746454971,49454.2555679011,-173391.064357282,TRUE,FALSE,TRUE
15,196712,"p","2020-02-25 02:37:00",1185.78333333333,TRUE,1185.7,0.0833333333298469,FALSE,TRUE,139.531901908311,0.465106339713829,1.67438282296978,2.98989162364229,49429.2367969945,-173253.354210233,TRUE,FALSE,TRUE
15,196712,"p","2020-02-25 02:42:00",1185.86666666667,TRUE,1185.78333333333,0.0833333333400788,FALSE,TRUE,139.531903864345,0.465106346176836,1.67438284623661,2.99383578528562,49404.2180260878,-173115.644063187,TRUE,FALSE,TRUE
15,196712,"p","2020-02-25 02:47:00",1185.95,TRUE,1185.86666666667,0.0833333333300743,FALSE,TRUE,139.531905842607,0.465106352826878,1.67438287017676,2.99777994949848,49379.1992551812,-172977.933916138,TRUE,FALSE,TRUE
15,196712,"p","2020-02-25 02:52:00",1186.03333333333,TRUE,1185.95,0.0833333333298469,FALSE,TRUE,139.531907834812,0.465106359468832,1.6743828940878,3.00172411626599,49354.1804842747,-172840.223769078,TRUE,FALSE,TRUE
15,196712,"p","2020-02-25 02:57:00",1186.11666666667,TRUE,1186.03333333333,0.0833333333400788,FALSE,TRUE,139.53190984516,0.465106366112885,1.67438291800639,3.00566828558736,49329.1617133679,-172702.513622039,TRUE,FALSE,TRUE
15,196712,"p","2020-02-25 03:02:00",1186.2,TRUE,1186.11666666667,0.0833333333300743,FALSE,TRUE,139.531911872164,0.465106372925404,1.67438294253145,3.00961245748026,49304.1429424613,-172564.803474992,TRUE,FALSE,TRUE
15,196712,"p","2020-02-25 03:07:00",1186.28333333333,TRUE,1186.2,0.0833333333298469,FALSE,TRUE,139.531913918671,0.46510637974836,1.6743829670941,3.01236480027965,49279.1241715549,-172427.093327931,TRUE,FALSE,TRUE
15,196712,"p","2020-02-25 03:12:00",1186.36666666667,TRUE,1186.28333333333,0.0833333333400788,FALSE,TRUE,139.531915981875,0.465106386568601,1.67438299164696,2.84042133225083,49254.1054006483,-172289.383180885,TRUE,FALSE,TRUE
15,196712,"p","2020-02-25 03:17:00",1186.45,TRUE,1186.36666666667,0.0833333333300743,FALSE,TRUE,139.531918063167,0.46510639356208,1.67438301682349,2.66709220632262,49229.0866297418,-172151.673033837,TRUE,FALSE,TRUE
15,196712,"p","2020-02-25 03:22:00",1186.53333333333,TRUE,1186.45,0.0833333333298469,FALSE,TRUE,139.531920158425,0.465106400547542,1.67438304197115,2.49601909943904,49204.0678588349,-172013.962886794,TRUE,FALSE,TRUE
15,196712,"p","2020-02-25 03:27:00",1186.61666666667,TRUE,1186.53333333333,0.0833333333400788,FALSE,TRUE,139.531922274449,0.465106407543848,1.67438306715785,2.37912834498499,49179.0490879285,-171876.252739734,TRUE,FALSE,TRUE
15,196712,"p","2020-02-25 03:32:00",1186.7,TRUE,1186.61666666667,0.0833333333300743,FALSE,TRUE,139.531924407219,0.46510641470892,1.67438309295211,2.25369272915107,49154.0303170219,-171738.542592689,TRUE,FALSE,TRUE
15,196712,"p","2020-02-25 03:37:00",1186.78333333333,TRUE,1186.7,0.0833333333298469,FALSE,TRUE,139.531926559445,0.465106421884274,1.67438311878339,2.12927884785716,49129.0115461152,-171600.832445641,TRUE,FALSE,TRUE
15,196712,"o","2020-02-25 03:40:00",1186.83333333333,TRUE,1186.78333333333,0.0500000000001819,FALSE,TRUE,85.0640940939139,0.472578300520025,1.70128188187209,2.14065319263888,49113.8106360545,-171516.869671771,TRUE,FALSE,TRUE
15,196712,"p","2020-02-25 03:42:00",1186.86666666667,TRUE,1186.83333333333,0.0333333333398969,FALSE,TRUE,154.284650158152,1.28570541773144,4.62853950383317,2.23540844685166,49089.9242349674,-171363.963521944,TRUE,FALSE,TRUE
15,196712,"p","2020-02-25 03:47:00",1186.95,TRUE,1186.86666666667,0.0833333333300743,FALSE,TRUE,389.076134615187,1.29692044876801,4.66891361556483,2.33128520406847,49029.7341134574,-170978.356433292,TRUE,FALSE,TRUE
15,196712,"p","2020-02-25 03:52:00",1187.03333333333,TRUE,1186.95,0.0833333333298469,FALSE,TRUE,389.076153358431,1.29692051124903,4.6689138404965,2.42716196743024,48969.5439919484,-170592.749344652,TRUE,FALSE,TRUE
15,196712,"o","2020-02-25 03:53:00",1187.05,TRUE,1187.03333333333,0.0166666666700621,FALSE,TRUE,76.5035756321449,1.27505959360932,4.59021453699355,2.52085263892933,48957.6771866988,-170516.932826275,TRUE,FALSE,TRUE
15,196712,"o","2020-02-25 03:56:00",1187.1,TRUE,1187.05,0.0499999999999545,FALSE,TRUE,90.7675000548863,0.504263889194271,1.81535000109938,2.53746373987575,48939.7792424354,-170427.659414975,TRUE,FALSE,TRUE
15,196712,"p","2020-02-25 03:57:00",1187.11666666667,TRUE,1187.1,0.0166666666700621,FALSE,TRUE,98.1478001409457,1.63579666868251,5.88886800725702,2.66722811866253,48910.0964258901,-170333.777655206,TRUE,FALSE,TRUE
15,196712,"p","2020-02-25 04:02:00",1187.2,TRUE,1187.11666666667,0.0833333333300743,FALSE,TRUE,500.317424715152,1.66772474911573,6.00380909681662,2.80018530538684,48758.3580604983,-169855.341644425,TRUE,FALSE,TRUE
15,196712,"p","2020-02-25 04:07:00",1187.28333333333,TRUE,1187.2,0.0833333333298469,FALSE,TRUE,500.317444203364,1.66772481408099,6.00380933069155,2.93314249848892,48606.619695104,-169376.905633623,TRUE,FALSE,TRUE
15,196712,"o","2020-02-25 04:08:00",1187.3,TRUE,1187.28333333333,0.0166666666700621,FALSE,TRUE,99.1157749765839,1.65192958260652,5.94694649738348,3.06452016832969,48576.7042280708,-169282.079072219,TRUE,FALSE,TRUE
15,196712,"p","2020-02-25 04:12:00",1187.36666666667,TRUE,1187.3,0.0666666666700166,FALSE,TRUE,261.525880670709,1.08969116940653,3.92288820986351,3.14014790918001,48519.0056411148,-169026.158710649,TRUE,FALSE,TRUE
15,196712,"p","2020-02-25 04:17:00",1187.45,TRUE,1187.36666666667,0.0833333333300743,FALSE,TRUE,325.743074871352,1.08581024961364,3.9089168986091,3.17409319392936,48447.4226649829,-168707.334059625,TRUE,FALSE,TRUE
15,196712,"p","2020-02-25 04:22:00",1187.53333333333,TRUE,1187.45,0.0833333333298469,FALSE,TRUE,325.7430871883,1.08581029067309,3.90891704642314,3.20757524113467,48375.8396888507,-168388.509408607,TRUE,FALSE,TRUE
15,196712,"p","2020-02-25 04:27:00",1187.61666666667,TRUE,1187.53333333333,0.0833333333400788,FALSE,TRUE,325.74309972022,1.08581033231284,3.90891719632623,3.24105729824944,48304.2567127188,-168069.684757593,TRUE,FALSE,TRUE
15,196712,"p","2020-02-25 04:32:00",1187.7,TRUE,1187.61666666667,0.0833333333300743,FALSE,TRUE,325.743112483712,1.08581037498817,3.90891734995741,3.27453936536212,48232.6737365867,-167750.860106575,TRUE,FALSE,TRUE
15,196712,"p","2020-02-25 04:37:00",1187.78333333333,TRUE,1187.7,0.0833333333298469,FALSE,TRUE,325.743125463302,1.08581041825643,3.90891750572317,3.30802144248873,48161.0907604544,-167432.035455559,TRUE,FALSE,TRUE
15,196712,"p","2020-02-25 04:42:00",1187.86666666667,TRUE,1187.78333333333,0.0833333333400788,FALSE,TRUE,325.743138667013,1.08581046213549,3.90891766368775,3.34242450060698,48089.5077843225,-167113.21080454,TRUE,FALSE,TRUE
15,196712,"p","2020-02-25 04:47:00",1187.95,TRUE,1187.86666666667,0.0833333333300743,FALSE,TRUE,325.743152092156,1.08581050701632,3.90891782525875,3.32010094444591,48017.9248081905,-166794.386153518,TRUE,FALSE,TRUE
15,196712,"p","2020-02-25 04:52:00",1188.03333333333,TRUE,1187.95,0.0833333333298469,FALSE,TRUE,325.743165738505,1.08581055250711,3.9089179890256,3.29677169874697,47946.3418320583,-166475.561502496,TRUE,FALSE,TRUE
15,196712,"p","2020-02-25 04:57:00",1188.11666666667,TRUE,1188.03333333333,0.0833333333400788,FALSE,TRUE,325.743179608457,1.08581059860696,3.90891815498507,3.27346048695407,47874.7588559263,-166156.73685149,TRUE,FALSE,TRUE
15,196712,"p","2020-02-25 05:02:00",1188.2,TRUE,1188.11666666667,0.0833333333300743,FALSE,TRUE,325.743193699407,1.08581064570715,3.90891832454575,3.25150484901839,47803.1758797944,-165837.912200462,TRUE,FALSE,TRUE
15,196712,"p","2020-02-25 05:07:00",1188.28333333333,TRUE,1188.2,0.0833333333298469,FALSE,TRUE,325.74320801242,1.08581069342016,3.90891849631257,3.23011592394246,47731.592903662,-165519.087549452,TRUE,FALSE,TRUE
15,196712,"p","2020-02-25 05:12:00",1188.36666666667,TRUE,1188.28333333333,0.0833333333400788,FALSE,TRUE,325.743222549975,1.08581074174536,3.9089186702833,3.29204239537354,47660.0099275301,-165200.262898431,TRUE,FALSE,TRUE
15,196712,"p","2020-02-25 05:17:00",1188.45,TRUE,1188.36666666667,0.0833333333300743,FALSE,TRUE,325.743237305263,1.08581079106001,3.90891884781603,3.35411284050816,47588.4269513981,-164881.438247404,TRUE,FALSE,TRUE
15,196712,"p","2020-02-25 05:22:00",1188.53333333333,TRUE,1188.45,0.0833333333298469,FALSE,TRUE,325.743252283511,1.08581084099046,3.90891902756567,3.41618328998952,47516.8439752659,-164562.613596398,TRUE,FALSE,TRUE
15,196712,"p","2020-02-25 05:27:00",1188.61666666667,TRUE,1188.53333333333,0.0833333333400788,FALSE,TRUE,330.3060707581,1.10102023577121,3.96367284877636,3.47977467828395,47443.2045954509,-164239.560583805,TRUE,FALSE,TRUE
15,196712,"p","2020-02-25 05:32:00",1188.7,TRUE,1188.61666666667,0.0833333333300743,FALSE,TRUE,1183.78065640393,3.94593552150074,14.2053678774027,3.82785759448714,46992.3047459936,-163140.787471273,TRUE,FALSE,TRUE
15,196712,"o","2020-02-25 05:33:00",1188.71666666667,TRUE,1188.7,0.0166666666700621,FALSE,TRUE,234.275729299624,3.9045954875316,14.0565437551137,4.17180650662901,46902.2712644601,-162923.663223717,TRUE,FALSE,TRUE
15,196712,"p","2020-02-25 05:37:00",1188.78333333333,TRUE,1188.71666666667,0.0666666666597848,FALSE,TRUE,462.506254436465,1.9271093936842,6.93759381726313,4.31800680870489,46622.1019840157,-162553.51024433,TRUE,FALSE,TRUE
15,196712,"p","2020-02-25 05:42:00",1188.86666666667,TRUE,1188.78333333333,0.0833333333400788,FALSE,TRUE,574.261799223321,1.91420599725613,6.89114159012205,4.46291677045567,46272.5875948374,-162095.164079231,TRUE,FALSE,TRUE
15,196712,"p","2020-02-25 05:47:00",1188.95,TRUE,1188.86666666667,0.0833333333300743,FALSE,TRUE,574.261799434152,1.9142059981887,6.89114159347933,4.60782673161768,45923.0732056587,-161636.817914133,TRUE,FALSE,TRUE
15,196712,"p","2020-02-25 05:52:00",1189.03333333333,TRUE,1188.95,0.0833333333298469,FALSE,TRUE,574.261800872248,1.91420600298758,6.89114161075527,4.75273669256023,45573.5588164795,-161178.471749027,TRUE,FALSE,TRUE
15,196712,"p","2020-02-25 05:57:00",1189.11666666667,TRUE,1189.03333333333,0.0833333333400788,FALSE,TRUE,574.261803532786,1.91420601162101,6.89114164183563,4.89764665366758,45224.0444273008,-160720.125583933,TRUE,FALSE,TRUE
15,196712,"p","2020-02-25 06:02:00",1189.2,TRUE,1189.11666666667,0.0833333333300743,FALSE,TRUE,574.261807416279,1.91420602479579,6.89114168926484,5.04255661539277,44874.5300381223,-160261.779418832,TRUE,FALSE,TRUE
15,196712,"o","2020-02-25 06:05:00",1189.25,TRUE,1189.2,0.0499999999999545,FALSE,TRUE,342.826419905039,1.90459122169639,6.85652839810701,5.18650509609152,44666.0453777037,-159988.023513987,TRUE,FALSE,TRUE
15,196712,"p","2020-02-25 06:07:00",1189.28333333333,TRUE,1189.25,0.0333333333298924,FALSE,TRUE,104.220969829549,0.868508082002563,3.12662909520923,5.22684526210335,44615.8131187055,-159896.294566575,TRUE,FALSE,TRUE
15,196712,"p","2020-02-25 06:12:00",1189.36666666667,TRUE,1189.28333333333,0.0833333333400788,FALSE,TRUE,256.356979238631,0.854523264059599,3.07628375061456,5.26503975845731,44493.2924039341,-159670.101683588,TRUE,FALSE,TRUE
15,196712,"p","2020-02-25 06:17:00",1189.45,TRUE,1189.36666666667,0.0833333333300743,FALSE,TRUE,256.356984438568,0.854523281495312,3.07628381338312,5.22192154483369,44370.7716891625,-159443.9088006,TRUE,FALSE,TRUE
15,196712,"p","2020-02-25 06:22:00",1189.53333333333,TRUE,1189.45,0.0833333333298469,FALSE,TRUE,256.356989743511,0.854523299180789,3.07628387705084,5.17768182987497,44248.2509743907,-159217.715917613,TRUE,FALSE,TRUE
15,196712,"p","2020-02-25 06:27:00",1189.61666666667,TRUE,1189.53333333333,0.0833333333400788,FALSE,TRUE,256.356995156659,0.854523317119693,3.07628394163089,5.13344211046204,44125.7302596192,-158991.523034623,TRUE,FALSE,TRUE
15,196712,"p","2020-02-25 06:32:00",1189.7,TRUE,1189.61666666667,0.0833333333300743,FALSE,TRUE,256.35700068314,0.854523335643886,3.07628400831799,5.09138848466549,44003.2095448477,-158765.330151635,TRUE,FALSE,TRUE
15,196712,"p","2020-02-25 06:37:00",1189.78333333333,TRUE,1189.7,0.0833333333298469,FALSE,TRUE,256.357006313093,0.854523354412726,3.07628407588581,5.12641443118734,43880.6888300755,-158539.137268664,TRUE,FALSE,TRUE
15,196712,"p","2020-02-25 06:42:00",1189.86666666667,TRUE,1189.78333333333,0.0833333333400788,FALSE,TRUE,256.357012057834,0.854523373456946,3.076284144445,5.04828710166478,43758.1681153042,-158312.944385667,TRUE,FALSE,TRUE
15,196712,"p","2020-02-25 06:47:00",1189.95,TRUE,1189.86666666667,0.0833333333300743,FALSE,TRUE,256.357017905818,0.854523393052811,3.07628421499012,4.96696696605849,43635.6474005323,-158086.751502688,TRUE,FALSE,TRUE
15,196712,"p","2020-02-25 06:52:00",1190.03333333333,TRUE,1189.95,0.0833333333298469,FALSE,TRUE,256.357023864918,0.854523412918809,3.07628428650771,4.88564682594227,43513.1266857606,-157860.558619697,TRUE,FALSE,TRUE
15,196712,"p","2020-02-25 06:57:00",1190.11666666667,TRUE,1190.03333333333,0.0833333333400788,FALSE,TRUE,258.510780092733,0.86170260023936,3.1021293608617,4.80662412770556,43387.0113234876,-157633.868366122,TRUE,FALSE,TRUE
15,196712,"p","2020-02-25 07:02:00",1190.2,TRUE,1190.11666666667,0.0833333333300743,FALSE,TRUE,843.516585868966,2.81172195300651,10.1221990308235,4.97882720606556,42601.4347786901,-157315.932280759,TRUE,FALSE,TRUE
15,196712,"o","2020-02-25 07:06:00",1190.26666666667,TRUE,1190.2,0.0666666666700166,FALSE,TRUE,674.046356819341,2.80852648660613,10.1106953517821,5.15109882976481,41973.9666533284,-157061.187006259,TRUE,FALSE,TRUE
15,196712,"p","2020-02-25 07:07:00",1190.28333333333,TRUE,1190.26666666667,0.0166666666598303,FALSE,TRUE,65.9758130690955,1.09959688493596,3.95854878576946,5.15247748919109,41955.763406783,-156997.554100527,TRUE,FALSE,TRUE
15,196712,"p","2020-02-25 07:12:00",1190.36666666667,TRUE,1190.28333333333,0.0833333333400788,FALSE,TRUE,325.113671483193,1.08371223818959,3.90136405748252,5.15226767977877,41884.0913162097,-156679.397023157,TRUE,FALSE,TRUE
15,196712,"o","2020-02-25 07:13:00",1190.38333333333,TRUE,1190.36666666667,0.0166666666600577,FALSE,TRUE,67.4437537930561,1.12406256366334,4.04662522918801,5.15609289864628,41865.2884816244,-156614.40408012,TRUE,FALSE,TRUE
15,196712,"o","2020-02-25 07:14:00",1190.4,TRUE,1190.38333333333,0.0166666666700621,FALSE,TRUE,202.703018368704,3.37838363879013,12.1621810996445,5.38535022069965,41696.1043036861,-156501.160307548,TRUE,FALSE,TRUE
15,196712,"p","2020-02-25 07:17:00",1190.45,TRUE,1190.4,0.0499999999999545,FALSE,TRUE,427.351596754808,2.37417553752887,8.54703193510393,5.51418672823899,41863.9666743603,-156106.595593432,TRUE,FALSE,TRUE
15,196712,"o","2020-02-25 07:19:00",1190.48333333333,TRUE,1190.45,0.0333333333298924,FALSE,TRUE,283.186638179592,2.35988865174021,8.49559914626474,5.64159454271138,41977.3201930562,-155846.043308788,TRUE,FALSE,TRUE
15,196712,"p","2020-02-25 07:22:00",1190.53333333333,TRUE,1190.48333333333,0.0499999999999545,FALSE,TRUE,162.004177069982,0.900023205945161,3.24008354140258,5.62301580805519,41838.9236625308,-155760.460742174,TRUE,FALSE,TRUE
15,196712,"p","2020-02-25 07:27:00",1190.61666666667,TRUE,1190.53333333333,0.0833333333400788,FALSE,TRUE,271.624643826509,0.905415479348407,3.25949572565427,5.60497629612933,41603.5369673376,-155622.500202646,TRUE,FALSE,TRUE
15,196712,"p","2020-02-25 07:32:00",1190.7,TRUE,1190.61666666667,0.0833333333300743,FALSE,TRUE,271.624636633536,0.905415455480528,3.2594956397299,5.58693677710667,41368.1502721449,-155484.539663121,TRUE,FALSE,TRUE
15,196712,"p","2020-02-25 07:37:00",1190.78333333333,TRUE,1190.7,0.0833333333298469,FALSE,TRUE,271.624629576342,0.905415431959021,3.25949555505248,5.56889725096055,41132.7635769513,-155346.579123599,TRUE,FALSE,TRUE
15,196712,"p","2020-02-25 07:42:00",1190.86666666667,TRUE,1190.78333333333,0.0833333333400788,FALSE,TRUE,271.624622645367,0.9054154087446,3.25949547148056,5.55085771766048,40897.3768817583,-155208.618584078,TRUE,FALSE,TRUE
15,196712,"p","2020-02-25 07:47:00",1190.95,TRUE,1190.86666666667,0.0833333333300743,FALSE,TRUE,271.62461586374,0.905415386247875,3.25949539049235,5.53281817717926,40661.9901865546,-155070.658044538,TRUE,FALSE,TRUE
15,196712,"o","2020-02-25 07:48:00",1190.96666666667,TRUE,1190.95,0.0166666666700621,FALSE,TRUE,56.4003515821316,0.940005859510689,3.38402109423848,5.51823767903129,40613.7208997104,-155041.004982555,TRUE,FALSE,TRUE
15,196712,"p","2020-02-25 07:52:00",1191.03333333333,TRUE,1190.96666666667,0.0666666666597848,FALSE,TRUE,549.178509512153,2.28824378987018,8.23767764353266,5.63696003444118,40249.7599860992,-154626.923761069,TRUE,FALSE,TRUE
15,196712,"p","2020-02-25 07:57:00",1191.11666666667,TRUE,1191.03333333333,0.0833333333400788,FALSE,TRUE,689.381891044447,2.29793963662882,8.27258269186374,5.47216044595399,39793.3189093158,-154106.746041598,TRUE,FALSE,TRUE
15,196712,"p","2020-02-25 08:02:00",1191.2,TRUE,1191.11666666667,0.0833333333300743,FALSE,TRUE,689.381910304902,2.29793970110621,8.27258292398236,5.31149486731145,39336.8778325321,-153586.568322128,TRUE,FALSE,TRUE
15,196712,"p","2020-02-25 08:07:00",1191.28333333333,TRUE,1191.2,0.0833333333298469,FALSE,TRUE,689.38193168437,2.29793977237737,8.27258318055853,5.34857790518077,38880.4367557476,-153066.390602644,TRUE,FALSE,TRUE
15,196712,"p","2020-02-25 08:12:00",1191.36666666667,TRUE,1191.28333333333,0.0833333333400788,FALSE,TRUE,689.381955180802,2.29793985041667,8.2725834615,5.38695129049682,38423.995678964,-152546.212883173,TRUE,FALSE,TRUE
15,196712,"p","2020-02-25 08:17:00",1191.45,TRUE,1191.36666666667,0.0833333333300743,FALSE,TRUE,689.381980799856,2.29793993608939,8.2725837699218,5.42532468428689,37967.5546021805,-152026.035163692,TRUE,FALSE,TRUE
15,196712,"p","2020-02-25 08:22:00",1191.53333333333,TRUE,1191.45,0.0833333333298469,FALSE,TRUE,689.382008538024,2.29794002855622,8.27258410280238,5.46369808684376,37511.1135253958,-151505.85744423,TRUE,FALSE,TRUE
15,196712,"p","2020-02-25 08:27:00",1191.61666666667,TRUE,1191.53333333333,0.0833333333400788,FALSE,TRUE,689.38203839925,2.29794012781149,8.27258446012137,5.5020714984628,37054.6724486122,-150985.679724752,TRUE,FALSE,TRUE
15,196712,"o","2020-02-25 08:29:00",1191.65,TRUE,1191.61666666667,0.0333333333301198,FALSE,TRUE,272.124113514636,2.26770094617392,8.16372340622612,5.53742099060062,36874.4539458974,-150780.38573949,TRUE,FALSE,TRUE
15,196712,"p","2020-02-25 08:32:00",1191.7,TRUE,1191.65,0.0499999999999545,FALSE,TRUE,14.9678152378685,0.0831545290993448,0.299356304757641,5.35527732134091,36860.6071112755,-150774.520910963,TRUE,FALSE,TRUE
15,196712,"p","2020-02-25 08:37:00",1191.78333333333,TRUE,1191.7,0.0833333333298469,FALSE,TRUE,19.7322490943919,0.0657741636507247,0.236786989142609,5.27500392950573,36841.4589335721,-150769.374700966,TRUE,FALSE,TRUE
15,196712,"p","2020-02-25 08:42:00",1191.86666666667,TRUE,1191.78333333333,0.0833333333400788,FALSE,TRUE,19.7322490329824,0.0657741634379505,0.236786988376622,5.19612901944356,36822.3107558687,-150764.228490975,TRUE,FALSE,TRUE
15,196712,"o","2020-02-25 08:47:00",1191.95,TRUE,1191.86666666667,0.0833333333300743,FALSE,TRUE,23.2517928228303,0.0775059760791322,0.279021513884876,5.11842728890195,36800.8803418282,-150754.931893142,TRUE,FALSE,TRUE
15,196712,"p","2020-02-25 08:52:00",1192.03333333333,TRUE,1191.95,0.0833333333298469,FALSE,TRUE,882.730970210984,2.94243656749305,10.592771642975,5.32721861573317,36361.4174690064,-149985.811512144,TRUE,FALSE,TRUE
15,196712,"p","2020-02-25 08:57:00",1192.11666666667,TRUE,1192.03333333333,0.0833333333400788,FALSE,TRUE,576.40555949599,1.92135186483111,6.916866713392,5.43390147050431,36040.4715126683,-149504.517914824,TRUE,FALSE,TRUE
15,196712,"o","2020-02-25 08:59:00",1192.15,TRUE,1192.11666666667,0.0333333333301198,FALSE,TRUE,229.330845661257,1.91109038069471,6.87992537050097,5.5395581750094,35912.5101693907,-149313.207381552,TRUE,FALSE,TRUE
15,196712,"p","2020-02-25 09:02:00",1192.2,TRUE,1192.15,0.0499999999999545,FALSE,TRUE,284.066312294918,1.57814617941765,5.68132624590353,5.61192045750989,35737.2817263028,-149088.274438808,TRUE,FALSE,TRUE
15,196712,"p","2020-02-25 09:07:00",1192.28333333333,TRUE,1192.2,0.0833333333298469,FALSE,TRUE,472.539510764749,1.57513170261506,5.67047412941423,5.6839812904257,35445.4904116718,-148714.336687563,TRUE,FALSE,TRUE
15,196712,"p","2020-02-25 09:12:00",1192.36666666667,TRUE,1192.28333333333,0.0833333333400788,FALSE,TRUE,472.539534706806,1.57513178222852,5.67047441602268,5.75604212934327,35153.6990970421,-148340.398936297,TRUE,FALSE,TRUE
15,196712,"p","2020-02-25 09:17:00",1192.45,TRUE,1192.36666666667,0.0833333333300743,FALSE,TRUE,472.539559329563,1.57513186449348,5.67047471217652,5.82810297450074,34861.907782412,-147966.46118504,TRUE,FALSE,TRUE
15,196712,"p","2020-02-25 09:22:00",1192.53333333333,TRUE,1192.45,0.0833333333298469,FALSE,TRUE,472.539584638099,1.57513194885956,5.67047501589442,5.89944590936276,34570.1164677814,-147592.523433781,TRUE,FALSE,TRUE
15,196712,"o","2020-02-25 09:26:00",1192.6,TRUE,1192.53333333333,0.0666666666700166,FALSE,TRUE,377.571781262832,1.57321575518275,5.66357671865789,5.77559528958038,34337.0555858617,-147293.668647402,TRUE,FALSE,TRUE
15,196712,"p","2020-02-25 09:27:00",1192.61666666667,TRUE,1192.6,0.0166666666700621,FALSE,TRUE,78.0120700448327,1.30020116714899,4.68072420173637,5.62476275763467,34292.1294087511,-147229.542990784,TRUE,FALSE,TRUE
15,196712,"p","2020-02-25 09:32:00",1192.7,TRUE,1192.61666666667,0.0833333333300743,FALSE,TRUE,387.792989655853,1.2926432989034,4.65351587605223,5.64406739903141,34069.3593721012,-146910.391780812,TRUE,FALSE,TRUE
15,196712,"p","2020-02-25 09:37:00",1192.78333333333,TRUE,1192.7,0.0833333333298469,FALSE,TRUE,387.793010994701,1.29264337003642,4.6535161321311,5.6649605122161,33846.589335454,-146591.240570837,TRUE,FALSE,TRUE
15,196712,"p","2020-02-25 09:42:00",1192.86666666667,TRUE,1192.78333333333,0.0833333333400788,FALSE,TRUE,387.793032712884,1.29264344227165,4.65351639217793,5.68181860007693,33623.8192988073,-146272.08936086,TRUE,FALSE,TRUE
15,196712,"p","2020-02-25 09:47:00",1192.95,TRUE,1192.86666666667,0.0833333333300743,FALSE,TRUE,387.793054810691,1.29264351608619,4.65351665791029,5.47324458780653,33401.0492621606,-145952.938150887,TRUE,FALSE,TRUE
15,196712,"o","2020-02-25 09:49:00",1192.98333333333,TRUE,1192.95,0.0333333333298924,FALSE,TRUE,155.881114665647,1.29900928901449,4.67643344045216,5.36572796295509,33310.767021456,-145825.16348773,TRUE,FALSE,TRUE
15,196712,"p","2020-02-25 09:52:00",1193.03333333333,TRUE,1192.98333333333,0.0499999999999545,FALSE,TRUE,331.61013729214,1.84227854051357,6.63220274584884,5.31396695183243,33047.6185662749,-145621.081784987,TRUE,FALSE,TRUE
15,196712,"p","2020-02-25 09:57:00",1193.11666666667,TRUE,1193.03333333333,0.0833333333400788,FALSE,TRUE,554.338697015301,1.8477956565681,6.65206436364516,5.40874419689472,32607.0807642302,-145280.755315149,TRUE,FALSE,TRUE
15,196712,"p","2020-02-25 10:02:00",1193.2,TRUE,1193.11666666667,0.0833333333300743,FALSE,TRUE,554.338708618696,1.84779569546792,6.6520645036845,5.50298221850667,32166.5429621859,-144940.428845304,TRUE,FALSE,TRUE
15,196712,"p","2020-02-25 10:07:00",1193.28333333333,TRUE,1193.2,0.0833333333298469,FALSE,TRUE,554.338721328333,1.84779573783841,6.65206465621829,5.59722024674246,31726.0051601404,-144600.102375446,TRUE,FALSE,TRUE
15,196712,"p","2020-02-25 10:12:00",1193.36666666667,TRUE,1193.28333333333,0.0833333333400788,FALSE,TRUE,553.135813079309,1.84378604344845,6.63762975641443,5.69105730789141,31286.8602187556,-144259.951813562,TRUE,FALSE,TRUE
15,196712,"p","2020-02-25 10:17:00",1193.45,TRUE,1193.36666666667,0.0833333333300743,FALSE,TRUE,357.214762119136,1.19071587377702,4.28657714559727,5.71958735439465,31103.2445155873,-143952.072697291,TRUE,FALSE,TRUE
15,196712,"p","2020-02-25 10:22:00",1193.53333333333,TRUE,1193.45,0.0833333333298469,FALSE,TRUE,356.356849412529,1.18785616475813,4.27628219312925,5.74783143224567,30921.0216730779,-143644.369488967,TRUE,FALSE,TRUE
15,196712,"p","2020-02-25 10:27:00",1193.61666666667,TRUE,1193.53333333333,0.0833333333400788,FALSE,TRUE,356.356874528874,1.18785624833343,4.27628249400035,5.77261647112795,30738.798830569,-143336.666280647,TRUE,FALSE,TRUE
15,196712,"o","2020-02-25 10:32:00",1193.7,TRUE,1193.61666666667,0.0833333333300743,FALSE,TRUE,356.927465936656,1.18975821983538,4.28312959140737,5.66276791412447,30555.8406882784,-143028.732504577,TRUE,FALSE,TRUE
15,196712,"p","2020-02-25 10:37:00",1193.78333333333,TRUE,1193.7,0.0833333333298469,FALSE,TRUE,471.130158483781,1.57043386167831,5.6535619020419,5.59001733662942,30237.9870762222,-142678.499592557,TRUE,FALSE,TRUE
15,196712,"o","2020-02-25 10:40:00",1193.83333333333,TRUE,1193.78333333333,0.0500000000001819,FALSE,TRUE,283.193542085711,1.573297456026,5.66387084169361,5.5175531121214,30047.1751799104,-142467.752719517,TRUE,FALSE,TRUE
15,196712,"p","2020-02-25 10:42:00",1193.86666666667,TRUE,1193.83333333333,0.0333333333398969,FALSE,TRUE,201.634863051481,1.68029052509815,6.04904589035333,5.45578818739347,29944.7278617022,-142293.260424028,TRUE,FALSE,TRUE
15,196712,"p","2020-02-25 10:47:00",1193.95,TRUE,1193.86666666667,0.0833333333300743,FALSE,TRUE,504.667557078709,1.68222519032815,6.05601068518135,5.39421672138462,29689.4631931594,-141855.857722356,TRUE,FALSE,TRUE
15,196712,"p","2020-02-25 10:52:00",1194.03333333333,TRUE,1193.95,0.0833333333298469,FALSE,TRUE,504.667611584914,1.68222537202009,6.05601133927233,5.33264526497769,29434.1985246157,-141418.455020689,TRUE,FALSE,TRUE
15,196712,"p","2020-02-25 10:57:00",1194.11666666667,TRUE,1194.03333333333,0.0833333333400788,FALSE,TRUE,504.667666914091,1.68222555624413,6.05601200247888,5.27107381774648,29178.9338560727,-140981.052319026,TRUE,FALSE,TRUE
15,196712,"p","2020-02-25 11:02:00",1194.2,TRUE,1194.11666666667,0.0833333333300743,FALSE,TRUE,504.667723075555,1.68222574365097,6.0560126771435,5.20950237933043,28923.6691875297,-140543.64961736,TRUE,FALSE,TRUE
15,196712,"o","2020-02-25 11:05:00",1194.25,TRUE,1194.2,0.0499999999999545,FALSE,TRUE,301.424382737444,1.67457990409843,6.02848765475436,5.15019027512288,28770.6682801405,-140282.714496097,TRUE,FALSE,TRUE
15,196712,"p","2020-02-25 11:07:00",1194.28333333333,TRUE,1194.25,0.0333333333298924,FALSE,TRUE,110.821005971037,0.923508383187305,3.3246301794743,5.23422566053168,28680.1174822567,-140218.002939108,TRUE,FALSE,TRUE
15,196712,"p","2020-02-25 11:12:00",1194.36666666667,TRUE,1194.28333333333,0.0833333333400788,FALSE,TRUE,274.561658059437,0.915205526790708,3.29473989644655,5.31916879684568,28454.1352218912,-140059.990295996,TRUE,FALSE,TRUE
15,196712,"p","2020-02-25 11:17:00",1194.45,TRUE,1194.36666666667,0.0833333333300743,FALSE,TRUE,274.561662586464,0.915205541990673,3.29473995116642,5.40411193470095,28228.1529615253,-139901.977652878,TRUE,FALSE,TRUE
15,196712,"p","2020-02-25 11:22:00",1194.53333333333,TRUE,1194.45,0.0833333333298469,FALSE,TRUE,274.561667249629,0.915205557537053,3.29474000713339,5.48788189284674,28002.1707011591,-139743.965009766,TRUE,FALSE,TRUE
15,196712,"p","2020-02-25 11:27:00",1194.61666666667,TRUE,1194.53333333333,0.0833333333400788,FALSE,TRUE,274.561672048923,0.915205573422329,3.29474006432038,5.28515879343967,27776.1884407901,-139585.952366647,TRUE,FALSE,TRUE
15,196712,"o","2020-02-25 11:28:00",1194.63333333333,TRUE,1194.61666666667,0.0166666666600577,FALSE,TRUE,55.3468462367954,0.922447437645711,3.32081077552456,5.18526835072113,27730.6223807256,-139554.11684242,TRUE,FALSE,TRUE
15,196712,"p","2020-02-25 11:32:00",1194.7,TRUE,1194.63333333333,0.0666666666700166,FALSE,TRUE,283.697099351588,1.18207124723889,4.25545649005999,5.11236643737555,27495.3692383916,-139393.371298133,TRUE,FALSE,TRUE
15,196712,"p","2020-02-25 11:37:00",1194.78333333333,TRUE,1194.7,0.0833333333298469,FALSE,TRUE,355.164764756715,1.18388254923858,4.26197717725888,5.07294007435764,27200.8408004797,-139192.148123276,TRUE,FALSE,TRUE
15,196712,"p","2020-02-25 11:42:00",1194.86666666667,TRUE,1194.78333333333,0.0833333333400788,FALSE,TRUE,355.164773013843,1.18388257661698,4.26197727582113,5.03381516175783,26906.3123625685,-138990.924948406,TRUE,FALSE,TRUE
15,196712,"p","2020-02-25 11:47:00",1194.95,TRUE,1194.86666666667,0.0833333333300743,FALSE,TRUE,355.164781558752,1.18388260524214,4.2619773788717,4.99469024405919,26611.7839246573,-138789.701773539,TRUE,FALSE,TRUE
15,196712,"p","2020-02-25 11:52:00",1195.03333333333,TRUE,1194.95,0.0833333333298469,FALSE,TRUE,355.164790399305,1.18388263471388,4.26197748496997,4.95556532108123,26317.2554867453,-138588.478598673,TRUE,FALSE,TRUE
15,196712,"o","2020-02-25 11:56:00",1195.1,TRUE,1195.03333333333,0.0666666666700166,FALSE,TRUE,284.99258932571,1.18746912213079,4.27488883967083,4.91679903840836,26080.8938888961,-138427.048920978,TRUE,FALSE,TRUE
15,196712,"p","2020-02-25 11:57:00",1195.11666666667,TRUE,1195.1,0.0166666666700621,FALSE,TRUE,102.110852066218,1.70184753409025,6.12665112272489,4.92966221629911,25995.3222447726,-138370.522142836,TRUE,FALSE,TRUE
15,196712,"p","2020-02-25 12:02:00",1195.2,TRUE,1195.11666666667,0.0833333333300743,FALSE,TRUE,514.860948002077,1.71620316007404,6.17833137626654,4.97126241559161,25563.7697865916,-138085.632563144,TRUE,FALSE,TRUE
15,196712,"p","2020-02-25 12:07:00",1195.28333333333,TRUE,1195.2,0.0833333333298469,FALSE,TRUE,514.860967010324,1.71620322343955,6.17833160438237,5.01361840804523,25132.2173284033,-137800.742983436,TRUE,FALSE,TRUE
15,196712,"p","2020-02-25 12:12:00",1195.36666666667,TRUE,1195.28333333333,0.0833333333400788,FALSE,TRUE,514.860986896267,1.7162032895153,6.1783318422551,5.05597439999311,24700.6648702159,-137515.853403724,TRUE,FALSE,TRUE
15,196712,"o","2020-02-25 12:14:00",1195.4,TRUE,1195.36666666667,0.0333333333301198,FALSE,TRUE,206.432815848248,1.72027346556792,6.1929844760445,5.09873740232274,24528.9209556222,-137399.709406363,TRUE,FALSE,TRUE
15,196712,"p","2020-02-25 12:17:00",1195.45,TRUE,1195.4,0.0499999999999545,FALSE,TRUE,441.549016840878,2.45305009356266,8.83098033682559,5.21477806007039,24366.7072258357,-136987.478214168,TRUE,FALSE,TRUE
15,196712,"p","2020-02-25 12:22:00",1195.53333333333,TRUE,1195.45,0.0833333333298469,FALSE,TRUE,735.48154895033,2.45160516327033,8.8257785877732,5.33003764749597,24099.5055517814,-136299.664357862,TRUE,FALSE,TRUE
15,196712,"p","2020-02-25 12:27:00",1195.61666666667,TRUE,1195.53333333333,0.0833333333400788,FALSE,TRUE,163.827844542127,0.54609281509622,1.96593413434639,5.20041907495424,24142.851782706,-136141.135711487,TRUE,FALSE,TRUE
15,196712,"p","2020-02-25 12:32:00",1195.7,TRUE,1195.61666666667,0.0833333333300743,FALSE,TRUE,161.513985203208,0.538379950698414,1.93816782251429,5.06947750436727,24187.890774752,-135985.492138261,TRUE,FALSE,TRUE
15,196712,"p","2020-02-25 12:37:00",1195.78333333333,TRUE,1195.7,0.0833333333298469,FALSE,TRUE,161.51399631983,0.538379987755291,1.93816795591905,4.93853593359601,24232.9297667977,-135829.848565043,TRUE,FALSE,TRUE
15,196712,"p","2020-02-25 12:42:00",1195.86666666667,TRUE,1195.78333333333,0.0833333333400788,FALSE,TRUE,161.856295247351,0.539520984114164,1.94227554281099,4.80770845822358,24276.946039779,-135673.557158526,TRUE,FALSE,TRUE
15,196712,"p","2020-02-25 12:47:00",1195.95,TRUE,1195.86666666667,0.0833333333300743,FALSE,TRUE,309.301461614162,1.03100487208753,3.71161753951509,4.72643034108749,24133.3379286115,-135398.416571697,TRUE,FALSE,TRUE
15,196712,"p","2020-02-25 12:52:00",1196.03333333333,TRUE,1195.95,0.0833333333298469,FALSE,TRUE,310.345083256241,1.03448361089742,3.7241409992307,4.71080711479953,23988.7070983789,-135122.628151567,TRUE,FALSE,TRUE
15,196712,"p","2020-02-25 12:57:00",1196.11666666667,TRUE,1196.03333333333,0.0833333333400788,FALSE,TRUE,310.345110705589,1.03448370226823,3.72414132816562,4.69546986855054,23844.0762681468,-134846.839731451,TRUE,FALSE,TRUE
15,196712,"p","2020-02-25 13:02:00",1196.2,TRUE,1196.11666666667,0.0833333333300743,FALSE,TRUE,310.345138354591,1.03448379455576,3.72414166040074,4.68013262317277,23699.4454379148,-134571.051311324,TRUE,FALSE,TRUE
15,196712,"p","2020-02-25 13:07:00",1196.28333333333,TRUE,1196.2,0.0833333333298469,FALSE,TRUE,310.345166191564,1.03448388734849,3.72414199445457,4.66460518992408,23554.8146076824,-134295.262891199,TRUE,FALSE,TRUE
15,196712,"p","2020-02-25 13:12:00",1196.36666666667,TRUE,1196.28333333333,0.0833333333400788,FALSE,TRUE,310.345194223115,1.03448398065998,3.72414233037593,4.61101020182225,23410.1837774502,-134019.474471074,TRUE,FALSE,TRUE
15,196712,"p","2020-02-25 13:17:00",1196.45,TRUE,1196.36666666667,0.0833333333300743,FALSE,TRUE,310.345222446636,1.03448407486258,3.72414266950527,4.55712886370591,23265.5529472183,-133743.686050941,TRUE,FALSE,TRUE
15,196712,"p","2020-02-25 13:22:00",1196.53333333333,TRUE,1196.45,0.0833333333298469,FALSE,TRUE,310.345250867341,1.03448416960108,3.7241430105639,4.4925482281562,23120.9221169855,-133467.897630826,TRUE,FALSE,TRUE
15,196712,"p","2020-02-25 13:27:00",1196.61666666667,TRUE,1196.53333333333,0.0833333333400788,FALSE,TRUE,310.345279469864,1.03448426481581,3.72414335333692,4.42777413560497,22976.2912867535,-133192.109210705,TRUE,FALSE,TRUE
15,196712,"p","2020-02-25 13:32:00",1196.7,TRUE,1196.61666666667,0.0833333333300743,FALSE,TRUE,310.345308276066,1.03448436096068,3.72414369945844,4.36300003449903,22831.6604565216,-132916.32079057,TRUE,FALSE,TRUE
15,196712,"p","2020-02-25 13:37:00",1196.78333333333,TRUE,1196.7,0.0833333333298469,FALSE,TRUE,310.345337268194,1.03448445760393,3.72414404737413,4.29822592463501,22687.029626289,-132640.532370444,TRUE,FALSE,TRUE
15,196712,"p","2020-02-25 13:42:00",1196.86666666667,TRUE,1196.78333333333,0.0833333333400788,FALSE,TRUE,310.34536645609,1.0344845547699,3.72414439717163,4.2334518057469,22542.3987960571,-132364.743950321,TRUE,FALSE,TRUE
15,196712,"p","2020-02-25 13:47:00",1196.95,TRUE,1196.86666666667,0.0833333333300743,FALSE,TRUE,310.345395834335,1.03448465282157,3.72414475015766,4.16944228061921,22397.7679658248,-132088.955530201,TRUE,FALSE,TRUE
15,196712,"p","2020-02-25 13:52:00",1197.03333333333,TRUE,1196.95,0.0833333333298469,FALSE,TRUE,310.345425408034,1.03448475140339,3.72414510505221,4.18053991744082,22253.1371355925,-131813.167110069,TRUE,FALSE,TRUE
15,196712,"p","2020-02-25 13:57:00",1197.11666666667,TRUE,1197.03333333333,0.0833333333400788,FALSE,TRUE,310.3454551695,1.03448485048127,3.72414546173255,4.19246784980988,22108.5063053604,-131537.378689949,TRUE,FALSE,TRUE
15,196712,"p","2020-02-25 14:02:00",1197.2,TRUE,1197.11666666667,0.0833333333300743,FALSE,TRUE,310.345485126022,1.03448495046053,3.72414582165791,4.20439579065686,21963.8754751284,-131261.590269818,TRUE,FALSE,TRUE
15,196712,"p","2020-02-25 14:07:00",1197.28333333333,TRUE,1197.2,0.0833333333298469,FALSE,TRUE,310.345515278648,1.0344850509721,3.72414618349958,4.21632374000037,21819.2446448956,-130985.801849697,TRUE,FALSE,TRUE
15,196712,"p","2020-02-25 14:12:00",1197.36666666667,TRUE,1197.28333333333,0.0833333333400788,FALSE,TRUE,310.345545618671,1.0344851519785,3.7241465471226,4.22825169785598,21674.6138146636,-130710.013429567,TRUE,FALSE,TRUE
15,196712,"o","2020-02-25 14:17:00",1197.45,TRUE,1197.36666666667,0.0833333333300743,FALSE,TRUE,310.954491016111,1.03651497009424,3.73145389233926,4.23965845110084,21529.6854369995,-130433.691094115,TRUE,FALSE,TRUE
15,196712,"p","2020-02-25 14:22:00",1197.53333333333,TRUE,1197.45,0.0833333333298469,FALSE,TRUE,422.673441180313,1.40891147065999,5.07208129437596,4.26234247344295,21330.1700709907,-130059.418561563,TRUE,FALSE,TRUE
15,196712,"p","2020-02-25 14:27:00",1197.61666666667,TRUE,1197.53333333333,0.0833333333400788,FALSE,TRUE,423.282503625504,1.41094167863747,5.07939004309489,4.28504838638284,21130.3571575506,-129684.612113682,TRUE,FALSE,TRUE
15,196712,"p","2020-02-25 14:32:00",1197.7,TRUE,1197.61666666667,0.0833333333300743,FALSE,TRUE,423.282561362774,1.41094187126443,5.07939073655194,4.30775431584758,20930.5442441103,-129309.805665794,TRUE,FALSE,TRUE
15,196712,"p","2020-02-25 14:37:00",1197.78333333333,TRUE,1197.7,0.0833333333298469,FALSE,TRUE,423.282619588264,1.41094206535324,5.07939143527168,4.33046026185869,20730.7313306695,-128934.999217908,TRUE,FALSE,TRUE
15,196712,"p","2020-02-25 14:42:00",1197.86666666667,TRUE,1197.78333333333,0.0833333333400788,FALSE,TRUE,423.282678297591,1.41094226087776,5.07939213915994,4.35316622447508,20530.9184172291,-128560.19277003,TRUE,FALSE,TRUE
15,196712,"p","2020-02-25 14:47:00",1197.95,TRUE,1197.86666666667,0.0833333333300743,FALSE,TRUE,423.282737498766,1.4109424583844,5.07939285018384,4.37551355810044,20331.1055037889,-128185.38632214,TRUE,FALSE,TRUE
15,196712,"p","2020-02-25 14:52:00",1198.03333333333,TRUE,1197.95,0.0833333333298469,FALSE,TRUE,423.282797189596,1.41094265735768,5.07939356648766,4.34642307042718,20131.2925903479,-127810.579874259,TRUE,FALSE,TRUE
15,196712,"p","2020-02-25 14:57:00",1198.11666666667,TRUE,1198.03333333333,0.0833333333400788,FALSE,TRUE,423.282857365266,1.41094285777001,5.07939428797204,4.31589704019678,19931.4796769073,-127435.773426383,TRUE,FALSE,TRUE
15,196712,"p","2020-02-25 15:02:00",1198.2,TRUE,1198.11666666667,0.0833333333300743,FALSE,TRUE,423.282918032546,1.41094306016367,5.0793950165892,4.28537102386919,19731.6667634673,-127060.966978494,TRUE,FALSE,TRUE
15,196712,"p","2020-02-25 15:07:00",1198.28333333333,TRUE,1198.2,0.0833333333298469,FALSE,TRUE,423.282979188425,1.41094326402045,5.07939575047361,4.25484502131971,19531.8538500262,-126686.160530607,TRUE,FALSE,TRUE
15,196712,"p","2020-02-25 15:12:00",1198.36666666667,TRUE,1198.28333333333,0.0833333333400788,FALSE,TRUE,423.283040828561,1.41094346931433,5.07939648953158,4.22391202169435,19332.0409365861,-126311.354082725,TRUE,FALSE,TRUE
15,196712,"p","2020-02-25 15:17:00",1198.45,TRUE,1198.36666666667,0.0833333333300743,FALSE,TRUE,423.28310295968,1.41094367658745,5.07939723571481,4.11970137999683,19132.2280231457,-125936.547634841,TRUE,FALSE,TRUE
15,196712,"p","2020-02-25 15:22:00",1198.53333333333,TRUE,1198.45,0.0833333333298469,FALSE,TRUE,423.283165584776,1.41094388534161,5.07939798722981,4.01563525220396,18932.4151097048,-125561.741186956,TRUE,FALSE,TRUE
15,196712,"p","2020-02-25 15:27:00",1198.61666666667,TRUE,1198.53333333333,0.0833333333400788,FALSE,TRUE,423.283228689682,1.41094409551807,5.07939874386503,4.10212038024614,18732.6021962645,-125186.934739073,TRUE,FALSE,TRUE
15,196712,"p","2020-02-25 15:32:00",1198.7,TRUE,1198.61666666667,0.0833333333300743,FALSE,TRUE,423.283292284986,1.4109443076718,5.07939950761848,4.18937681594348,18532.7892828241,-124812.128291193,TRUE,FALSE,TRUE
15,196712,"p","2020-02-25 15:37:00",1198.78333333333,TRUE,1198.7,0.0833333333298469,FALSE,TRUE,423.283356373124,1.41094452130278,5.07940027668999,4.27663326929823,18332.9763693834,-124437.321843306,TRUE,FALSE,TRUE
15,196712,"p","2020-02-25 15:42:00",1198.86666666667,TRUE,1198.78333333333,0.0833333333400788,FALSE,TRUE,423.283420944818,1.41094473636852,5.07940105092666,4.36377564452366,18133.1634559428,-124062.515395422,TRUE,FALSE,TRUE
15,196712,"p","2020-02-25 15:47:00",1198.95,TRUE,1198.86666666667,0.0833333333300743,FALSE,TRUE,423.283486007738,1.41094495341431,5.0794018322915,4.40176965265634,17933.3505425027,-123687.708947539,TRUE,FALSE,TRUE
15,196712,"p","2020-02-25 15:52:00",1199.03333333333,TRUE,1198.95,0.0833333333298469,FALSE,TRUE,423.283551560031,1.4109451719258,5.07940261893287,4.43941580875918,17733.5376290618,-123312.902499652,TRUE,FALSE,TRUE
15,196712,"o","2020-02-25 15:56:00",1199.1,TRUE,1199.03333333333,0.0666666666700166,FALSE,TRUE,338.672570731977,1.41113571131233,5.08008856072439,4.47708100966359,17573.5105122862,-123013.09937972,TRUE,FALSE,TRUE
15,196712,"p","2020-02-25 15:57:00",1199.11666666667,TRUE,1199.1,0.0166666666700621,FALSE,TRUE,86.5345864744416,1.44224310761354,5.19207518740873,4.51785694096937,17527.1674948148,-122939.655309268,TRUE,FALSE,TRUE
15,196712,"p","2020-02-25 16:02:00",1199.2,TRUE,1199.11666666667,0.0833333333300743,FALSE,TRUE,432.965247558086,1.44321749191673,5.19558297090022,4.55873030142619,17294.5684773519,-122572.645148879,TRUE,FALSE,TRUE
15,196712,"p","2020-02-25 16:07:00",1199.28333333333,TRUE,1199.2,0.0833333333298469,FALSE,TRUE,432.965312847804,1.44321770955306,5.19558375439101,4.5996036743155,17061.9694598865,-122205.634988489,TRUE,FALSE,TRUE
15,196712,"p","2020-02-25 16:12:00",1199.36666666667,TRUE,1199.28333333333,0.0833333333400788,FALSE,TRUE,432.965378659834,1.44321792874929,5.19558454349745,4.64047705970417,16829.3704424217,-121838.624828109,TRUE,FALSE,TRUE
15,196712,"p","2020-02-25 16:17:00",1199.45,TRUE,1199.36666666667,0.0833333333300743,FALSE,TRUE,432.965444992442,1.44321815003125,5.19558534011249,4.68135045774719,16596.771424957,-121471.614667727,TRUE,FALSE,TRUE
15,196712,"p","2020-02-25 16:22:00",1199.53333333333,TRUE,1199.45,0.0833333333298469,FALSE,TRUE,432.965511854744,1.44321837290953,5.1955861424743,4.72222386855656,16364.1724074917,-121104.604507337,TRUE,FALSE,TRUE
15,196712,"p","2020-02-25 16:27:00",1199.61666666667,TRUE,1199.53333333333,0.0833333333400788,FALSE,TRUE,432.965579233547,1.44321859732834,5.19558695038201,4.76309729219332,16131.573390027,-120737.594346951,TRUE,FALSE,TRUE
15,196712,"p","2020-02-25 16:32:00",1199.7,TRUE,1199.61666666667,0.0833333333300743,FALSE,TRUE,432.965647137851,1.44321882384928,5.1955877658574,4.80397072881786,15898.9743725622,-120370.584186565,TRUE,FALSE,TRUE
15,196712,"p","2020-02-25 16:37:00",1199.78333333333,TRUE,1199.7,0.0833333333298469,FALSE,TRUE,432.965715569631,1.44321905195915,5.19558858705293,4.84484417853678,15666.3753550967,-120003.574026175,TRUE,FALSE,TRUE
15,196712,"p","2020-02-25 16:42:00",1199.86666666667,TRUE,1199.78333333333,0.0833333333400788,FALSE,TRUE,432.96578452016,1.44321928161705,5.19558941382136,4.88571764141633,15433.7763376322,-119636.563865793,TRUE,FALSE,TRUE
15,196712,"p","2020-02-25 16:47:00",1199.95,TRUE,1199.86666666667,0.0833333333300743,FALSE,TRUE,432.965853993073,1.44321951336669,5.19559024812007,4.92659111761266,15201.1773201675,-119269.5537054,TRUE,FALSE,TRUE
15,196712,"p","2020-02-25 16:52:00",1200.03333333333,TRUE,1199.95,0.0833333333298469,FALSE,TRUE,432.965923993722,1.44321974670612,5.19559108814203,4.96746460723515,14968.5783027018,-118902.543545015,TRUE,FALSE,TRUE
15,196712,"p","2020-02-25 16:57:00",1200.11666666667,TRUE,1200.03333333333,0.0833333333400788,FALSE,TRUE,432.965994516563,1.44321998160505,5.19559193377819,5.0083381103496,14735.9792852374,-118535.533384634,TRUE,FALSE,TRUE
15,196712,"p","2020-02-25 17:02:00",1200.2,TRUE,1200.11666666667,0.0833333333300743,FALSE,TRUE,432.966065561052,1.44322021859328,5.19559278693581,5.04921162711172,14503.3802677725,-118168.523224243,TRUE,FALSE,TRUE
15,196712,"p","2020-02-25 17:07:00",1200.28333333333,TRUE,1200.2,0.0833333333298469,FALSE,TRUE,432.966137128284,1.44322045715466,5.19559364575678,5.09008515762933,14270.7812503071,-117801.513063856,TRUE,FALSE,TRUE
15,196712,"p","2020-02-25 17:12:00",1200.36666666667,TRUE,1200.28333333333,0.0833333333400788,FALSE,TRUE,432.966209219551,1.44322069728168,5.19559451021406,5.13075573034808,14038.1822328426,-117434.502903472,TRUE,FALSE,TRUE
15,196712,"p","2020-02-25 17:17:00",1200.45,TRUE,1200.36666666667,0.0833333333300743,FALSE,TRUE,432.966281835813,1.44322093950915,5.19559538223294,5.13418667723299,13805.5832153778,-117067.49274309,TRUE,FALSE,TRUE
15,196712,"p","2020-02-25 17:22:00",1200.53333333333,TRUE,1200.45,0.0833333333298469,FALSE,TRUE,432.966354976466,1.44322118331526,5.19559625993495,5.13741462770077,13572.9841979125,-116700.482582697,TRUE,FALSE,TRUE
15,196712,"p","2020-02-25 17:27:00",1200.61666666667,TRUE,1200.53333333333,0.0833333333400788,FALSE,TRUE,432.96642863665,1.44322142867201,5.19559714321924,5.14064258344153,13340.3851804476,-116333.472422306,TRUE,FALSE,TRUE
15,196712,"p","2020-02-25 17:32:00",1200.7,TRUE,1200.61666666667,0.0833333333300743,FALSE,TRUE,432.96650282041,1.44322167612448,5.19559803404811,5.14387054451865,13107.786162983,-115966.462261928,TRUE,FALSE,TRUE
15,196712,"o","2020-02-25 17:35:00",1200.75,TRUE,1200.7,0.0499999999999545,FALSE,TRUE,259.844200563193,1.44357889201905,5.19688401126858,5.14713420763278,12968.1596529766,-115746.222263113,TRUE,FALSE,TRUE
15,196712,"p","2020-02-25 17:37:00",1200.78333333333,TRUE,1200.75,0.0333333333298924,FALSE,TRUE,177.911516456631,1.48259597062497,5.33734549424989,5.15429955885684,12870.2095301508,-115596.937120873,TRUE,FALSE,TRUE
15,196712,"p","2020-02-25 17:42:00",1200.86666666667,TRUE,1200.78333333333,0.0833333333400788,FALSE,TRUE,444.940999519886,1.48313666494623,5.33929199380644,5.16151895961569,12625.1664742692,-115223.639508808,TRUE,FALSE,TRUE
15,196712,"p","2020-02-25 17:47:00",1200.95,TRUE,1200.86666666667,0.0833333333300743,FALSE,TRUE,444.941078400978,1.48313692806126,5.33929294102055,5.16873836664482,12380.1234183875,-114850.341896746,TRUE,FALSE,TRUE
15,196712,"p","2020-02-25 17:52:00",1201.03333333333,TRUE,1200.95,0.0833333333298469,FALSE,TRUE,444.94115785662,1.48313719291745,5.33929389450281,5.1759577799202,12135.0803625053,-114477.044284691,TRUE,FALSE,TRUE
15,196712,"p","2020-02-25 17:57:00",1201.11666666667,TRUE,1201.03333333333,0.0833333333400788,FALSE,TRUE,444.941237879543,1.48313745947842,5.33929485412232,5.183177199466,11890.0373066236,-114103.746672633,TRUE,FALSE,TRUE
15,196712,"p","2020-02-25 18:02:00",1201.2,TRUE,1201.11666666667,0.0833333333300743,FALSE,TRUE,444.941318465459,1.4831377282762,5.33929582179432,5.19039662536218,11644.994250742,-113730.449060567,TRUE,FALSE,TRUE
15,196712,"p","2020-02-25 18:07:00",1201.28333333333,TRUE,1201.2,0.0833333333298469,FALSE,TRUE,444.941399624512,1.48313799881042,5.33929679571753,5.19761605758448,11399.9511948596,-113357.151448515,TRUE,FALSE,TRUE
15,196712,"p","2020-02-25 18:12:00",1201.36666666667,TRUE,1201.28333333333,0.0833333333400788,FALSE,TRUE,444.941481349034,1.48313827104339,5.33929777575621,5.20483549615466,11154.9081389781,-112983.853836451,TRUE,FALSE,TRUE
15,196712,"p","2020-02-25 18:17:00",1201.45,TRUE,1201.36666666667,0.0833333333300743,FALSE,TRUE,444.941563642112,1.48313854553171,5.33929876391416,5.21205494115602,10909.8650830964,-112610.556224389,TRUE,FALSE,TRUE
15,196712,"p","2020-02-25 18:22:00",1201.53333333333,TRUE,1201.45,0.0833333333298469,FALSE,TRUE,444.941646505537,1.48313882174717,5.33929975828983,5.21927439256356,10664.822027214,-112237.258612334,TRUE,FALSE,TRUE
15,196712,"p","2020-02-25 18:27:00",1201.61666666667,TRUE,1201.53333333333,0.0833333333400788,FALSE,TRUE,444.941729932718,1.48313909965567,5.33930075876042,5.22649385039885,10419.7789713325,-111863.961000274,TRUE,FALSE,TRUE
15,196712,"p","2020-02-25 18:32:00",1201.7,TRUE,1201.61666666667,0.0833333333300743,FALSE,TRUE,444.941813929404,1.48313937982268,5.33930176736166,5.23371331474427,10174.7359154508,-111490.663388219,TRUE,FALSE,TRUE
15,196712,"p","2020-02-25 18:37:00",1201.78333333333,TRUE,1201.7,0.0833333333298469,FALSE,TRUE,444.941898496885,1.48313966171833,5.339302782186,5.24093278557467,9929.69285956855,-111117.365776162,TRUE,FALSE,TRUE
15,196712,"p","2020-02-25 18:42:00",1201.86666666667,TRUE,1201.78333333333,0.0833333333400788,FALSE,TRUE,444.941983630451,1.48313994531478,5.33930380313322,5.24815226291357,9684.64980368689,-110744.068164094,TRUE,FALSE,TRUE
15,196712,"p","2020-02-25 18:47:00",1201.95,TRUE,1201.86666666667,0.0833333333300743,FALSE,TRUE,444.942069330433,1.48314023115945,5.33930483217401,5.25535271489828,9439.6067478051,-110370.770552042,TRUE,FALSE,TRUE
15,196712,"p","2020-02-25 18:52:00",1202.03333333333,TRUE,1201.95,0.0833333333298469,FALSE,TRUE,444.94215560334,1.48314051873985,5.33930586746346,5.25944245601091,9194.56369192271,-109997.472939983,TRUE,FALSE,TRUE
15,196712,"p","2020-02-25 18:57:00",1202.11666666667,TRUE,1202.03333333333,0.0833333333400788,FALSE,TRUE,444.942242436883,1.48314080800289,5.3393069088104,5.26343478761953,8949.52063604124,-109624.175327916,TRUE,FALSE,TRUE
15,196712,"p","2020-02-25 19:02:00",1202.2,TRUE,1202.11666666667,0.0833333333300743,FALSE,TRUE,444.942329847332,1.48314109954911,5.33930795837679,5.26742712661913,8704.47758015954,-109250.877715857,TRUE,FALSE,TRUE
15,196712,"p","2020-02-25 19:07:00",1202.28333333333,TRUE,1202.2,0.0833333333298469,FALSE,TRUE,444.942417817198,1.48314139278604,5.33930901402976,5.27141947302281,8459.43452427729,-108877.580103792,TRUE,FALSE,TRUE
15,196712,"p","2020-02-25 19:12:00",1202.36666666667,TRUE,1202.28333333333,0.0833333333400788,FALSE,TRUE,444.865459157882,1.48288486373958,5.33838550946247,5.27538614439364,8210.07516398826,-108507.234039977,TRUE,FALSE,TRUE
15,196712,"o","2020-02-25 19:15:00",1202.41666666667,TRUE,1202.36666666667,0.0499999999999545,FALSE,TRUE,622.367334521059,3.45759630289792,12.4473466904325,5.47682393739248,7592.63799188238,-108606.721646478,TRUE,FALSE,TRUE
15,196712,"p","2020-02-25 19:17:00",1202.45,TRUE,1202.41666666667,0.0333333333301198,FALSE,TRUE,78.1782586747222,0.651485489018826,2.34534776046777,5.39765062656153,7581.62792663591,-108529.081256461,TRUE,FALSE,TRUE
15,196712,"p","2020-02-25 19:22:00",1202.53333333333,TRUE,1202.45,0.0833333333298469,FALSE,TRUE,198.994440846532,0.663314802849523,2.38793329025828,5.31966022446155,7568.01323805427,-108329.949207112,TRUE,FALSE,TRUE
15,196712,"p","2020-02-25 19:27:00",1202.61666666667,TRUE,1202.53333333333,0.0833333333400788,FALSE,TRUE,198.994463452671,0.663314878121879,2.38793356123876,5.24166980707782,7554.39854947258,-108130.817157768,TRUE,FALSE,TRUE
15,196712,"p","2020-02-25 19:32:00",1202.7,TRUE,1202.61666666667,0.0833333333300743,FALSE,TRUE,198.994486114376,0.663314953740528,2.3879338334659,5.16367937429017,7540.78386089085,-107931.685108427,TRUE,FALSE,TRUE
15,196712,"p","2020-02-25 19:37:00",1202.78333333333,TRUE,1202.7,0.0833333333298469,FALSE,TRUE,198.994508823166,0.663315029438305,2.3879341059779,5.08568892589734,7527.16917230945,-107732.553059078,TRUE,FALSE,TRUE
15,196712,"p","2020-02-25 19:42:00",1202.86666666667,TRUE,1202.78333333333,0.0833333333400788,FALSE,TRUE,198.994531581927,0.663315105219398,2.38793437878983,5.00769846174866,7513.5544837277,-107533.421009736,TRUE,FALSE,TRUE
15,196712,"p","2020-02-25 19:47:00",1202.95,TRUE,1202.86666666667,0.0833333333300743,FALSE,TRUE,198.994554396208,0.663315181346635,2.38793465284789,4.92970798172282,7499.9397951462,-107334.288960391,TRUE,FALSE,TRUE
15,196712,"p","2020-02-25 19:52:00",1203.03333333333,TRUE,1202.95,0.0833333333298469,FALSE,TRUE,198.99457725621,0.663315257548451,2.38793492717442,4.85171748561834,7486.32510656453,-107135.156911042,TRUE,FALSE,TRUE
15,196712,"p","2020-02-25 19:57:00",1203.11666666667,TRUE,1203.03333333333,0.0833333333400788,FALSE,TRUE,198.994600168943,0.663315333842786,2.38793520183403,4.77372697328715,7472.71041798279,-106936.024861699,TRUE,FALSE,TRUE
15,196712,"p","2020-02-25 20:02:00",1203.2,TRUE,1203.11666666667,0.0833333333300743,FALSE,TRUE,198.994623128747,0.663315410455098,2.38793547763835,4.69573644460449,7459.09572940136,-106736.892812361,TRUE,FALSE,TRUE
15,196712,"p","2020-02-25 20:07:00",1203.28333333333,TRUE,1203.2,0.0833333333298469,FALSE,TRUE,198.994646149781,0.663315487193688,2.38793575389727,4.61774589937295,7445.48104081974,-106537.760763,TRUE,FALSE,TRUE
15,196712,"p","2020-02-25 20:12:00",1203.36666666667,TRUE,1203.28333333333,0.0833333333400788,FALSE,TRUE,198.994669206614,0.663315563968355,2.38793603028608,4.53975533743826,7431.8663522381,-106338.628713664,TRUE,FALSE,TRUE
15,196712,"p","2020-02-25 20:17:00",1203.45,TRUE,1203.36666666667,0.0833333333300743,FALSE,TRUE,198.994692321812,0.663315641098648,2.38793630795513,4.46176475868092,7418.25166365656,-106139.496664313,TRUE,FALSE,TRUE
15,196712,"p","2020-02-25 20:22:00",1203.53333333333,TRUE,1203.45,0.0833333333298469,FALSE,TRUE,198.994715489751,0.663315718326922,2.38793658597692,4.38377416290116,7404.63697507487,-105940.364614969,TRUE,FALSE,TRUE
15,196712,"p","2020-02-25 20:27:00",1203.61666666667,TRUE,1203.53333333333,0.0833333333400788,FALSE,TRUE,198.99473870053,0.663315795614743,2.38793686421307,4.30574785326073,7391.02228649334,-105741.232565627,TRUE,FALSE,TRUE
15,196712,"p","2020-02-25 20:32:00",1203.7,TRUE,1203.61666666667,0.0833333333300743,FALSE,TRUE,198.994761965477,0.663315873244199,2.38793714367912,4.22381984352266,7377.40759791145,-105542.100516285,TRUE,FALSE,TRUE
15,196712,"p","2020-02-25 20:37:00",1203.78333333333,TRUE,1203.7,0.0833333333298469,FALSE,TRUE,198.994785285902,0.663315950980757,2.38793742353073,4.14183777212611,7363.79290933013,-105342.968466933,TRUE,FALSE,TRUE
15,196712,"p","2020-02-25 20:42:00",1203.86666666667,TRUE,1203.78333333333,0.0833333333400788,FALSE,TRUE,198.994808652067,0.663316028786533,2.38793770363152,4.05985568219864,7350.17822074836,-105143.836417586,TRUE,FALSE,TRUE
15,196712,"p","2020-02-25 20:47:00",1203.95,TRUE,1203.86666666667,0.0833333333300743,FALSE,TRUE,198.994832068077,0.663316106919531,2.38793798491031,3.97787357359884,7336.56353216694,-104944.704368237,TRUE,FALSE,TRUE
15,196712,"p","2020-02-25 20:52:00",1204.03333333333,TRUE,1203.95,0.0833333333298469,FALSE,TRUE,198.994855524722,0.663316185110158,2.38793826639657,3.89589144616202,7322.94884351639,-104745.572318916,TRUE,FALSE,TRUE
15,196712,"o","2020-02-25 20:53:00",1204.05,TRUE,1204.03333333333,0.0166666666700621,FALSE,TRUE,39.3058594923513,0.655097658072394,2.35835156906062,3.81308743914164,7312.41998086081,-104707.574361005,TRUE,FALSE,TRUE
15,196712,"p","2020-02-25 20:57:00",1204.11666666667,TRUE,1204.05,0.0666666666700166,FALSE,TRUE,1151.28037025409,4.79700154248431,17.2692055529435,4.14447379350903,6160.68131292651,-104816.967154979,TRUE,FALSE,TRUE
15,196712,"p","2020-02-25 21:02:00",1204.2,TRUE,1204.11666666667,0.0833333333300743,FALSE,TRUE,284.927508055926,0.949758360223563,3.41913009680483,4.09113580242704,6447.00677667038,-104818.286802506,TRUE,FALSE,TRUE
15,196712,"o","2020-02-25 21:03:00",1204.21666666667,TRUE,1204.2,0.0166666666700621,FALSE,TRUE,58.8461306551551,0.980768844052775,3.53076783858999,4.04089883227915,6506.13552255857,-104817.395690818,TRUE,FALSE,TRUE
15,196712,"p","2020-02-25 21:07:00",1204.28333333333,TRUE,1204.21666666667,0.0666666666597848,FALSE,TRUE,273.81240928104,1.14088503878877,4.10718613963957,4.00667345398331,6738.17597200442,-104669.790651201,TRUE,FALSE,TRUE
15,196712,"o","2020-02-25 21:09:00",1204.31666666667,TRUE,1204.28333333333,0.0333333333401242,FALSE,TRUE,135.412059428245,1.12843382833881,4.06236178201973,3.97120292685162,6851.99322999297,-104595.346859423,TRUE,FALSE,TRUE
15,196712,"p","2020-02-25 21:12:00",1204.36666666667,TRUE,1204.31666666667,0.0499999999999545,FALSE,TRUE,142.995574307688,0.794419857265654,2.85991148615636,3.90233097459592,6784.79138880868,-104468.570714435,TRUE,FALSE,TRUE
15,196712,"p","2020-02-25 21:17:00",1204.45,TRUE,1204.36666666667,0.0833333333300743,FALSE,TRUE,240.246566659698,0.800821888896978,2.88295880002912,3.83409919731378,6669.14271790624,-104257.045612347,TRUE,FALSE,TRUE
15,196712,"p","2020-02-25 21:22:00",1204.53333333333,TRUE,1204.45,0.0833333333298469,FALSE,TRUE,240.246595890407,0.800821986334859,2.88295915080549,3.76586740141579,6553.49404700334,-104045.520510268,TRUE,FALSE,TRUE
15,196712,"p","2020-02-25 21:27:00",1204.61666666667,TRUE,1204.53333333333,0.0833333333400788,FALSE,TRUE,240.246625213679,0.800822083980774,2.88295950233079,3.69763558669792,6437.84537610073,-103833.995408187,TRUE,FALSE,TRUE
15,196712,"p","2020-02-25 21:32:00",1204.7,TRUE,1204.61666666667,0.0833333333300743,FALSE,TRUE,240.246654621181,0.800822182101923,2.88295985556692,3.62940375303413,6322.19670519817,-103622.470306113,TRUE,FALSE,TRUE
15,196712,"p","2020-02-25 21:37:00",1204.78333333333,TRUE,1204.7,0.0833333333298469,FALSE,TRUE,240.246684124054,0.800822280447018,2.88296020960926,3.56117190027854,6206.54803429521,-103410.945204026,TRUE,FALSE,TRUE
15,196712,"p","2020-02-25 21:42:00",1204.86666666667,TRUE,1204.78333333333,0.0833333333400788,FALSE,TRUE,240.246713711762,0.800822378974383,2.88296056430778,3.49294002822107,6090.89936339235,-103199.420101944,TRUE,FALSE,TRUE
15,196712,"p","2020-02-25 21:47:00",1204.95,TRUE,1204.86666666667,0.0833333333300743,FALSE,TRUE,240.246743389249,0.800822477995482,2.88296092078374,3.42470813674202,5975.25069248989,-102987.894999865,TRUE,FALSE,TRUE
15,196712,"p","2020-02-25 21:52:00",1205.03333333333,TRUE,1204.95,0.0833333333298469,FALSE,TRUE,240.246773155705,0.800822577219186,2.88296127798907,3.35650190808998,5859.60202158696,-102776.369897784,TRUE,FALSE,TRUE
15,196712,"p","2020-02-25 21:57:00",1205.11666666667,TRUE,1205.03333333333,0.0833333333400788,FALSE,TRUE,240.246803012633,0.800822676643954,2.88296163591823,3.09082454546458,5743.95335068443,-102564.84479571,TRUE,FALSE,TRUE
15,196712,"p","2020-02-25 22:02:00",1205.2,TRUE,1205.11666666667,0.0833333333300743,FALSE,TRUE,240.246832964354,0.800822776579165,2.88296199568499,3.10575827422061,5628.30467978169,-102353.319693619,TRUE,FALSE,TRUE
15,196712,"p","2020-02-25 22:07:00",1205.28333333333,TRUE,1205.2,0.0833333333298469,FALSE,TRUE,240.246862995461,0.800822876685039,2.88296235606614,3.11950908160417,5512.65600887889,-102141.794591536,TRUE,FALSE,TRUE
15,196712,"p","2020-02-25 22:12:00",1205.36666666667,TRUE,1205.28333333333,0.0833333333400788,FALSE,TRUE,240.246893119574,0.800822977000423,2.88296271720152,3.13325989149202,5397.00733797599,-101930.269489461,TRUE,FALSE,TRUE
15,196712,"p","2020-02-25 22:17:00",1205.45,TRUE,1205.36666666667,0.0833333333300743,FALSE,TRUE,240.246923332527,0.800823077806409,2.88296308010307,3.14701070389861,5281.3586670736,-101718.744387385,TRUE,FALSE,TRUE
15,196712,"p","2020-02-25 22:22:00",1205.53333333333,TRUE,1205.45,0.0833333333298469,FALSE,TRUE,240.246953638729,0.800823178829266,2.88296344378536,3.1607615188377,5165.70999617063,-101507.219285294,TRUE,FALSE,TRUE
15,196712,"p","2020-02-25 22:27:00",1205.61666666667,TRUE,1205.53333333333,0.0833333333400788,FALSE,TRUE,240.24698403092,0.800823280038244,2.88296380813768,3.17451233631959,5050.06132526789,-101295.694183216,TRUE,FALSE,TRUE
15,196712,"p","2020-02-25 22:32:00",1205.7,TRUE,1205.61666666667,0.0833333333300743,FALSE,TRUE,240.24701451068,0.800823381733586,2.88296417424091,3.18826315635828,4934.41265436524,-101084.169081141,TRUE,FALSE,TRUE
15,196712,"o","2020-02-25 22:36:00",1205.76666666667,TRUE,1205.7,0.0666666666700166,FALSE,TRUE,192.614241276353,0.802559338611143,2.88921361900012,3.20218756446455,4842.12075492296,-100914.350000451,TRUE,FALSE,TRUE
15,196712,"p","2020-02-25 22:37:00",1205.78333333333,TRUE,1205.76666666667,0.0166666666598303,FALSE,TRUE,65.4416823361182,1.09069470604935,3.92650094177767,3.24492550168521,4827.18508796119,-100850.426335505,TRUE,FALSE,TRUE
15,196712,"p","2020-02-25 22:42:00",1205.86666666667,TRUE,1205.78333333333,0.0833333333400788,FALSE,TRUE,329.86465029659,1.09954883423296,3.95837580323867,3.288548844063,4753.64193958229,-100527.81301573,TRUE,FALSE,TRUE
15,196712,"o","2020-02-25 22:43:00",1205.88333333333,TRUE,1205.86666666667,0.0166666666600577,FALSE,TRUE,67.9422593046252,1.13237098885945,4.07653555989402,3.33545439422957,4743.6929417823,-100460.393370195,TRUE,FALSE,TRUE
15,196712,"p","2020-02-25 22:47:00",1205.95,TRUE,1205.88333333333,0.0666666666700166,FALSE,TRUE,935.565217189213,3.89818840475917,14.033478257133,3.65894167830865,5386.26225111606,-99775.3886116823,TRUE,FALSE,TRUE
15,196712,"o","2020-02-25 22:50:00",1206,TRUE,1205.95,0.0499999999999545,FALSE,TRUE,699.731023137501,3.88739457298965,13.9946204627627,3.98134957149775,5868.09618918218,-99264.2208763901,TRUE,FALSE,TRUE
15,196712,"p","2020-02-25 22:52:00",1206.03333333333,TRUE,1206,0.0333333333298924,FALSE,TRUE,55.5072829305067,0.462560691135305,1.6652184880871,3.96127406877859,5923.70989168515,-99268.5143764748,TRUE,FALSE,TRUE
15,196712,"p","2020-02-25 22:57:00",1206.11666666667,TRUE,1206.03333333333,0.0833333333400788,FALSE,TRUE,131.197401087006,0.43732467025462,1.57436881291663,3.93867495624258,6053.58722823607,-99291.1445512198,TRUE,FALSE,TRUE
15,196712,"p","2020-02-25 23:02:00",1206.2,TRUE,1206.11666666667,0.0833333333300743,FALSE,TRUE,131.197399893372,0.437324666328343,1.57436879878203,3.916075835551,6183.46456478683,-99313.7747259638,TRUE,FALSE,TRUE
15,196712,"p","2020-02-25 23:07:00",1206.28333333333,TRUE,1206.2,0.0833333333298469,FALSE,TRUE,131.197398715192,0.437324662402269,1.57436878464817,3.89347670669315,6313.34190133812,-99336.4049007112,TRUE,FALSE,TRUE
15,196712,"p","2020-02-25 23:12:00",1206.36666666667,TRUE,1206.28333333333,0.0833333333400788,FALSE,TRUE,131.197397550205,0.437324658465283,1.57436877047502,3.87087756966102,6443.21923788881,-99359.0350754544,TRUE,FALSE,TRUE
15,196712,"p","2020-02-25 23:17:00",1206.45,TRUE,1206.36666666667,0.0833333333300743,FALSE,TRUE,131.197396401912,0.437324654690144,1.57436875688452,3.84827842443808,6573.09657443962,-99381.6652502042,TRUE,FALSE,TRUE
15,196712,"p","2020-02-25 23:22:00",1206.53333333333,TRUE,1206.45,0.0833333333298469,FALSE,TRUE,131.197395267628,0.43732465091039,1.5743687432774,3.82567927101811,6702.97391099076,-99404.2954249443,TRUE,FALSE,TRUE
15,196712,"p","2020-02-25 23:27:00",1206.61666666667,TRUE,1206.53333333333,0.0833333333400788,FALSE,TRUE,131.197394147675,0.437324647123518,1.57436872964467,3.80390196992322,6832.85124754153,-99426.9255996856,TRUE,FALSE,TRUE
15,196712,"p","2020-02-25 23:32:00",1206.7,TRUE,1206.61666666667,0.0833333333300743,FALSE,TRUE,131.197393042189,0.437324643491068,1.57436871656784,3.36793428002389,6962.72858409233,-99449.555774432,TRUE,FALSE,TRUE
15,196712,"p","2020-02-25 23:37:00",1206.78333333333,TRUE,1206.7,0.0833333333298469,FALSE,TRUE,130.265818387837,0.43421939464429,1.56318982071944,3.31638038346597,7091.7047268225,-99471.9048277865,TRUE,FALSE,TRUE
15,196712,"p","2020-02-25 23:42:00",1206.86666666667,TRUE,1206.78333333333,0.0833333333400788,FALSE,TRUE,46.4506019601042,0.154835339854481,0.55740722347613,3.23378703304614,7055.35107218565,-99442.6803560886,TRUE,FALSE,TRUE
15,196712,"p","2020-02-25 23:47:00",1206.95,TRUE,1206.86666666667,0.0833333333300743,FALSE,TRUE,47.3260906877301,0.157753635631936,0.567913088274971,3.13547389273045,7018.09622372764,-99413.1747629838,TRUE,FALSE,TRUE
15,196712,"p","2020-02-25 23:52:00",1207.03333333333,TRUE,1206.95,0.0833333333298469,FALSE,TRUE,47.3260914855741,0.157753638291847,0.567913097850649,3.03840587372576,6980.84137526936,-99383.6691698933,TRUE,FALSE,TRUE
15,196712,"p","2020-02-25 23:57:00",1207.11666666667,TRUE,1207.03333333333,0.0833333333400788,FALSE,TRUE,47.3260922819556,0.157753640927083,0.567913107337497,2.9747392520919,6943.58652681155,-99354.1635767984,TRUE,FALSE,TRUE
15,196712,"p","2020-02-26 00:02:00",1207.2,TRUE,1207.11666666667,0.0833333333300743,FALSE,TRUE,47.3260930806481,0.15775364360833,0.567913116989987,2.91043242756303,6906.33167835345,-99324.6579837064,TRUE,FALSE,TRUE
15,196712,"p","2020-02-26 00:07:00",1207.28333333333,TRUE,1207.2,0.0833333333298469,FALSE,TRUE,47.3260938790399,0.157753646270066,0.567913126572238,2.84612559355656,6869.07682989538,-99295.1523906249,TRUE,FALSE,TRUE
15,196712,"p","2020-02-26 00:12:00",1207.36666666667,TRUE,1207.28333333333,0.0833333333400788,FALSE,TRUE,47.3260946800458,0.157753648920717,0.56791313611458,2.78181875005055,6831.82198143739,-99265.6467975188,TRUE,FALSE,TRUE
15,196712,"o","2020-02-26 00:16:00",1207.43333333333,TRUE,1207.36666666667,0.0666666666600122,FALSE,TRUE,32.6351007169891,0.135979586334361,0.489526510803699,2.71533449047379,6803.81607596789,-99248.6144258741,TRUE,FALSE,TRUE
15,196712,"o","2020-02-26 00:17:00",1207.45,TRUE,1207.43333333333,0.0166666666700621,FALSE,TRUE,228.137276803009,3.80228794594218,13.6882366053919,3.01548105702331,6861.053320076,-99470.1927204735,TRUE,FALSE,TRUE
15,196712,"p","2020-02-26 00:22:00",1207.53333333333,TRUE,1207.45,0.0833333333298469,FALSE,TRUE,653.90555875008,2.17968519592479,7.84686670532925,3.15336733871835,7119.80814185558,-98867.3052998777,TRUE,FALSE,TRUE
15,196712,"p","2020-02-26 00:27:00",1207.61666666667,TRUE,1207.53333333333,0.0833333333400788,FALSE,TRUE,659.488182638104,2.19829394194907,7.91385819101667,3.29311448511371,7376.83356423527,-98257.6021175331,TRUE,FALSE,TRUE
15,196712,"p","2020-02-26 00:32:00",1207.7,TRUE,1207.61666666667,0.0833333333300743,FALSE,TRUE,80.6789620868697,0.268929873633416,0.968147545080299,3.23992521475513,7353.82262930046,-98180.0079500723,TRUE,FALSE,TRUE
15,196712,"p","2020-02-26 00:37:00",1207.78333333333,TRUE,1207.7,0.0833333333298469,FALSE,TRUE,78.3703549840272,0.261234516624353,0.940444259847672,3.18596639875317,7329.28524820162,-98105.3142480038,TRUE,FALSE,TRUE
15,196712,"p","2020-02-26 00:42:00",1207.86666666667,TRUE,1207.78333333333,0.0833333333400788,FALSE,TRUE,78.3703586286014,0.261234528740859,0.940444303467092,3.13200757396934,7304.74786710312,-98030.6205459351,TRUE,FALSE,TRUE
15,196712,"p","2020-02-26 00:47:00",1207.95,TRUE,1207.86666666667,0.0833333333300743,FALSE,TRUE,78.3703622832648,0.261234540954432,0.940444347435957,3.07804874039628,7280.21048600452,-97955.9268438634,TRUE,FALSE,TRUE
15,196712,"p","2020-02-26 00:52:00",1208.03333333333,TRUE,1207.95,0.0833333333298469,FALSE,TRUE,78.3703659318036,0.261234553116941,0.940444391220988,3.02408989800793,7255.67310490573,-97881.2331418051,TRUE,FALSE,TRUE
15,196712,"p","2020-02-26 00:57:00",1208.11666666667,TRUE,1208.03333333333,0.0833333333400788,FALSE,TRUE,78.3703695888626,0.261234565275063,0.940444434990227,2.9701310467548,7231.13572380709,-97806.5394397341,TRUE,FALSE,TRUE
15,196712,"p","2020-02-26 01:02:00",1208.2,TRUE,1208.11666666667,0.0833333333300743,FALSE,TRUE,78.3703732532154,0.261234577520934,0.940444479075364,2.91617218662397,7206.59834270848,-97731.8457376701,TRUE,FALSE,TRUE
15,196712,"p","2020-02-26 01:07:00",1208.28333333333,TRUE,1208.2,0.0833333333298469,FALSE,TRUE,78.370376914129,0.261234589724693,0.940444523008893,2.86221331759261,7182.06096160984,-97657.1520356001,TRUE,FALSE,TRUE
15,196712,"p","2020-02-26 01:12:00",1208.36666666667,TRUE,1208.28333333333,0.0833333333400788,FALSE,TRUE,78.3703805769709,0.261234601902091,0.940444566847527,2.80825443960946,7157.52358051107,-97582.4583335341,TRUE,FALSE,TRUE
15,196712,"o","2020-02-26 01:14:00",1208.4,TRUE,1208.36666666667,0.0333333333301198,FALSE,TRUE,33.9884547625933,0.283237123048917,1.0196536429761,2.75632221805324,7149.8040184874,-97549.2496503598,TRUE,FALSE,TRUE
15,196712,"p","2020-02-26 01:17:00",1208.45,TRUE,1208.4,0.0499999999999545,FALSE,TRUE,463.902678502474,2.57723710279387,9.27805357005792,2.90497645772769,7366.14836969971,-97137.088903217,TRUE,FALSE,TRUE
15,196712,"p","2020-02-26 01:22:00",1208.53333333333,TRUE,1208.45,0.0833333333298469,FALSE,TRUE,779.687529650023,2.59895843227547,9.35625035619171,3.05491741753194,7730.21460574914,-96444.6023207233,TRUE,FALSE,TRUE
15,196712,"p","2020-02-26 01:27:00",1208.61666666667,TRUE,1208.53333333333,0.0833333333400788,FALSE,TRUE,779.687893981622,2.59895964639504,9.35625472702213,3.2015762832855,8094.28084179756,-95752.1157382333,TRUE,FALSE,TRUE
15,196712,"p","2020-02-26 01:32:00",1208.7,TRUE,1208.61666666667,0.0833333333300743,FALSE,TRUE,779.688261359052,2.59896087129848,9.35625913667453,3.07165352993943,8458.34707784585,-95059.6291557427,TRUE,FALSE,TRUE
15,196712,"p","2020-02-26 01:37:00",1208.78333333333,TRUE,1208.7,0.0833333333298469,FALSE,TRUE,779.688631801131,2.5989621061125,9.35626358200501,2.94281028325172,8822.41331389526,-94367.1425732539,TRUE,FALSE,TRUE
15,196712,"p","2020-02-26 01:42:00",1208.86666666667,TRUE,1208.78333333333,0.0833333333400788,FALSE,TRUE,779.689005281148,2.59896335072679,9.35626806261643,3.15645054921086,9186.47954994372,-93674.6559907642,TRUE,FALSE,TRUE
15,196712,"p","2020-02-26 01:47:00",1208.95,TRUE,1208.86666666667,0.0833333333300743,FALSE,TRUE,779.689381814172,2.59896460614888,9.35627258213598,3.37261454280029,9550.54578599221,-92982.1694082763,TRUE,FALSE,TRUE
15,196712,"p","2020-02-26 01:52:00",1209.03333333333,TRUE,1208.95,0.0833333333298469,FALSE,TRUE,779.689761401309,2.59896587144643,9.35627713720715,3.5887786633121,9914.61202204167,-92289.6828257796,TRUE,FALSE,TRUE
15,196712,"o","2020-02-26 01:54:00",1209.06666666667,TRUE,1209.03333333333,0.0333333333401242,FALSE,TRUE,305.505811805496,2.54588176452713,9.16517435229768,3.79963437352458,10051.5056090654,-92015.4067105015,TRUE,FALSE,TRUE
15,196712,"p","2020-02-26 01:57:00",1209.11666666667,TRUE,1209.06666666667,0.0499999999999545,FALSE,TRUE,749.867998619283,4.16593332566647,14.9973599723993,4.1724952402447,9306.93398272125,-91899.696191234,TRUE,FALSE,TRUE
15,196712,"p","2020-02-26 02:02:00",1209.2,TRUE,1209.11666666667,0.0833333333300743,FALSE,TRUE,1263.41422345676,4.21138074502058,15.1609706820741,4.54990084927775,8051.42642648866,-91711.3761886444,TRUE,FALSE,TRUE
15,196712,"o","2020-02-26 02:06:00",1209.26666666667,TRUE,1209.2,0.0666666666700166,FALSE,TRUE,1011.40877176182,4.21420321546249,15.171131575665,4.92758870573296,7046.48064747379,-91559.7361158367,TRUE,FALSE,TRUE
15,196712,"p","2020-02-26 02:07:00",1209.28333333333,TRUE,1209.26666666667,0.0166666666598303,FALSE,TRUE,278.971789977549,4.64952983486631,16.7383074055187,5.34880922450724,6775.89944161172,-91486.5557378846,TRUE,FALSE,TRUE
15,196712,"o","2020-02-26 02:09:00",1209.31666666667,TRUE,1209.28333333333,0.0333333333401242,FALSE,TRUE,553.226160272668,4.61021800133301,16.5967848047988,5.76609856029143,6239.94514870793,-91339.1222226492,TRUE,FALSE,TRUE
15,196712,"p","2020-02-26 02:12:00",1209.36666666667,TRUE,1209.31666666667,0.0499999999999545,FALSE,TRUE,171.712975097572,0.953960972765157,3.43425950195457,5.81807271810352,6119.93877332667,-91215.3661155336,TRUE,FALSE,TRUE
15,196712,"p","2020-02-26 02:17:00",1209.45,TRUE,1209.36666666667,0.0833333333300743,FALSE,TRUE,277.941755606231,0.92647251872367,3.33530106740521,5.89523643599043,5930.40745911863,-91010.5982405265,TRUE,FALSE,TRUE
15,196712,"p","2020-02-26 02:22:00",1209.53333333333,TRUE,1209.45,0.0833333333298469,FALSE,TRUE,277.941792415205,0.926472641422777,3.335301509122,5.97210833656952,5740.87614490999,-90805.8303655377,TRUE,FALSE,TRUE
15,196712,"p","2020-02-26 02:27:00",1209.61666666667,TRUE,1209.53333333333,0.0833333333400788,FALSE,TRUE,277.941829366397,0.926472764479662,3.33530195212678,6.0489802491883,5551.34483070183,-90601.0624905404,TRUE,FALSE,TRUE
15,196712,"p","2020-02-26 02:32:00",1209.7,TRUE,1209.61666666667,0.0833333333300743,FALSE,TRUE,277.941866455535,0.926472888221348,3.33530239759685,6.12585217391773,5361.81351649353,-90396.294615536,TRUE,FALSE,TRUE
15,196712,"p","2020-02-26 02:37:00",1209.78333333333,TRUE,1209.7,0.0833333333298469,FALSE,TRUE,277.94190367984,0.926473012304892,3.33530284429761,6.20272411078738,5172.2822022851,-90191.526740541,TRUE,FALSE,TRUE
15,196712,"p","2020-02-26 02:42:00",1209.86666666667,TRUE,1209.78333333333,0.0833333333400788,FALSE,TRUE,277.941941045984,0.926473136744955,3.33530329228184,6.27959605983487,4982.75088807708,-89986.7588655491,TRUE,FALSE,TRUE
15,196712,"p","2020-02-26 02:47:00",1209.95,TRUE,1209.86666666667,0.0833333333300743,FALSE,TRUE,277.941978551398,0.926473261874225,3.33530374274721,6.35646802113022,4793.21957386891,-89781.9909905507,TRUE,FALSE,TRUE
15,196712,"p","2020-02-26 02:52:00",1210.03333333333,TRUE,1209.95,0.0833333333298469,FALSE,TRUE,277.942016196783,0.926473387361369,3.33530419450093,6.43551740123292,4603.68825966009,-89577.2231155495,TRUE,FALSE,TRUE
15,196712,"p","2020-02-26 02:57:00",1210.11666666667,TRUE,1210.03333333333,0.0833333333400788,FALSE,TRUE,277.942053979403,0.926473513189682,3.33530464748285,6.14793595795767,4414.15694545233,-89372.4552405491,TRUE,FALSE,TRUE
15,196712,"p","2020-02-26 03:02:00",1210.2,TRUE,1210.11666666667,0.0833333333300743,FALSE,TRUE,277.942091899089,0.926473639699862,3.3353051029195,6.02261480233518,4224.62563124413,-89167.687365545,TRUE,FALSE,TRUE
15,196712,"p","2020-02-26 03:07:00",1210.28333333333,TRUE,1210.2,0.0833333333298469,FALSE,TRUE,277.942129958661,0.926473766567629,3.33530555964347,5.89543278479704,4035.09431703561,-88962.9194905557,TRUE,FALSE,TRUE
15,196712,"p","2020-02-26 03:12:00",1210.36666666667,TRUE,1210.28333333333,0.0833333333400788,FALSE,TRUE,277.942168157537,0.926473893783464,3.33530601762047,5.96118718681204,3845.56300282742,-88758.1516155542,TRUE,FALSE,TRUE
15,196712,"p","2020-02-26 03:17:00",1210.45,TRUE,1210.36666666667,0.0833333333300743,FALSE,TRUE,277.942206498081,0.926474021696504,3.33530647810741,6.02771113731926,3656.03168861938,-88553.3837405582,TRUE,FALSE,TRUE
15,196712,"p","2020-02-26 03:22:00",1210.53333333333,TRUE,1210.45,0.0833333333298469,FALSE,TRUE,277.942244972287,0.926474149946385,3.33530693980699,6.09423509943981,3466.50037441056,-88348.6158655636,TRUE,FALSE,TRUE
15,196712,"p","2020-02-26 03:27:00",1210.61666666667,TRUE,1210.53333333333,0.0833333333400788,FALSE,TRUE,277.942283578863,0.926474278521218,3.33530740267638,6.16075907319649,3276.96906019389,-88143.8479905873,TRUE,FALSE,TRUE
15,196712,"o","2020-02-26 03:28:00",1210.63333333333,TRUE,1210.61666666667,0.0166666666600577,FALSE,TRUE,54.3205796178984,0.905342993990644,3.25923477836632,6.22516991728386,3238.09192655852,-88105.6022288995,TRUE,FALSE,TRUE
15,196712,"p","2020-02-26 03:32:00",1210.7,TRUE,1210.63333333333,0.0666666666700166,FALSE,TRUE,375.500730304977,1.56458637619212,5.63251095429163,6.35550509837556,2943.39436293506,-88340.8252232642,TRUE,FALSE,TRUE
15,196712,"o","2020-02-26 03:33:00",1210.71666666667,TRUE,1210.7,0.0166666666700621,FALSE,TRUE,92.723312271981,1.54538853755151,5.56339873518545,6.48392049437862,2869.81483336991,-88397.8848609333,TRUE,FALSE,TRUE
15,196712,"p","2020-02-26 03:37:00",1210.78333333333,TRUE,1210.71666666667,0.0666666666597848,FALSE,TRUE,272.028797187762,1.13345332173268,4.08043195823764,6.57114236757942,2623.89378258951,-88278.7404596709,TRUE,FALSE,TRUE
15,196712,"p","2020-02-26 03:42:00",1210.86666666667,TRUE,1210.78333333333,0.0833333333400788,FALSE,TRUE,340.989236647176,1.13663078873192,4.0918708394349,6.6586819862624,2316.91444292203,-88126.7811277339,TRUE,FALSE,TRUE
15,196712,"o","2020-02-26 03:47:00",1210.95,TRUE,1210.86666666667,0.0833333333300743,FALSE,TRUE,340.72411500977,1.13574705007698,4.08868938027714,6.74393297896521,2009.80476007432,-87975.6849702525,TRUE,FALSE,TRUE
15,196712,"p","2020-02-26 03:52:00",1211.03333333333,TRUE,1210.95,0.0833333333298469,FALSE,TRUE,329.488464297529,1.09829488103771,3.95386157173576,6.59603875678959,1678.78278344647,-87982.9437119011,TRUE,FALSE,TRUE
15,196712,"p","2020-02-26 03:57:00",1211.11666666667,TRUE,1211.03333333333,0.0833333333400788,FALSE,TRUE,329.638155043814,1.0987938500571,3.95565786020558,6.44602229856776,1347.6304636392,-87991.0656279957,TRUE,FALSE,TRUE
15,196712,"p","2020-02-26 04:02:00",1211.2,TRUE,1211.11666666667,0.0833333333300743,FALSE,TRUE,329.638152219505,1.09879384077465,3.95565782678876,6.29600571800572,1016.47814383213,-87999.1875440873,TRUE,FALSE,TRUE
15,196712,"p","2020-02-26 04:07:00",1211.28333333333,TRUE,1211.2,0.0833333333298469,FALSE,TRUE,329.638149630477,1.09879383214756,3.95565779573121,6.14598901409063,685.325824023922,-88007.3094601834,TRUE,FALSE,TRUE
15,196712,"p","2020-02-26 04:12:00",1211.36666666667,TRUE,1211.28333333333,0.0833333333400788,FALSE,TRUE,329.63814727339,1.09879382415569,3.95565776696049,5.99597218589494,354.173504216973,-88015.4313762795,TRUE,FALSE,TRUE
15,196712,"p","2020-02-26 04:17:00",1211.45,TRUE,1211.36666666667,0.0833333333300743,FALSE,TRUE,329.638145151742,1.09879381721544,3.9556577419756,5.84595523254381,23.0211844098759,-88023.5532923688,TRUE,FALSE,TRUE
15,196712,"p","2020-02-26 04:22:00",1211.53333333333,TRUE,1211.45,0.0833333333298469,FALSE,TRUE,329.638143265377,1.09879381093056,3.95565771935002,5.69593815302198,-308.131135398362,-88031.6752084669,TRUE,FALSE,TRUE
15,196712,"p","2020-02-26 04:27:00",1211.61666666667,TRUE,1211.53333333333,0.0833333333400788,FALSE,TRUE,329.63814161051,1.09879380527943,3.95565769900593,5.54592094640528,-639.283455205186,-88039.7971245618,TRUE,FALSE,TRUE
15,196712,"p","2020-02-26 04:32:00",1211.7,TRUE,1211.61666666667,0.0833333333300743,FALSE,TRUE,329.638140191707,1.09879380068199,3.95565768245518,5.40121215002076,-970.4357750124,-88047.9190406582,TRUE,FALSE,TRUE
15,196712,"p","2020-02-26 04:37:00",1211.78333333333,TRUE,1211.7,0.0833333333298469,FALSE,TRUE,329.638139007194,1.09879379673662,3.95565766825182,5.09449819712778,-1301.58809482028,-88056.0409567591,TRUE,FALSE,TRUE
15,196712,"p","2020-02-26 04:42:00",1211.86666666667,TRUE,1211.78333333333,0.0833333333400788,FALSE,TRUE,329.638138055431,1.09879379342916,3.95565765634498,4.78323950196864,-1632.74041462741,-88064.162872852,TRUE,FALSE,TRUE
15,196712,"p","2020-02-26 04:47:00",1211.95,TRUE,1211.86666666667,0.0833333333300743,FALSE,TRUE,329.638137338645,1.09879379117179,3.95565764821844,4.47169855953957,-1963.89273443451,-88072.2847889413,TRUE,FALSE,TRUE
15,196712,"p","2020-02-26 04:52:00",1212.03333333333,TRUE,1211.95,0.0833333333298469,FALSE,TRUE,329.638136857032,1.09879378956941,3.95565764244987,4.11662495500988,-2295.04505424261,-88080.4067050425,TRUE,FALSE,TRUE
15,196712,"p","2020-02-26 04:57:00",1212.11666666667,TRUE,1212.03333333333,0.0833333333400788,FALSE,TRUE,329.638136607811,1.09879378860376,3.95565763897354,3.76548253373695,-2626.19737404994,-88088.5286211434,TRUE,FALSE,TRUE
15,196712,"p","2020-02-26 05:02:00",1212.2,TRUE,1212.11666666667,0.0833333333300743,FALSE,TRUE,329.638136593075,1.09879378868655,3.95565763927159,3.77996581532909,-2957.34969385689,-88096.650537225,TRUE,FALSE,TRUE
15,196712,"p","2020-02-26 05:07:00",1212.28333333333,TRUE,1212.2,0.0833333333298469,FALSE,TRUE,329.638136806149,1.0987937893998,3.95565764183928,3.79719794239671,-3288.50201365733,-88104.7724533147,TRUE,FALSE,TRUE
15,196712,"o","2020-02-26 05:08:00",1212.3,TRUE,1212.28333333333,0.0166666666700621,FALSE,TRUE,65.054338090232,1.08423896794964,3.90326028461872,3.81297457504939,-3353.87245150261,-88105.3378493516,TRUE,FALSE,TRUE
15,196712,"p","2020-02-26 05:12:00",1212.36666666667,TRUE,1212.3,0.0666666666700166,FALSE,TRUE,202.838630263219,0.845160959387608,3.04257945379539,3.80484339454019,-3492.0564366877,-87955.7775854293,TRUE,FALSE,TRUE
15,196712,"p","2020-02-26 05:17:00",1212.45,TRUE,1212.36666666667,0.0833333333300743,FALSE,TRUE,253.798835017329,0.845996116757514,3.04558602032705,3.7967957173938,-3663.71138551446,-87767.5035215365,TRUE,FALSE,TRUE
15,196712,"o","2020-02-26 05:21:00",1212.51666666667,TRUE,1212.45,0.0666666666700166,FALSE,TRUE,202.47522197411,0.843646758183066,3.03712832945904,3.78851309198162,-3800.88723658674,-87617.5147657927,TRUE,FALSE,TRUE
15,196712,"p","2020-02-26 05:22:00",1212.53333333333,TRUE,1212.51666666667,0.0166666666598303,FALSE,TRUE,32.4447174856972,0.54074529165009,1.94668304994033,3.74994030747214,-3829.87281866024,-87602.6153411885,TRUE,FALSE,TRUE
15,196712,"o","2020-02-26 05:26:00",1212.6,TRUE,1212.53333333333,0.0666666666700166,FALSE,TRUE,128.713792634907,0.536307469285163,1.93070688942659,3.71092372821323,-3945.87459659117,-87545.5086480547,TRUE,FALSE,TRUE
15,196712,"p","2020-02-26 05:27:00",1212.61666666667,TRUE,1212.6,0.0166666666700621,FALSE,TRUE,54.3207684178003,0.905346140112228,3.25924610440402,3.70881100348832,-3998.23931501811,-87530.121749047,TRUE,FALSE,TRUE
15,196712,"p","2020-02-26 05:32:00",1212.7,TRUE,1212.61666666667,0.0833333333300743,FALSE,TRUE,274.760028515177,0.915866761753074,3.29712034231107,3.70775032834465,-4263.32231506544,-87453.0323731409,TRUE,FALSE,TRUE
15,196712,"p","2020-02-26 05:37:00",1212.78333333333,TRUE,1212.7,0.0833333333298469,FALSE,TRUE,274.760045419942,0.91586681810479,3.29712054517725,3.70668964618515,-4528.40531511918,-87375.9429972381,TRUE,FALSE,TRUE
15,196712,"p","2020-02-26 05:42:00",1212.86666666667,TRUE,1212.78333333333,0.0833333333400788,FALSE,TRUE,274.760062452666,0.915866874768085,3.29712074916511,3.70562895700519,-4793.48831517238,-87298.8536213383,TRUE,FALSE,TRUE
15,196712,"p","2020-02-26 05:47:00",1212.95,TRUE,1212.86666666667,0.0833333333300743,FALSE,TRUE,274.760079621757,0.91586693210834,3.29712095559002,3.70456826083768,-5058.57131522566,-87221.7642454336,TRUE,FALSE,TRUE
15,196712,"p","2020-02-26 05:52:00",1213.03333333333,TRUE,1212.95,0.0833333333298469,FALSE,TRUE,274.760096926832,0.915866989794423,3.29712116325992,3.70350755764747,-5323.65431527956,-87144.6748695291,TRUE,FALSE,TRUE
15,196712,"p","2020-02-26 05:57:00",1213.11666666667,TRUE,1213.03333333333,0.0833333333400788,FALSE,TRUE,274.760114365577,0.91586704781112,3.29712137212003,3.70244684743395,-5588.73731533259,-87067.5854936284,TRUE,FALSE,TRUE
15,196712,"p","2020-02-26 06:02:00",1213.2,TRUE,1213.11666666667,0.0833333333300743,FALSE,TRUE,274.760131941656,0.915867106508006,3.29712158342882,3.70138613023262,-5853.82031538584,-86990.4961177159,TRUE,FALSE,TRUE
15,196712,"p","2020-02-26 06:07:00",1213.28333333333,TRUE,1213.2,0.0833333333298469,FALSE,TRUE,274.760149653146,0.915867165548803,3.29712179597569,3.70243854738844,-6118.90331543995,-86913.4067418136,TRUE,FALSE,TRUE
15,196712,"p","2020-02-26 06:12:00",1213.36666666667,TRUE,1213.28333333333,0.0833333333400788,FALSE,TRUE,274.760167497026,0.915867224915953,3.29712200969743,3.63756663226082,-6383.9863154928,-86836.3173659119,TRUE,FALSE,TRUE
15,196712,"p","2020-02-26 06:17:00",1213.45,TRUE,1213.36666666667,0.0833333333300743,FALSE,TRUE,274.760185478988,0.915867284965779,3.2971222258768,3.57461450700225,-6649.06931554614,-86759.2279900071,TRUE,FALSE,TRUE
15,196712,"p","2020-02-26 06:22:00",1213.53333333333,TRUE,1213.45,0.0833333333298469,FALSE,TRUE,274.760203596273,0.915867345359228,3.29712244329322,3.55285590936491,-6914.15231559998,-86682.1386141086,TRUE,FALSE,TRUE
15,196712,"p","2020-02-26 06:27:00",1213.61666666667,TRUE,1213.53333333333,0.0833333333400788,FALSE,TRUE,274.760221848461,0.915867406087403,3.29712266191465,3.53077957110045,-7179.23531565308,-86605.0492382003,TRUE,FALSE,TRUE
15,196712,"p","2020-02-26 06:32:00",1213.7,TRUE,1213.61666666667,0.0833333333300743,FALSE,TRUE,274.760240235289,0.91586746748678,3.29712288295241,3.50879161284143,-7444.31831570633,-86527.9598622963,TRUE,FALSE,TRUE
15,196712,"p","2020-02-26 06:37:00",1213.78333333333,TRUE,1213.7,0.0833333333298469,FALSE,TRUE,274.760258759425,0.915867529236399,3.29712310525104,3.4905488776613,-7709.40131576007,-86450.870486397,TRUE,FALSE,TRUE
15,196712,"p","2020-02-26 06:42:00",1213.86666666667,TRUE,1213.78333333333,0.0833333333400788,FALSE,TRUE,274.760277416073,0.915867591312776,3.29712332872599,3.47225625178687,-7974.48431581331,-86373.7811104927,TRUE,FALSE,TRUE
15,196712,"p","2020-02-26 06:47:00",1213.95,TRUE,1213.86666666667,0.0833333333300743,FALSE,TRUE,274.760296211032,0.91586765407259,3.29712355466132,3.45396363311666,-8239.56731586655,-86296.6917345842,TRUE,FALSE,TRUE
15,196712,"p","2020-02-26 06:52:00",1214.03333333333,TRUE,1213.95,0.0833333333298469,FALSE,TRUE,274.571739209881,0.915239130737896,3.29486087065642,3.4356081629757,-8504.44173233349,-86219.5640311287,TRUE,FALSE,TRUE
15,196712,"p","2020-02-26 06:57:00",1214.11666666667,TRUE,1214.03333333333,0.0833333333400788,FALSE,TRUE,240.608863648077,0.802029545428671,2.88730636354322,3.405931735103,-8731.05014946358,-86135.4048908504,TRUE,FALSE,TRUE
15,196712,"p","2020-02-26 07:02:00",1214.2,TRUE,1214.11666666667,0.0833333333300743,FALSE,TRUE,240.427693745873,0.801425645850918,2.88513232506331,3.37619491796654,-8957.44998300677,-86051.207423025,TRUE,FALSE,TRUE
15,196712,"o","2020-02-26 07:05:00",1214.25,TRUE,1214.2,0.0499999999999545,FALSE,TRUE,144.47559139851,0.802642174436898,2.88951182797283,3.34657975431718,-9093.91394499237,-86001.7460924682,TRUE,FALSE,TRUE
15,196712,"p","2020-02-26 07:07:00",1214.28333333333,TRUE,1214.25,0.0333333333298924,FALSE,TRUE,142.391998388197,1.1865999866908,4.27175995208688,3.35536037245831,-9230.14432930762,-86045.4320694089,TRUE,FALSE,TRUE
15,196712,"p","2020-02-26 07:12:00",1214.36666666667,TRUE,1214.28333333333,0.0833333333400788,FALSE,TRUE,358.269890845831,1.19423296938944,4.29923868980197,3.36490428932906,-9572.28044474414,-86157.2898870964,TRUE,FALSE,TRUE
15,196712,"o","2020-02-26 07:15:00",1214.41666666667,TRUE,1214.36666666667,0.0499999999999545,FALSE,TRUE,213.95828151053,1.18865711950403,4.27916563021449,3.3738906216058,-9777.19565879298,-86222.2596175718,TRUE,FALSE,TRUE
15,196712,"p","2020-02-26 07:17:00",1214.45,TRUE,1214.41666666667,0.0333333333301198,FALSE,TRUE,156.558525010669,1.30465437521469,4.69675575077287,3.39447667978435,-9887.23197050609,-86110.0290485892,TRUE,FALSE,TRUE
15,196712,"p","2020-02-26 07:22:00",1214.53333333333,TRUE,1214.45,0.0833333333298469,FALSE,TRUE,394.604237133741,1.3153474571675,4.73525084580301,3.41613204638392,-10161.406611757,-85824.0902257842,TRUE,FALSE,TRUE
15,196712,"p","2020-02-26 07:27:00",1214.61666666667,TRUE,1214.53333333333,0.0833333333400788,FALSE,TRUE,394.604324925991,1.31534774964683,4.7352518987286,3.43778744239166,-10435.581253007,-85538.1514029739,TRUE,FALSE,TRUE
15,196712,"p","2020-02-26 07:32:00",1214.7,TRUE,1214.61666666667,0.0833333333300743,FALSE,TRUE,394.604413120774,1.31534804378735,4.73525295763447,3.45944286791002,-10709.7558942571,-85252.2125801721,TRUE,FALSE,TRUE
15,196712,"p","2020-02-26 07:37:00",1214.78333333333,TRUE,1214.7,0.0833333333298469,FALSE,TRUE,394.604501708598,1.31534833908369,4.73525402070129,3.48109832294974,-10983.9305355079,-84966.2737573798,TRUE,FALSE,TRUE
15,196712,"p","2020-02-26 07:42:00",1214.86666666667,TRUE,1214.78333333333,0.0833333333400788,FALSE,TRUE,394.604590697384,1.31534863555148,4.73525508798532,3.5027538075649,-11258.1051767578,-84680.3349345755,TRUE,FALSE,TRUE
15,196712,"p","2020-02-26 07:47:00",1214.95,TRUE,1214.86666666667,0.0833333333300743,FALSE,TRUE,394.604680081835,1.31534893365756,4.73525616116721,3.5258648041357,-11532.2798180079,-84394.396111777,TRUE,FALSE,TRUE
15,196712,"p","2020-02-26 07:52:00",1215.03333333333,TRUE,1214.95,0.0833333333298469,FALSE,TRUE,394.604769864616,1.31534923293708,4.7352572385735,3.57288363149064,-11806.4544592587,-84108.457288971,TRUE,FALSE,TRUE
15,196712,"p","2020-02-26 07:57:00",1215.11666666667,TRUE,1215.03333333333,0.0833333333400788,FALSE,TRUE,394.604860043667,1.31534953337242,4.73525832014071,3.61981897315213,-12080.6291005089,-83822.5184661712,TRUE,FALSE,TRUE
15,196712,"p","2020-02-26 08:02:00",1215.2,TRUE,1215.11666666667,0.0833333333300743,FALSE,TRUE,394.60495062087,1.31534983545434,4.73525940763563,3.66698928087926,-12354.8037417587,-83536.5796433697,TRUE,FALSE,TRUE
15,196712,"p","2020-02-26 08:07:00",1215.28333333333,TRUE,1215.2,0.0833333333298469,FALSE,TRUE,394.60504159644,1.31535013870983,4.73526049935539,3.74444976558524,-12628.9783830096,-83250.6408205715,TRUE,FALSE,TRUE
15,196712,"p","2020-02-26 08:12:00",1215.36666666667,TRUE,1215.28333333333,0.0833333333400788,FALSE,TRUE,394.60513296693,1.31535044311663,4.73526159521986,3.82235406296838,-12903.1530242596,-82964.7019977666,TRUE,FALSE,TRUE
15,196712,"p","2020-02-26 08:17:00",1215.45,TRUE,1215.36666666667,0.0833333333300743,FALSE,TRUE,394.60522473536,1.31535074916931,4.73526269700951,3.86335452387409,-13177.3276655097,-82678.7631749745,TRUE,FALSE,TRUE
15,196712,"p","2020-02-26 08:22:00",1215.53333333333,TRUE,1215.45,0.0833333333298469,FALSE,TRUE,394.605316903756,1.31535105640088,4.73526380304318,3.90330295333887,-13451.5023067605,-82392.8243521657,TRUE,FALSE,TRUE
15,196712,"p","2020-02-26 08:27:00",1215.61666666667,TRUE,1215.53333333333,0.0833333333400788,FALSE,TRUE,394.605409467635,1.31535136478564,4.73526491322832,3.94325140800696,-13725.6769480105,-82106.8855293736,TRUE,FALSE,TRUE
15,196712,"o","2020-02-26 08:29:00",1215.65,TRUE,1215.61666666667,0.0333333333301198,FALSE,TRUE,158.791235321133,1.32326029447034,4.76373706009324,3.98399074997718,-13832.7711805593,-81988.8165783994,TRUE,FALSE,TRUE
15,196712,"p","2020-02-26 08:32:00",1215.7,TRUE,1215.65,0.0499999999999545,FALSE,TRUE,589.247736628186,3.27359853682623,11.7849547325744,4.21976391044897,-13713.2519818401,-81409.9654174021,TRUE,FALSE,TRUE
15,196712,"o","2020-02-26 08:33:00",1215.71666666667,TRUE,1215.7,0.0166666666700621,FALSE,TRUE,191.420634824369,3.19034391308952,11.4852380871223,4.44721160277848,-13670.7850527747,-81222.7078303978,TRUE,FALSE,TRUE
15,196712,"p","2020-02-26 08:37:00",1215.78333333333,TRUE,1215.71666666667,0.0666666666597848,FALSE,TRUE,486.363462791273,2.02651442850616,7.29545194262218,4.55827634084799,-13247.3538834637,-81466.3292149082,TRUE,FALSE,TRUE
15,196712,"o","2020-02-26 08:40:00",1215.83333333333,TRUE,1215.78333333333,0.0500000000001819,FALSE,TRUE,362.514021616617,2.01396678675165,7.25028043230596,4.66808630887235,-12933.0669276871,-81650.1809465776,TRUE,FALSE,TRUE
15,196712,"p","2020-02-26 08:42:00",1215.86666666667,TRUE,1215.83333333333,0.0333333333398969,FALSE,TRUE,211.557090488245,1.76297575372157,6.34671271339764,4.75279716768963,-13058.0517982548,-81478.532730777,TRUE,FALSE,TRUE
15,196712,"p","2020-02-26 08:47:00",1215.95,TRUE,1215.86666666667,0.0833333333300743,FALSE,TRUE,543.830532911262,1.81276844310844,6.52596639519037,4.84248728950888,-13382.0462555575,-81039.2690357006,TRUE,FALSE,TRUE
15,196712,"p","2020-02-26 08:52:00",1216.03333333333,TRUE,1215.95,0.0833333333298469,FALSE,TRUE,543.83072639342,1.81276908805391,6.52596871699407,4.93217746981769,-13706.0407128607,-80600.0053406166,TRUE,FALSE,TRUE
15,196712,"o","2020-02-26 08:55:00",1216.08333333333,TRUE,1216.03333333333,0.0500000000001819,FALSE,TRUE,323.526683237376,1.79737046242333,6.47053366472398,5.0203277815241,-13898.326957482,-80338.3492913562,TRUE,FALSE,TRUE
15,196712,"p","2020-02-26 08:57:00",1216.11666666667,TRUE,1216.08333333333,0.0333333333398969,FALSE,TRUE,43.9974038022921,0.366645031613573,1.31992211380886,4.96540554407672,-13873.4780660793,-80301.8493405936,TRUE,FALSE,TRUE
15,196712,"p","2020-02-26 09:02:00",1216.2,TRUE,1216.11666666667,0.0833333333300743,FALSE,TRUE,109.247907759161,0.364159692544778,1.3109748931612,4.91023476658252,-13806.0797631721,-80215.3548831676,TRUE,FALSE,TRUE
15,196712,"p","2020-02-26 09:07:00",1216.28333333333,TRUE,1216.2,0.0833333333298469,FALSE,TRUE,109.247914204964,0.364159714031782,1.31097497051441,4.85506398506205,-13738.6814602648,-80128.8604257335,TRUE,FALSE,TRUE
15,196712,"p","2020-02-26 09:12:00",1216.36666666667,TRUE,1216.28333333333,0.0833333333400788,FALSE,TRUE,109.247920658375,0.364159735498439,1.31097504779438,4.79989319948062,-13671.2831573574,-80042.3659683024,TRUE,FALSE,TRUE
15,196712,"p","2020-02-26 09:17:00",1216.45,TRUE,1216.36666666667,0.0833333333300743,FALSE,TRUE,109.247927121392,0.364159757085547,1.31097512550797,4.74472240978192,-13603.8848544501,-79955.8715108653,TRUE,FALSE,TRUE
15,196712,"p","2020-02-26 09:22:00",1216.53333333333,TRUE,1216.45,0.0833333333298469,FALSE,TRUE,109.247933592018,0.364159778655294,1.31097520315906,4.68961447457366,-13536.4865515428,-79869.3770534394,TRUE,FALSE,TRUE
15,196712,"o","2020-02-26 09:24:00",1216.56666666667,TRUE,1216.53333333333,0.0333333333401242,FALSE,TRUE,45.8932477924147,0.382443731525541,1.37679743349195,4.64765589318334,-13510.682454093,-79831.226238209,TRUE,FALSE,TRUE
15,196712,"p","2020-02-26 09:27:00",1216.61666666667,TRUE,1216.56666666667,0.0499999999999545,FALSE,TRUE,450.758707086252,2.50421503937035,9.01517414173324,4.81793483253529,-13597.6344451307,-79387.5229976434,TRUE,FALSE,TRUE
15,196712,"p","2020-02-26 09:32:00",1216.7,TRUE,1216.61666666667,0.0833333333300743,FALSE,TRUE,757.427228487369,2.52475742838997,9.08912674220389,4.99014635793059,-13744.4798030488,-78642.0958762783,TRUE,FALSE,TRUE
15,196712,"p","2020-02-26 09:37:00",1216.78333333333,TRUE,1216.7,0.0833333333298469,FALSE,TRUE,757.427669022266,2.52475889684651,9.08913202864745,5.12396224894616,-13891.3251609674,-77896.6687549002,TRUE,FALSE,TRUE
15,196712,"p","2020-02-26 09:42:00",1216.86666666667,TRUE,1216.78333333333,0.0833333333400788,FALSE,TRUE,757.428112338323,2.52476037425671,9.08913734732415,5.25701498943289,-14038.1705188856,-77151.2416335299,TRUE,FALSE,TRUE
15,196712,"p","2020-02-26 09:47:00",1216.95,TRUE,1216.86666666667,0.0833333333300743,FALSE,TRUE,757.428558441158,2.52476186156926,9.08914270164935,5.39062546363941,-14185.0158768036,-76405.8145121651,TRUE,FALSE,TRUE
15,196712,"p","2020-02-26 09:52:00",1217.03333333333,TRUE,1216.95,0.0833333333298469,FALSE,TRUE,757.429007326569,2.52476335786086,9.08914808829909,5.51263636190403,-14331.8612347222,-75660.3873907884,TRUE,FALSE,TRUE
15,196712,"p","2020-02-26 09:57:00",1217.11666666667,TRUE,1217.03333333333,0.0833333333400788,FALSE,TRUE,757.429459001071,2.52476486313254,9.08915350727713,5.63357810250054,-14478.7065926403,-74914.9602694261,TRUE,FALSE,TRUE
15,196712,"p","2020-02-26 10:02:00",1217.2,TRUE,1217.11666666667,0.0833333333300743,FALSE,TRUE,757.429913457889,2.5247663782917,9.08915896185013,5.75451996536502,-14625.5519505586,-74169.5331480467,TRUE,FALSE,TRUE
15,196712,"o","2020-02-26 10:04:00",1217.23333333333,TRUE,1217.2,0.0333333333298924,FALSE,TRUE,299.935621775247,2.49946351505174,8.99806865418627,5.87293151249146,-14683.3354261511,-73874.2790618214,TRUE,FALSE,TRUE
15,196712,"p","2020-02-26 10:07:00",1217.28333333333,TRUE,1217.23333333333,0.0499999999999545,FALSE,TRUE,126.398409589867,0.70221338661101,2.52796819179964,5.81161801724419,-14666.1677667042,-73748.6654155335,TRUE,FALSE,TRUE
15,196712,"p","2020-02-26 10:12:00",1217.36666666667,TRUE,1217.28333333333,0.0833333333400788,FALSE,TRUE,206.087789379825,0.686959297877145,2.47305347235772,5.74877908347676,-14635.9638883341,-73544.1706089196,TRUE,FALSE,TRUE
15,196712,"p","2020-02-26 10:17:00",1217.45,TRUE,1217.36666666667,0.0833333333300743,FALSE,TRUE,206.087822311981,0.686959407733471,2.47305386784049,5.68594013088435,-14605.7600099643,-73339.6758023029,TRUE,FALSE,TRUE
15,196712,"p","2020-02-26 10:22:00",1217.53333333333,TRUE,1217.45,0.0833333333298469,FALSE,TRUE,206.087855302772,0.686959517704647,2.47305426373673,5.62310115936111,-14575.5561315915,-73135.180995692,TRUE,FALSE,TRUE
15,196712,"o","2020-02-26 10:23:00",1217.55,TRUE,1217.53333333333,0.0166666666700621,FALSE,TRUE,41.0638049009329,0.684396748209452,2.46382829355403,5.56000588084481,-14569.2132775541,-73094.4837008797,TRUE,FALSE,TRUE
15,196712,"p","2020-02-26 10:27:00",1217.61666666667,TRUE,1217.55,0.0666666666700166,FALSE,TRUE,149.957990245668,0.624824959325553,2.24936985357199,5.49095339323193,-14500.5343539613,-72960.6064701892,TRUE,FALSE,TRUE
15,196712,"p","2020-02-26 10:32:00",1217.7,TRUE,1217.61666666667,0.0833333333300743,FALSE,TRUE,187.39559894104,0.624651996494563,2.24874718738043,5.42188357901041,-14414.3081015159,-72793.5120149562,TRUE,FALSE,TRUE
15,196712,"o","2020-02-26 10:33:00",1217.71666666667,TRUE,1217.7,0.0166666666700621,FALSE,TRUE,38.4802804037182,0.641338006597978,2.30881682375272,5.35448233535854,-14397.4354933777,-72758.7846208141,TRUE,FALSE,TRUE
15,196712,"p","2020-02-26 10:37:00",1217.78333333333,TRUE,1217.71666666667,0.0666666666597848,FALSE,TRUE,325.829260705724,1.35762191974733,4.88743891109038,5.35870945241634,-14383.3689844879,-72432.2813116758,TRUE,FALSE,TRUE
15,196712,"p","2020-02-26 10:42:00",1217.86666666667,TRUE,1217.78333333333,0.0833333333400788,FALSE,TRUE,408.896366602581,1.36298788856494,4.90675639883379,5.36347313563275,-14366.2516513193,-72022.5165463657,TRUE,FALSE,TRUE
15,196712,"p","2020-02-26 10:47:00",1217.95,TRUE,1217.86666666667,0.0833333333300743,FALSE,TRUE,408.896500855788,1.36298833623926,4.90675801046135,5.36823683277811,-14349.1343181507,-71612.7517810672,TRUE,FALSE,TRUE
15,196712,"p","2020-02-26 10:52:00",1218.03333333333,TRUE,1217.95,0.0833333333298469,FALSE,TRUE,408.896635543999,1.36298878520369,4.90675962673327,5.37220968185144,-14332.0169849822,-71202.9870157528,TRUE,FALSE,TRUE
15,196712,"p","2020-02-26 10:57:00",1218.11666666667,TRUE,1218.03333333333,0.0833333333400788,FALSE,TRUE,408.896770668591,1.36298923545164,4.90676124762591,5.18114875171399,-14314.899651814,-70793.2222504441,TRUE,FALSE,TRUE
15,196712,"p","2020-02-26 11:02:00",1218.2,TRUE,1218.11666666667,0.0833333333300743,FALSE,TRUE,408.896906233837,1.36298968749943,4.90676287499794,4.99841332915498,-14297.7823186452,-70383.4574851315,TRUE,FALSE,TRUE
15,196712,"p","2020-02-26 11:07:00",1218.28333333333,TRUE,1218.2,0.0833333333298469,FALSE,TRUE,408.897042236813,1.3629901408464,4.90676450704704,4.932060900389,-14280.6649854767,-69973.6927198308,TRUE,FALSE,TRUE
15,196712,"o","2020-02-26 11:09:00",1218.31666666667,TRUE,1218.28333333333,0.0333333333401242,FALSE,TRUE,163.024791292401,1.3585399271599,4.89074373777565,4.86651821442982,-14273.6470252655,-69810.330173651,TRUE,FALSE,TRUE
15,196712,"p","2020-02-26 11:12:00",1218.36666666667,TRUE,1218.31666666667,0.0499999999999545,FALSE,TRUE,187.638591976785,1.0424366220942,3.75277183953912,4.79446430126709,-14244.516824883,-69624.3897103929,TRUE,FALSE,TRUE
15,196712,"p","2020-02-26 11:17:00",1218.45,TRUE,1218.36666666667,0.0833333333300743,FALSE,TRUE,311.883098444052,1.0396103281875,3.74259718147499,4.71714848977499,-14195.6814460059,-69315.3945382173,TRUE,FALSE,TRUE
15,196712,"p","2020-02-26 11:22:00",1218.53333333333,TRUE,1218.45,0.0833333333298469,FALSE,TRUE,311.883176294303,1.03961058769117,3.74259811568821,4.63983263973872,-14146.8460671286,-69006.3993660499,TRUE,FALSE,TRUE
15,196712,"p","2020-02-26 11:27:00",1218.61666666667,TRUE,1218.53333333333,0.0833333333400788,FALSE,TRUE,311.883254341102,1.03961084771952,3.74259905179028,4.56405667826834,-14098.0106882516,-68697.4041938725,TRUE,FALSE,TRUE
15,196712,"p","2020-02-26 11:32:00",1218.7,TRUE,1218.61666666667,0.0833333333300743,FALSE,TRUE,311.883332577448,1.03961110863215,3.74259999107575,4.6313532859702,-14049.1753093747,-68388.4090216973,TRUE,FALSE,TRUE
15,196712,"p","2020-02-26 11:37:00",1218.78333333333,TRUE,1218.7,0.0833333333298469,FALSE,TRUE,311.883411015951,1.03961137009667,3.742600932348,4.69889845372539,-14000.3399304973,-68079.4138495214,TRUE,FALSE,TRUE
15,196712,"p","2020-02-26 11:42:00",1218.86666666667,TRUE,1218.78333333333,0.0833333333400788,FALSE,TRUE,311.88348964516,1.03961163206638,3.74260187543897,4.76644364552885,-13951.5045516203,-67770.4186773396,TRUE,FALSE,TRUE
15,196712,"p","2020-02-26 11:47:00",1218.95,TRUE,1218.86666666667,0.0833333333300743,FALSE,TRUE,311.883568466526,1.03961189492908,3.74260282174468,4.83398886147191,-13902.6691727434,-67461.4235051676,TRUE,FALSE,TRUE
15,196712,"p","2020-02-26 11:52:00",1219.03333333333,TRUE,1218.95,0.0833333333298469,FALSE,TRUE,311.883647487083,1.03961215833377,3.74260377000157,4.90153410159673,-13853.8337938662,-67152.4283329919,TRUE,FALSE,TRUE
15,196712,"p","2020-02-26 11:57:00",1219.11666666667,TRUE,1219.03333333333,0.0833333333400788,FALSE,TRUE,311.883726692588,1.03961242222447,3.74260472000811,4.96907936595365,-13804.9984149892,-66843.4331608159,TRUE,FALSE,TRUE
15,196712,"p","2020-02-26 12:02:00",1219.2,TRUE,1219.11666666667,0.0833333333300743,FALSE,TRUE,311.883806105504,1.039612687059,3.74260567341241,5.034796261507,-13756.1630361119,-66534.4379886401,TRUE,FALSE,TRUE
15,196712,"p","2020-02-26 12:07:00",1219.28333333333,TRUE,1219.2,0.0833333333298469,FALSE,TRUE,311.883885707492,1.0396129524018,3.74260662864648,4.88833605281014,-13707.3276572348,-66225.4428164541,TRUE,FALSE,TRUE
15,196712,"p","2020-02-26 12:12:00",1219.36666666667,TRUE,1219.28333333333,0.0833333333400788,FALSE,TRUE,311.883965497187,1.03961321823981,3.7426075856633,4.73982163179513,-13658.4922783576,-65916.44764428,TRUE,FALSE,TRUE
15,196712,"p","2020-02-26 12:17:00",1219.45,TRUE,1219.36666666667,0.0833333333300743,FALSE,TRUE,311.884045488419,1.03961348500205,3.74260854600739,4.59130709061068,-13609.6568994805,-65607.4524721099,TRUE,FALSE,TRUE
15,196712,"p","2020-02-26 12:22:00",1219.53333333333,TRUE,1219.45,0.0833333333298469,FALSE,TRUE,311.884125674212,1.03961375229087,3.74260950824713,4.4427924284141,-13560.8215206032,-65298.45729994,TRUE,FALSE,TRUE
15,196712,"p","2020-02-26 12:27:00",1219.61666666667,TRUE,1219.53333333333,0.0833333333400788,FALSE,TRUE,311.884206050236,1.0396140200833,3.74261047229989,4.2942776442655,-13511.9861417262,-64989.4621277586,TRUE,FALSE,TRUE
15,196712,"p","2020-02-26 12:32:00",1219.7,TRUE,1219.61666666667,0.0833333333300743,FALSE,TRUE,311.884286622127,1.03961428878108,3.74261143961189,4.14576273735752,-13463.150762849,-64680.4669555797,TRUE,FALSE,TRUE
15,196712,"p","2020-02-26 12:37:00",1219.78333333333,TRUE,1219.7,0.0833333333298469,FALSE,TRUE,311.884367392527,1.03961455801858,3.7426124088669,3.99724770684613,-13414.3153839718,-64371.4717834076,TRUE,FALSE,TRUE
15,196712,"p","2020-02-26 12:42:00",1219.86666666667,TRUE,1219.78333333333,0.0833333333400788,FALSE,TRUE,311.884448355797,1.03961482776851,3.74261337996662,3.84873255179381,-13365.4800050947,-64062.476611233,TRUE,FALSE,TRUE
15,196712,"p","2020-02-26 12:47:00",1219.95,TRUE,1219.86666666667,0.0833333333300743,FALSE,TRUE,311.884529504934,1.03961509839044,3.74261435420558,3.70274771012768,-13316.6446262178,-63753.4814390566,TRUE,FALSE,TRUE
15,196712,"p","2020-02-26 12:52:00",1220.03333333333,TRUE,1219.95,0.0833333333298469,FALSE,TRUE,311.884610860859,1.03961536957969,3.74261533048688,3.73648790842454,-13267.8092473405,-63444.4862668834,TRUE,FALSE,TRUE
15,196712,"p","2020-02-26 12:57:00",1220.11666666667,TRUE,1220.03333333333,0.0833333333400788,FALSE,TRUE,311.884692401048,1.03961564125267,3.74261630850963,3.7717535427621,-13218.9738684635,-63135.4910947037,TRUE,FALSE,TRUE
15,196712,"p","2020-02-26 13:02:00",1220.2,TRUE,1220.11666666667,0.0833333333300743,FALSE,TRUE,311.884774142297,1.03961591384831,3.74261728985393,3.80701919337358,-13170.1384895864,-62826.4959225209,TRUE,FALSE,TRUE
15,196712,"p","2020-02-26 13:07:00",1220.28333333333,TRUE,1220.2,0.0833333333298469,FALSE,TRUE,311.884856074753,1.03961618695934,3.74261827305361,3.84228486029905,-13121.3031107093,-62517.5007503469,TRUE,FALSE,TRUE
15,196712,"p","2020-02-26 13:12:00",1220.36666666667,TRUE,1220.28333333333,0.0833333333400788,FALSE,TRUE,311.884938202541,1.03961646059099,3.74261925812755,3.8778068315372,-13072.4677318321,-62208.505578173,TRUE,FALSE,TRUE
15,196712,"p","2020-02-26 13:17:00",1220.45,TRUE,1220.36666666667,0.0833333333300743,FALSE,TRUE,311.885020525573,1.0396167351259,3.74262024645324,3.91928600911724,-13023.6323529549,-61899.5104059995,TRUE,FALSE,TRUE
15,196712,"p","2020-02-26 13:22:00",1220.53333333333,TRUE,1220.45,0.0833333333298469,FALSE,TRUE,311.885103041027,1.03961701018025,3.74262123664891,3.96078251048581,-12974.7969740777,-61590.5152338209,TRUE,FALSE,TRUE
15,196712,"p","2020-02-26 13:27:00",1220.61666666667,TRUE,1220.53333333333,0.0833333333400788,FALSE,TRUE,311.885185750211,1.03961728574988,3.74262222869958,4.000610438401,-12925.9615952007,-61281.5200616469,TRUE,FALSE,TRUE
15,196712,"p","2020-02-26 13:32:00",1220.7,TRUE,1220.61666666667,0.0833333333300743,FALSE,TRUE,311.885268657307,1.03961756223168,3.74262322403405,3.96881000264943,-12877.1262163235,-60972.5248894732,TRUE,FALSE,TRUE
15,196712,"p","2020-02-26 13:37:00",1220.78333333333,TRUE,1220.7,0.0833333333298469,FALSE,TRUE,311.885351755252,1.03961783922767,3.7426242212196,3.93647299771571,-12828.2908374463,-60663.5297172906,TRUE,FALSE,TRUE
15,196712,"p","2020-02-26 13:42:00",1220.86666666667,TRUE,1220.78333333333,0.0833333333400788,FALSE,TRUE,311.885435048082,1.03961811674279,3.74262522027404,3.90413597576606,-12779.4554585694,-60354.5345451201,TRUE,FALSE,TRUE
15,196712,"p","2020-02-26 13:47:00",1220.95,TRUE,1220.86666666667,0.0833333333300743,FALSE,TRUE,311.885518540129,1.03961839517442,3.74262622262792,3.87179893676313,-12730.6200796921,-60045.5393729373,TRUE,FALSE,TRUE
15,196712,"p","2020-02-26 13:52:00",1221.03333333333,TRUE,1220.95,0.0833333333298469,FALSE,TRUE,311.885602218573,1.0396186741054,3.74262722677945,3.83946188062851,-12681.7847008149,-59736.5442007697,TRUE,FALSE,TRUE
15,196712,"p","2020-02-26 13:57:00",1221.11666666667,TRUE,1221.03333333333,0.0833333333400788,FALSE,TRUE,311.885686098756,1.03961895357837,3.74262823288212,3.8071248072364,-12632.9493219381,-59427.5490285864,TRUE,FALSE,TRUE
15,196712,"p","2020-02-26 14:02:00",1221.2,TRUE,1221.11666666667,0.0833333333300743,FALSE,TRUE,311.885770168182,1.0396192339346,3.74262924216455,3.77478771654522,-12584.1139430608,-59118.5538564102,TRUE,FALSE,TRUE
15,196712,"p","2020-02-26 14:07:00",1221.28333333333,TRUE,1221.2,0.0833333333298469,FALSE,TRUE,311.885854432223,1.03961951481757,3.74263025334326,3.74289567531099,-12535.2785641836,-58809.5586842317,TRUE,FALSE,TRUE
15,196712,"p","2020-02-26 14:12:00",1221.36666666667,TRUE,1221.28333333333,0.0833333333400788,FALSE,TRUE,311.885938895035,1.03961979623263,3.74263126643747,3.74261399272483,-12486.4431853064,-58500.5635120675,TRUE,FALSE,TRUE
15,196712,"p","2020-02-26 14:17:00",1221.45,TRUE,1221.36666666667,0.0833333333300743,FALSE,TRUE,311.886023545427,1.03962007852541,3.74263228269149,3.74261496775862,-12437.6078064295,-58191.5683398873,TRUE,FALSE,TRUE
15,196712,"p","2020-02-26 14:22:00",1221.53333333333,TRUE,1221.45,0.0833333333298469,FALSE,TRUE,311.886108398771,1.03962036137273,3.74263330094183,3.74261594512678,-12388.7724275521,-57882.5731677126,TRUE,FALSE,TRUE
15,196712,"p","2020-02-26 14:27:00",1221.61666666667,TRUE,1221.53333333333,0.0833333333400788,FALSE,TRUE,311.886193438034,1.03962064470929,3.74263432095346,3.74261692482576,-12339.9370486752,-57573.5779955329,TRUE,FALSE,TRUE
15,196712,"p","2020-02-26 14:32:00",1221.7,TRUE,1221.61666666667,0.0833333333300743,FALSE,TRUE,311.886278675914,1.03962092896037,3.74263534425734,3.74261790685858,-12291.1016697983,-57264.5828233513,TRUE,FALSE,TRUE
15,196712,"p","2020-02-26 14:37:00",1221.78333333333,TRUE,1221.7,0.0833333333298469,FALSE,TRUE,311.886364109563,1.03962121374204,3.74263636947133,3.74261889122312,-12242.2662909211,-56955.58765118,TRUE,FALSE,TRUE
15,196712,"p","2020-02-26 14:42:00",1221.86666666667,TRUE,1221.78333333333,0.0833333333400788,FALSE,TRUE,311.886449730462,1.03962149901739,3.7426373964626,3.74261987791822,-12193.4309120437,-56646.5924790071,TRUE,FALSE,TRUE
15,196712,"p","2020-02-26 14:47:00",1221.95,TRUE,1221.86666666667,0.0833333333300743,FALSE,TRUE,311.886535555262,1.03962178522486,3.74263842680951,3.74262086694779,-12144.5955331667,-56337.5973068242,TRUE,FALSE,TRUE
15,196712,"p","2020-02-26 14:52:00",1222.03333333333,TRUE,1221.95,0.0833333333298469,FALSE,TRUE,311.886621568674,1.03962207193908,3.74263945898067,3.74262185830833,-12095.7601542895,-56028.6021346479,TRUE,FALSE,TRUE
15,196712,"p","2020-02-26 14:57:00",1222.11666666667,TRUE,1222.03333333333,0.0833333333400788,FALSE,TRUE,311.886707776132,1.03962235916962,3.74264049301063,3.74262285200284,-12046.9247754123,-55719.6069624747,TRUE,FALSE,TRUE
15,196712,"p","2020-02-26 15:02:00",1222.2,TRUE,1222.11666666667,0.0833333333300743,FALSE,TRUE,311.886794181788,1.03962264731328,3.74264153032782,3.74262384802827,-11998.0893965352,-55410.6117903025,TRUE,FALSE,TRUE
15,196712,"p","2020-02-26 15:07:00",1222.28333333333,TRUE,1222.2,0.0833333333298469,FALSE,TRUE,311.886880780032,1.03962293597693,3.74264256951696,3.74262484638578,-11949.254017658,-55101.6166181228,TRUE,FALSE,TRUE
15,196712,"p","2020-02-26 15:12:00",1222.36666666667,TRUE,1222.28333333333,0.0833333333400788,FALSE,TRUE,311.886967567926,1.03962322514227,3.74264361051217,3.74262584707603,-11900.4186387812,-54792.6214459421,TRUE,FALSE,TRUE
15,196712,"p","2020-02-26 15:17:00",1222.45,TRUE,1222.36666666667,0.0833333333300743,FALSE,TRUE,311.887054555351,1.03962351522516,3.74264465481058,3.74262685009834,-11851.583259904,-54483.6262737667,TRUE,FALSE,TRUE
15,196712,"p","2020-02-26 15:22:00",1222.53333333333,TRUE,1222.45,0.0833333333298469,FALSE,TRUE,311.88714173928,1.03962380584109,3.74264570102794,3.74262785545336,-11802.7478810267,-54174.6311015921,TRUE,FALSE,TRUE
15,196712,"p","2020-02-26 15:27:00",1222.61666666667,TRUE,1222.53333333333,0.0833333333400788,FALSE,TRUE,311.887229111312,1.03962409695355,3.74264674903279,3.74262886314039,-11753.9125021498,-53865.6359294139,TRUE,FALSE,TRUE
15,196712,"p","2020-02-26 15:32:00",1222.7,TRUE,1222.61666666667,0.0833333333300743,FALSE,TRUE,311.887316681299,1.03962438897832,3.74264780032195,3.74262987316011,-11705.0771232724,-53556.6407572438,TRUE,FALSE,TRUE
15,196712,"p","2020-02-26 15:37:00",1222.78333333333,TRUE,1222.7,0.0833333333298469,FALSE,TRUE,311.887404447579,1.03962468153542,3.74264885352753,3.74263088551179,-11656.2417443952,-53247.6455850519,TRUE,FALSE,TRUE
15,196712,"p","2020-02-26 15:42:00",1222.86666666667,TRUE,1222.78333333333,0.0833333333400788,FALSE,TRUE,311.887492401841,1.03962497458865,3.74264990851914,3.74263190019381,-11607.4063655181,-52938.6504128838,TRUE,FALSE,TRUE
15,196712,"p","2020-02-26 15:47:00",1222.95,TRUE,1222.86666666667,0.0833333333300743,FALSE,TRUE,311.887580553729,1.03962526855309,3.74265096679112,3.74263291721007,-11558.5709866413,-52629.6552407114,TRUE,FALSE,TRUE
15,196712,"p","2020-02-26 15:52:00",1223.03333333333,TRUE,1222.95,0.0833333333298469,FALSE,TRUE,311.887668901994,1.03962556305014,3.74265202698051,3.74263393655712,-11509.7356077639,-52320.6600685343,TRUE,FALSE,TRUE
15,196712,"p","2020-02-26 15:57:00",1223.11666666667,TRUE,1223.03333333333,0.0833333333400788,FALSE,TRUE,311.887757442097,1.03962585805617,3.74265308900222,3.74263495823747,-11460.9002288867,-52011.6648963543,TRUE,FALSE,TRUE
15,196712,"p","2020-02-26 16:02:00",1223.2,TRUE,1223.11666666667,0.0833333333300743,FALSE,TRUE,311.887846176885,1.03962615396361,3.74265415426899,3.742635982249,-11412.0648500097,-51702.6697241887,TRUE,FALSE,TRUE
15,196712,"p","2020-02-26 16:07:00",1223.28333333333,TRUE,1223.2,0.0833333333298469,FALSE,TRUE,311.887935107809,1.03962645040286,3.74265522145029,3.74263700859335,-11363.2294711325,-51393.6745520041,TRUE,FALSE,TRUE
15,196712,"p","2020-02-26 16:12:00",1223.36666666667,TRUE,1223.28333333333,0.0833333333400788,FALSE,TRUE,311.888024230449,1.03962674735068,3.74265629046243,3.74263803726932,-11314.3940922554,-51084.6793798248,TRUE,FALSE,TRUE
15,196712,"p","2020-02-26 16:17:00",1223.45,TRUE,1223.36666666667,0.0833333333300743,FALSE,TRUE,311.888113551805,1.03962704521334,3.74265736276803,3.74263906827806,-11265.5587133784,-50775.684207646,TRUE,FALSE,TRUE
15,196712,"p","2020-02-26 16:22:00",1223.53333333333,TRUE,1223.45,0.0833333333298469,FALSE,TRUE,311.888203059323,1.03962734357457,3.74265843686846,3.7426401016175,-11216.7233345012,-50466.6890354672,TRUE,FALSE,TRUE
15,196712,"p","2020-02-26 16:27:00",1223.61666666667,TRUE,1223.53333333333,0.0833333333400788,FALSE,TRUE,311.888292769593,1.03962764248116,3.74265951293216,3.74264113729062,-11167.8879556239,-50157.6938632985,TRUE,FALSE,TRUE
15,196712,"p","2020-02-26 16:32:00",1223.7,TRUE,1223.61666666667,0.0833333333300743,FALSE,TRUE,311.888382668545,1.03962794226914,3.74266059216891,3.74264217529437,-11119.0525767471,-49848.6986911222,TRUE,FALSE,TRUE
15,196712,"p","2020-02-26 16:37:00",1223.78333333333,TRUE,1223.7,0.0833333333298469,FALSE,TRUE,311.888472767543,1.03962824260197,3.7426616733671,3.7426432156318,-11070.2171978696,-49539.703518938,TRUE,FALSE,TRUE
15,196712,"p","2020-02-26 16:42:00",1223.86666666667,TRUE,1223.78333333333,0.0833333333400788,FALSE,TRUE,311.888563052225,1.03962854342327,3.74266275632375,3.74264425829985,-11021.3818189926,-49230.7083467675,TRUE,FALSE,TRUE
15,196712,"p","2020-02-26 16:47:00",1223.95,TRUE,1223.86666666667,0.0833333333300743,FALSE,TRUE,311.888653540958,1.03962884517718,3.74266384263787,3.74264530330012,-10972.5464401154,-48921.7131745866,TRUE,FALSE,TRUE
15,196712,"p","2020-02-26 16:52:00",1224.03333333333,TRUE,1223.95,0.0833333333298469,FALSE,TRUE,311.888744216765,1.03962914743271,3.74266493075776,3.74264635063285,-10923.7110612383,-48612.7180024093,TRUE,FALSE,TRUE
15,196712,"p","2020-02-26 16:57:00",1224.11666666667,TRUE,1224.03333333333,0.0833333333400788,FALSE,TRUE,311.888835079984,1.03962945018246,3.74266602065686,3.74264740029326,-10874.8756823681,-48303.7228302411,TRUE,FALSE,TRUE
15,196712,"o","2020-02-26 16:58:00",1224.13333333333,TRUE,1224.11666666667,0.0166666666600577,FALSE,TRUE,61.2450378801031,1.02075063173982,3.67470227426335,3.74076054007379,-10865.8740960517,-48242.9563292892,TRUE,FALSE,TRUE
15,196712,"p","2020-02-26 17:02:00",1224.2,TRUE,1224.13333333333,0.0666666666700166,FALSE,TRUE,119.847474047398,0.4993644751724,1.79771211062064,3.68673503610927,-10939.6122557925,-48147.9196335438,TRUE,FALSE,TRUE
15,196712,"p","2020-02-26 17:07:00",1224.28333333333,TRUE,1224.2,0.0833333333298469,FALSE,TRUE,149.382941017497,0.497943136745821,1.79259529228496,3.63256737016059,-11032.7418173018,-48030.4144307187,TRUE,FALSE,TRUE
15,196712,"p","2020-02-26 17:12:00",1224.36666666667,TRUE,1224.28333333333,0.0833333333400788,FALSE,TRUE,149.382958796329,0.497943195947457,1.79259550541085,3.57839968190279,-11125.8713788108,-47912.9092278969,TRUE,FALSE,TRUE
15,196712,"p","2020-02-26 17:17:00",1224.45,TRUE,1224.36666666667,0.0833333333300743,FALSE,TRUE,149.382976607381,0.49794325537741,1.79259571935868,3.52423197130326,-11219.0009403198,-47795.4040250759,TRUE,FALSE,TRUE
15,196712,"p","2020-02-26 17:22:00",1224.53333333333,TRUE,1224.45,0.0833333333298469,FALSE,TRUE,149.382994433997,0.497943314800821,1.79259593328296,3.47006423831241,-11312.1305018292,-47677.898822248,TRUE,FALSE,TRUE
15,196712,"p","2020-02-26 17:27:00",1224.61666666667,TRUE,1224.53333333333,0.0833333333400788,FALSE,TRUE,149.383012283151,0.497943374236865,1.79259614725271,3.41589648284006,-11405.2600633381,-47560.3936194202,TRUE,FALSE,TRUE
15,196712,"p","2020-02-26 17:32:00",1224.7,TRUE,1224.61666666667,0.0833333333300743,FALSE,TRUE,149.38303015354,0.497943433864606,1.79259636191258,3.36172870485232,-11498.3896248472,-47442.8884165893,TRUE,FALSE,TRUE
15,196712,"p","2020-02-26 17:37:00",1224.78333333333,TRUE,1224.7,0.0833333333298469,FALSE,TRUE,149.383048045931,0.497943493507269,1.79259657662617,3.30756090430131,-11591.5191863564,-47325.3832137729,TRUE,FALSE,TRUE
15,196712,"p","2020-02-26 17:42:00",1224.86666666667,TRUE,1224.78333333333,0.0833333333400788,FALSE,TRUE,149.383065958874,0.49794355315594,1.79259679136138,3.25339308109441,-11684.6487478654,-47207.8780109481,TRUE,FALSE,TRUE
15,196712,"p","2020-02-26 17:47:00",1224.95,TRUE,1224.86666666667,0.0833333333300743,FALSE,TRUE,149.383083894934,0.497943613002586,1.79259700680931,3.19922523520077,-11777.7783093745,-47090.3728081189,TRUE,FALSE,TRUE
15,196712,"p","2020-02-26 17:52:00",1225.03333333333,TRUE,1224.95,0.0833333333298469,FALSE,TRUE,149.383101851891,0.49794367286047,1.79259722229769,3.14505736656985,-11870.9078708837,-46972.8676052908,TRUE,FALSE,TRUE
15,196712,"p","2020-02-26 17:57:00",1225.11666666667,TRUE,1225.03333333333,0.0833333333400788,FALSE,TRUE,149.383119829405,0.497943732724377,1.79259743780776,3.09088947511096,-11964.0374323929,-46855.3624024676,TRUE,FALSE,TRUE
15,196712,"p","2020-02-26 18:02:00",1225.2,TRUE,1225.11666666667,0.0833333333300743,FALSE,TRUE,149.383137828702,0.497943792781812,1.79259765401452,3.03672156079145,-12057.1669939018,-46737.8571996499,TRUE,FALSE,TRUE
15,196712,"p","2020-02-26 18:07:00",1225.28333333333,TRUE,1225.2,0.0833333333298469,FALSE,TRUE,149.383155849015,0.497943852850882,1.79259787026318,2.98255362356231,-12150.2965554111,-46620.3519968218,TRUE,FALSE,TRUE
15,196712,"p","2020-02-26 18:12:00",1225.36666666667,TRUE,1225.28333333333,0.0833333333400788,FALSE,TRUE,149.38317389644,0.497943912947826,1.79259808661217,2.92838566333458,-12243.4261169203,-46502.8467939946,TRUE,FALSE,TRUE
15,196712,"p","2020-02-26 18:17:00",1225.45,TRUE,1225.36666666667,0.0833333333300743,FALSE,TRUE,149.383191955427,0.497943973204231,1.79259830353523,2.87421768007089,-12336.5556784291,-46385.3415911669,TRUE,FALSE,TRUE
15,196712,"p","2020-02-26 18:22:00",1225.53333333333,TRUE,1225.45,0.0833333333298469,FALSE,TRUE,149.383210043326,0.497944033498586,1.79259852059491,2.82004967372539,-12429.6852399383,-46267.8363883467,TRUE,FALSE,TRUE
15,196712,"p","2020-02-26 18:27:00",1225.61666666667,TRUE,1225.53333333333,0.0833333333400788,FALSE,TRUE,149.383228151562,0.497944093798236,1.79259873767365,2.76588164420738,-12522.8148014475,-46150.3311855149,TRUE,FALSE,TRUE
15,196712,"p","2020-02-26 18:32:00",1225.7,TRUE,1225.61666666667,0.0833333333300743,FALSE,TRUE,149.383246278031,0.497944154279577,1.79259895540648,2.7117135914818,-12615.9443629564,-46032.8259826981,TRUE,FALSE,TRUE
15,196712,"p","2020-02-26 18:37:00",1225.78333333333,TRUE,1225.7,0.0833333333298469,FALSE,TRUE,149.383264431081,0.497944214791101,1.79259917324796,2.65754551550204,-12709.0739244657,-45915.3207798686,TRUE,FALSE,TRUE
15,196712,"p","2020-02-26 18:42:00",1225.86666666667,TRUE,1225.78333333333,0.0833333333400788,FALSE,TRUE,148.691838261848,0.495639460832708,1.78430205899775,2.60314693473001,-12801.5286878902,-45798.1674294348,TRUE,FALSE,TRUE
15,196712,"p","2020-02-26 18:47:00",1225.95,TRUE,1225.86666666667,0.0833333333300743,FALSE,TRUE,61.0212867278336,0.203404289100733,0.732255440762641,2.51952480733507,-12770.1874065968,-45745.5636603879,TRUE,FALSE,TRUE
15,196712,"o","2020-02-26 18:50:00",1226,TRUE,1225.95,0.0499999999999545,FALSE,TRUE,37.6225094377036,0.209013941320766,0.752450188754757,2.43646361566153,-12752.137336288,-45712.4081075843,TRUE,FALSE,TRUE
15,196712,"p","2020-02-26 18:52:00",1226.03333333333,TRUE,1226,0.0333333333298924,FALSE,TRUE,168.516020566877,1.4043001715356,5.05548061752817,2.47293101741872,-12824.1917531381,-45559.4565051792,TRUE,FALSE,TRUE
15,196712,"p","2020-02-26 18:57:00",1226.11666666667,TRUE,1226.03333333333,0.0833333333400788,FALSE,TRUE,426.588479155415,1.42196159706962,5.11906174945062,2.5111645320854,-13007.2267385585,-45172.5664921371,TRUE,FALSE,TRUE
15,196712,"o","2020-02-26 18:59:00",1226.15,TRUE,1226.11666666667,0.0333333333301198,FALSE,TRUE,169.884907672471,1.41570756407375,5.09654723066548,2.54877261375771,-13080.8311773579,-45018.8289897638,TRUE,FALSE,TRUE
15,196712,"p","2020-02-26 19:02:00",1226.2,TRUE,1226.15,0.0499999999999545,FALSE,TRUE,193.437598091878,1.07465332273363,3.86875196184108,2.55227524150974,-13233.7080034227,-44899.0092173513,TRUE,FALSE,TRUE
15,196712,"p","2020-02-26 19:07:00",1226.28333333333,TRUE,1226.2,0.0833333333298469,FALSE,TRUE,321.864788121127,1.07288262711531,3.86237745761511,2.55560076986381,-13489.153454584,-44701.0071014019,TRUE,FALSE,TRUE
15,196712,"p","2020-02-26 19:12:00",1226.36666666667,TRUE,1226.28333333333,0.0833333333400788,FALSE,TRUE,321.864857575557,1.07288285849835,3.86237829059405,2.55892629146553,-13744.5989057445,-44503.0049854498,TRUE,FALSE,TRUE
15,196712,"p","2020-02-26 19:17:00",1226.45,TRUE,1226.36666666667,0.0833333333300743,FALSE,TRUE,321.864927245454,1.07288309086014,3.8623791270965,2.56225180632463,-14000.0443569053,-44305.0028694974,TRUE,FALSE,TRUE
15,196712,"p","2020-02-26 19:22:00",1226.53333333333,TRUE,1226.45,0.0833333333298469,FALSE,TRUE,321.86499713502,1.07288332382829,3.86237996578183,2.56557731444726,-14255.4898080665,-44107.0007535451,TRUE,FALSE,TRUE
15,196712,"p","2020-02-26 19:27:00",1226.61666666667,TRUE,1226.53333333333,0.0833333333400788,FALSE,TRUE,321.865067236275,1.07288355736741,3.86238080652266,2.56890281584167,-14510.9352592273,-43908.9986375917,TRUE,FALSE,TRUE
15,196712,"p","2020-02-26 19:32:00",1226.7,TRUE,1226.61666666667,0.0833333333300743,FALSE,TRUE,321.865137555607,1.07288379189398,3.86238165081833,2.57222831051335,-14766.3807103877,-43710.9965216457,TRUE,FALSE,TRUE
15,196712,"p","2020-02-26 19:37:00",1226.78333333333,TRUE,1226.7,0.0833333333298469,FALSE,TRUE,321.865208094765,1.07288402702743,3.86238249729876,2.57555379847283,-15021.826161549,-43512.9944056899,TRUE,FALSE,TRUE
15,196712,"p","2020-02-26 19:42:00",1226.86666666667,TRUE,1226.78333333333,0.0833333333400788,FALSE,TRUE,321.865278844162,1.07288426272703,3.8623833458173,2.57887927972728,-15277.2716127096,-43314.9922897455,TRUE,FALSE,TRUE
15,196712,"p","2020-02-26 19:47:00",1226.95,TRUE,1226.86666666667,0.0833333333300743,FALSE,TRUE,321.865349813242,1.07288449941943,3.86238419790996,2.58409266649524,-15532.7170638703,-43116.9901737897,TRUE,FALSE,TRUE
15,196712,"p","2020-02-26 19:52:00",1227.03333333333,TRUE,1226.95,0.0833333333298469,FALSE,TRUE,321.865420999978,1.07288473671148,3.86238505216133,2.64144469264915,-15788.1625150318,-42918.9880578348,TRUE,FALSE,TRUE
15,196712,"p","2020-02-26 19:57:00",1227.11666666667,TRUE,1227.03333333333,0.0833333333400788,FALSE,TRUE,321.865492397978,1.07288497457308,3.8623859084631,2.69893887643188,-16043.6079661926,-42720.9859418895,TRUE,FALSE,TRUE
15,196712,"p","2020-02-26 20:02:00",1227.2,TRUE,1227.11666666667,0.0833333333300743,FALSE,TRUE,321.865564017122,1.07288521343237,3.86238676835652,2.75643307818037,-16299.053417353,-42522.9838259397,TRUE,FALSE,TRUE
15,196712,"p","2020-02-26 20:07:00",1227.28333333333,TRUE,1227.2,0.0833333333298469,FALSE,TRUE,321.865635848998,1.07288545287488,3.86238763034956,2.81392729793012,-16554.4988685143,-42324.9817099826,TRUE,FALSE,TRUE
15,196712,"p","2020-02-26 20:12:00",1227.36666666667,TRUE,1227.28333333333,0.0833333333400788,FALSE,TRUE,321.865707897666,1.07288569290537,3.86238849445935,2.87142153574057,-16809.9443196751,-42126.9795940367,TRUE,FALSE,TRUE
15,196712,"p","2020-02-26 20:17:00",1227.45,TRUE,1227.36666666667,0.0833333333300743,FALSE,TRUE,321.865780164733,1.0728859339244,3.86238936212784,2.92891579170932,-17065.3897708356,-41928.9774780798,TRUE,FALSE,TRUE
15,196712,"p","2020-02-26 20:22:00",1227.53333333333,TRUE,1227.45,0.0833333333298469,FALSE,TRUE,321.865852647303,1.0728861755359,3.86239023192923,2.98641006587645,-17320.835221997,-41730.9753621297,TRUE,FALSE,TRUE
15,196712,"p","2020-02-26 20:27:00",1227.61666666667,TRUE,1227.53333333333,0.0833333333400788,FALSE,TRUE,321.86592534116,1.07288641771702,3.86239110378128,3.04390435829743,-17576.2806731576,-41532.9732461793,TRUE,FALSE,TRUE
15,196712,"p","2020-02-26 20:32:00",1227.7,TRUE,1227.61666666667,0.0833333333300743,FALSE,TRUE,321.865998211143,1.07288666074577,3.86239197868477,3.10139866905641,-17831.7261243112,-41334.9711302923,TRUE,FALSE,TRUE
15,196712,"o","2020-02-26 20:33:00",1227.71666666667,TRUE,1227.7,0.0166666666700621,FALSE,TRUE,59.3308569594784,0.988847615789853,3.55985141684347,3.15048906933514,-17882.0089669127,-41302.9999832199,TRUE,FALSE,TRUE
15,196712,"p","2020-02-26 20:37:00",1227.78333333333,TRUE,1227.71666666667,0.0666666666597848,FALSE,TRUE,966.785139142429,4.02827141350928,14.5017770886334,3.50352184340002,-17967.5525312334,-42268.8876476092,TRUE,FALSE,TRUE
15,196712,"p","2020-02-26 20:42:00",1227.86666666667,TRUE,1227.78333333333,0.0833333333400788,FALSE,TRUE,1210.8350651769,4.03611688359631,14.5300207809467,3.85733915848721,-18073.0685174524,-43478.7419853316,TRUE,FALSE,TRUE
15,196712,"p","2020-02-26 20:47:00",1227.95,TRUE,1227.86666666667,0.0833333333300743,FALSE,TRUE,87.4326955760669,0.291442318598288,1.04919234695384,3.83668901106886,-18104.1636371988,-43396.7258934713,TRUE,FALSE,TRUE
15,196712,"o","2020-02-26 20:48:00",1227.96666666667,TRUE,1227.95,0.0166666666700621,FALSE,TRUE,17.4800553593709,0.291334255930163,1.04880332134859,3.81602805137679,-18109.5527441708,-43380.0395133337,TRUE,FALSE,TRUE
15,196712,"p","2020-02-26 20:52:00",1228.03333333333,TRUE,1227.96666666667,0.0666666666597848,FALSE,TRUE,127.201429583361,0.53000595665205,1.90802144394738,3.81923425574721,-18023.7594968181,-43474.6092869508,TRUE,FALSE,TRUE
15,196712,"p","2020-02-26 20:57:00",1228.11666666667,TRUE,1228.03333333333,0.0833333333400788,FALSE,TRUE,160.666683665407,0.535555612174672,1.92800020382882,3.82299541964426,-17915.581956304,-43594.2280112634,TRUE,FALSE,TRUE
15,196712,"p","2020-02-26 21:02:00",1228.2,TRUE,1228.11666666667,0.0833333333300743,FALSE,TRUE,160.666662727597,0.535555542446269,1.92799995280657,3.82675657053902,-17807.4044157899,-43713.8467355822,TRUE,FALSE,TRUE
15,196712,"p","2020-02-26 21:07:00",1228.28333333333,TRUE,1228.2,0.0833333333298469,FALSE,TRUE,160.666641817322,0.535555472746811,1.92799970188852,3.83051770843388,-17699.2268752755,-43833.4654598986,TRUE,FALSE,TRUE
15,196712,"p","2020-02-26 21:12:00",1228.36666666667,TRUE,1228.28333333333,0.0833333333400788,FALSE,TRUE,160.666620932793,0.535555403065958,1.92799945103745,3.83427883331252,-17591.0493347615,-43953.0841842214,TRUE,FALSE,TRUE
15,196712,"p","2020-02-26 21:17:00",1228.45,TRUE,1228.36666666667,0.0833333333300743,FALSE,TRUE,160.666600076987,0.5355553336109,1.92799920099924,3.8380399451945,-17482.8717942474,-44072.70290854,TRUE,FALSE,TRUE
15,196712,"p","2020-02-26 21:22:00",1228.53333333333,TRUE,1228.45,0.0833333333298469,FALSE,TRUE,160.666579245575,0.535555264174322,1.92799895102756,3.84203152552866,-17374.6942537329,-44192.3216328577,TRUE,FALSE,TRUE
15,196712,"p","2020-02-26 21:27:00",1228.61666666667,TRUE,1228.53333333333,0.0833333333400788,FALSE,TRUE,160.666558441105,0.535555194760333,1.9279987011372,3.87524661609462,-17266.5167132188,-44311.9403571764,TRUE,FALSE,TRUE
16,196712,"p","2020-02-26 22:22:00",1229.53333333333,TRUE,1229.45,0.0833333333298469,FALSE,TRUE,885.188559335237,2.9506285312409,10.6222627124672,10.6222627124672,-14472.2062482885,-46022.9466104543,TRUE,TRUE,TRUE
16,196712,"o","2020-02-26 22:24:00",1229.56666666667,TRUE,1229.53333333333,0.0333333333401242,FALSE,TRUE,345.089129124862,2.87574274212132,10.3526738716367,10.487468292052,-14144.7752626527,-46136.8989270939,TRUE,FALSE,TRUE
16,196712,"p","2020-02-26 22:27:00",1229.61666666667,TRUE,1229.56666666667,0.0499999999999545,FALSE,TRUE,559.149163838685,3.10638424355108,11.1829832767839,10.719306620296,-14473.9356887778,-45682.4026968081,TRUE,FALSE,TRUE
16,196712,"o","2020-02-26 22:32:00",1229.7,TRUE,1229.61666666667,0.0833333333300743,FALSE,TRUE,941.366747166776,3.1378891573453,11.2964009664431,10.8635802068327,-15024.8101065513,-44914.8639705106,TRUE,FALSE,TRUE
16,196712,"o","2020-02-26 22:34:00",1229.73333333333,TRUE,1229.7,0.0333333333298924,FALSE,TRUE,619.498556318868,5.16248796985681,18.5849566914845,12.4078555037631,-14501.2099797102,-44578.8130148771,TRUE,FALSE,TRUE
16,196712,"p","2020-02-26 22:37:00",1229.78333333333,TRUE,1229.73333333333,0.0499999999999545,FALSE,TRUE,215.991223171499,1.19995123984275,4.3198244634339,11.0598503303749,-14284.2294434484,-44573.7860928574,TRUE,FALSE,TRUE
16,196712,"p","2020-02-26 22:42:00",1229.86666666667,TRUE,1229.78333333333,0.0833333333400788,FALSE,TRUE,350.986239493711,1.169954131551,4.2118348735836,10.0815624079761,-13931.541339541,-44573.0651002002,TRUE,FALSE,TRUE
16,196712,"p","2020-02-26 22:47:00",1229.95,TRUE,1229.86666666667,0.0833333333300743,FALSE,TRUE,350.986228579213,1.1699540953098,4.21183474311527,9.34784644986853,-13578.8532356338,-44572.3441075428,TRUE,FALSE,TRUE
16,196712,"p","2020-02-26 22:52:00",1230.03333333333,TRUE,1229.95,0.0833333333298469,FALSE,TRUE,350.986217948128,1.16995405987604,4.21183461555375,8.777178468278,-13226.165131726,-44571.6231148831,TRUE,FALSE,TRUE
16,196712,"p","2020-02-26 22:57:00",1230.11666666667,TRUE,1230.03333333333,0.0833333333400788,FALSE,TRUE,350.986207598427,1.16995402523339,4.2118344908402,8.32064407053422,-12873.4770278186,-44570.9021222279,TRUE,FALSE,TRUE
16,196712,"p","2020-02-26 23:02:00",1230.2,TRUE,1230.11666666667,0.0833333333300743,FALSE,TRUE,350.986197531412,1.16995399181713,4.21183437054166,7.94711591598944,-12520.7889239115,-44570.1811295748,TRUE,FALSE,TRUE
16,196712,"p","2020-02-26 23:07:00",1230.28333333333,TRUE,1230.2,0.0833333333298469,FALSE,TRUE,350.986187748758,1.16995395921147,4.2118342531613,7.6358424440871,-12168.1008200031,-44569.4601369142,TRUE,FALSE,TRUE
16,196712,"p","2020-02-26 23:12:00",1230.36666666667,TRUE,1230.28333333333,0.0833333333400788,FALSE,TRUE,349.479134531339,1.1649304483435,4.19374961403661,7.37106607254475,-11816.9282332152,-44568.3063146409,TRUE,FALSE,TRUE
16,196712,"p","2020-02-26 23:17:00",1230.45,TRUE,1230.36666666667,0.0833333333300743,FALSE,TRUE,108.395168088325,0.361317226975212,1.30074201711076,6.93747149715661,-11743.7870003571,-44487.7471161505,TRUE,FALSE,TRUE
16,196712,"p","2020-02-26 23:22:00",1230.53333333333,TRUE,1230.45,0.0833333333298469,FALSE,TRUE,107.711380431608,0.359037934787048,1.29253656523337,6.56114250169506,-11672.1612846179,-44406.755088032,TRUE,FALSE,TRUE
16,196712,"p","2020-02-26 23:27:00",1230.61666666667,TRUE,1230.53333333333,0.0833333333400788,FALSE,TRUE,107.711388397803,0.359037961296947,1.29253666066901,6.23185463663093,-11600.535568879,-44325.7630599146,TRUE,FALSE,TRUE
16,196712,"p","2020-02-26 23:32:00",1230.7,TRUE,1230.61666666667,0.0833333333300743,FALSE,TRUE,107.711396372972,0.359037987923949,1.29253675652622,5.94130652603654,-11528.9098531402,-44244.7710318001,TRUE,FALSE,TRUE
16,196712,"p","2020-02-26 23:37:00",1230.78333333333,TRUE,1230.7,0.0833333333298469,FALSE,TRUE,107.71140435687,0.359038014537922,1.29253685233652,5.68304154416431,-11457.2841374015,-44163.7790036823,TRUE,FALSE,TRUE
16,196712,"p","2020-02-26 23:42:00",1230.86666666667,TRUE,1230.78333333333,0.0833333333400788,FALSE,TRUE,107.711412347751,0.359038041130107,1.29253694806838,5.45196235489611,-11385.6584216623,-44082.786975575,TRUE,FALSE,TRUE
16,196712,"p","2020-02-26 23:47:00",1230.95,TRUE,1230.86666666667,0.0833333333300743,FALSE,TRUE,107.711420346988,0.359038067837336,1.29253704421441,5.24399108936202,-11314.0327059234,-44001.7949474594,TRUE,FALSE,TRUE
16,196712,"o","2020-02-26 23:49:00",1230.98333333333,TRUE,1230.95,0.0333333333298924,FALSE,TRUE,42.9810911420836,0.358175759554337,1.28943273439561,5.05567878674457,-11284.8243415159,-43970.0392303813,TRUE,FALSE,TRUE
16,196712,"p","2020-02-26 23:52:00",1231.03333333333,TRUE,1230.98333333333,0.0499999999999545,FALSE,TRUE,106.320849415021,0.590671385639544,2.12641698830236,4.92253052317902,-11180.3074870182,-43992.1399397598,TRUE,FALSE,TRUE
16,196712,"p","2020-02-26 23:57:00",1231.11666666667,TRUE,1231.03333333333,0.0833333333400788,FALSE,TRUE,178.329771260752,0.594432570821056,2.1399572549558,4.80154907673453,-11005.1825993354,-44030.0429456803,TRUE,FALSE,TRUE
16,196712,"p","2020-02-27 00:02:00",1231.2,TRUE,1231.11666666667,0.0833333333300743,FALSE,TRUE,178.329762405808,0.594432541375942,2.13995714895339,4.69064941307698,-10830.0577116528,-44067.9459515929,TRUE,FALSE,TRUE
16,196712,"p","2020-02-27 00:07:00",1231.28333333333,TRUE,1231.2,0.0833333333298469,FALSE,TRUE,178.329753588408,0.59443251198623,2.13995704315043,4.58862171827992,-10654.9328239695,-44105.8489575055,TRUE,FALSE,TRUE
16,196712,"o","2020-02-27 00:09:00",1231.31666666667,TRUE,1231.28333333333,0.0333333333401242,FALSE,TRUE,71.439417518585,0.595328479200257,2.14318252512093,4.49456636469688,-10584.7333465102,-44120.8293434257,TRUE,FALSE,TRUE
16,196712,"p","2020-02-27 00:12:00",1231.36666666667,TRUE,1231.31666666667,0.0499999999999545,FALSE,TRUE,121.008777394464,0.672270985525411,2.42017554789148,4.41773707518557,-10463.1700038887,-44123.6318207719,TRUE,FALSE,TRUE
16,196712,"p","2020-02-27 00:17:00",1231.45,TRUE,1231.36666666667,0.0833333333300743,FALSE,TRUE,201.922521330233,0.673075071127099,2.42307025605755,4.34649897450243,-10260.3152288757,-44128.0012556005,TRUE,FALSE,TRUE
16,196712,"p","2020-02-27 00:22:00",1231.53333333333,TRUE,1231.45,0.0833333333298469,FALSE,TRUE,201.922517745654,0.673075059180338,2.42307021304922,4.28017384479715,-10057.4604538623,-44132.3706904229,TRUE,FALSE,TRUE
16,196712,"p","2020-02-27 00:27:00",1231.61666666667,TRUE,1231.53333333333,0.0833333333400788,FALSE,TRUE,201.922514214245,0.673075047326334,2.4230701703748,4.21827038898307,-9854.60567884918,-44136.740125243,TRUE,FALSE,TRUE
16,196712,"p","2020-02-27 00:32:00",1231.7,TRUE,1231.61666666667,0.0833333333300743,FALSE,TRUE,201.922510736679,0.673075035815253,2.42307012893491,4.16036070317506,-9651.75090383638,-44141.1095600669,TRUE,FALSE,TRUE
16,196712,"p","2020-02-27 00:37:00",1231.78333333333,TRUE,1231.7,0.0833333333298469,FALSE,TRUE,201.922507313911,0.673075024407863,2.42307008786831,4.10607037144673,-9448.89612882276,-44145.4789949011,TRUE,FALSE,TRUE
16,196712,"p","2020-02-27 00:42:00",1231.86666666667,TRUE,1231.78333333333,0.0833333333400788,FALSE,TRUE,201.92250394325,0.673075013089684,2.42307004712286,4.05507036161873,-9246.04135381009,-44149.8484297199,TRUE,FALSE,TRUE
16,196712,"p","2020-02-27 00:47:00",1231.95,TRUE,1231.86666666667,0.0833333333300743,FALSE,TRUE,201.922500627923,0.6730750021194,2.42307000762984,4.00707035120729,-9043.18657879681,-44154.2178645481,TRUE,FALSE,TRUE
16,196712,"p","2020-02-27 00:52:00",1232.03333333333,TRUE,1231.95,0.0833333333298469,FALSE,TRUE,201.922497366096,0.673074991248478,2.42306996849452,3.9618131974155,-8840.33180378332,-44158.5872993666,TRUE,FALSE,TRUE
16,196712,"o","2020-02-27 00:55:00",1232.08333333333,TRUE,1232.03333333333,0.0500000000001819,FALSE,TRUE,121.09160654701,0.672731147480944,2.4218321309314,3.91903594556872,-8718.66938928602,-44160.5932590567,TRUE,FALSE,TRUE
16,196712,"p","2020-02-27 00:57:00",1232.11666666667,TRUE,1232.08333333333,0.0333333333398969,FALSE,TRUE,88.3483504557926,0.736236253653303,2.65045051315189,3.69759671780996,-8641.21957730346,-44117.2824362215,TRUE,FALSE,TRUE
16,196712,"p","2020-02-27 01:02:00",1232.2,TRUE,1232.11666666667,0.0833333333300743,FALSE,TRUE,221.515936998635,0.738386456690994,2.65819124408758,3.48386108926693,-8447.72117362239,-44007.4661261005,TRUE,FALSE,TRUE
16,196712,"p","2020-02-27 01:07:00",1232.28333333333,TRUE,1232.2,0.0833333333298469,FALSE,TRUE,221.515958536746,0.738386528486711,2.65819150255216,3.24706131776049,-8254.22276994079,-43897.6498159858,TRUE,FALSE,TRUE
16,196712,"p","2020-02-27 01:12:00",1232.36666666667,TRUE,1232.28333333333,0.0833333333400788,FALSE,TRUE,221.515980147166,0.738386600430786,2.65819176155083,3.00711106206904,-8060.72436625947,-43787.8335058667,TRUE,FALSE,TRUE
16,196712,"p","2020-02-27 01:17:00",1232.45,TRUE,1232.36666666667,0.0833333333300743,FALSE,TRUE,221.516001827714,0.738386672787922,2.65819202203652,2.56470093236215,-7867.22596257846,-43678.0171957525,TRUE,FALSE,TRUE
16,196712,"p","2020-02-27 01:22:00",1232.53333333333,TRUE,1232.45,0.0833333333298469,FALSE,TRUE,221.516023579308,0.738386745295253,2.65819228306291,2.5185444829074,-7673.72755889679,-43568.2008856248,TRUE,FALSE,TRUE
16,196712,"p","2020-02-27 01:27:00",1232.61666666667,TRUE,1232.53333333333,0.0833333333400788,FALSE,TRUE,221.516045400507,0.738386817941922,2.65819254459092,2.47538775154649,-7480.22915521581,-43458.3845755091,TRUE,FALSE,TRUE
16,196712,"p","2020-02-27 01:32:00",1232.7,TRUE,1232.61666666667,0.0833333333300743,FALSE,TRUE,221.516067293037,0.738386891005668,2.6581928076204,2.43223103111608,-7286.73075153495,-43348.5682653928,TRUE,FALSE,TRUE
16,196712,"p","2020-02-27 01:37:00",1232.78333333333,TRUE,1232.7,0.0833333333298469,FALSE,TRUE,221.516089256641,0.738386964219694,2.6581930711909,2.38907432155044,-7093.23234785308,-43238.7519552744,TRUE,FALSE,TRUE
16,196712,"p","2020-02-27 01:42:00",1232.86666666667,TRUE,1232.78333333333,0.0833333333400788,FALSE,TRUE,221.516111289391,0.738387037571534,2.65819333525752,2.34591762278426,-6899.73394417205,-43128.9356451594,TRUE,FALSE,TRUE
16,196712,"p","2020-02-27 01:47:00",1232.95,TRUE,1232.86666666667,0.0833333333300743,FALSE,TRUE,221.516133395587,0.7383871113475,2.658193600851,2.3027609347373,-6706.23554049118,-43019.1193350343,TRUE,FALSE,TRUE
16,196712,"p","2020-02-27 01:52:00",1233.03333333333,TRUE,1232.95,0.0833333333298469,FALSE,TRUE,223.641283512768,0.745470945073748,2.68369540226549,2.26031263332352,-6510.75194678619,-42908.4759920543,TRUE,FALSE,TRUE
16,196712,"p","2020-02-27 01:57:00",1233.11666666667,TRUE,1233.03333333333,0.0833333333400788,FALSE,TRUE,615.34924057673,2.05116413508974,7.38419088632305,2.34893600199815,-5951.07248692705,-42646.108155751,TRUE,FALSE,TRUE
16,196712,"p","2020-02-27 02:02:00",1233.2,TRUE,1233.11666666667,0.0833333333300743,FALSE,TRUE,617.488139946974,2.05829379990374,7.40985767965347,2.518633659291,-5389.40783704469,-42382.9132865864,TRUE,FALSE,TRUE
16,196712,"p","2020-02-27 02:07:00",1233.28333333333,TRUE,1233.2,0.0833333333298469,FALSE,TRUE,617.48828906148,2.05829429695771,7.40985946904777,2.68855929550807,-4827.74318716089,-42119.7184174257,TRUE,FALSE,TRUE
16,196712,"p","2020-02-27 02:12:00",1233.36666666667,TRUE,1233.28333333333,0.0833333333400788,FALSE,TRUE,617.488439708691,2.05829479886236,7.4098612759045,2.85848497926461,-4266.0785372783,-41856.5235482562,TRUE,FALSE,TRUE
16,196712,"p","2020-02-27 02:17:00",1233.45,TRUE,1233.36666666667,0.0833333333300743,FALSE,TRUE,617.488591887998,2.05829530637382,7.40986310294577,3.02841071110959,-3704.4138873959,-41593.3286790884,TRUE,FALSE,TRUE
16,196712,"p","2020-02-27 02:22:00",1233.53333333333,TRUE,1233.45,0.0833333333298469,FALSE,TRUE,617.488745602701,2.05829581876178,7.40986494754242,3.19833649153198,-3142.74923751203,-41330.1338099315,TRUE,FALSE,TRUE
16,196712,"p","2020-02-27 02:27:00",1233.61666666667,TRUE,1233.53333333333,0.0833333333400788,FALSE,TRUE,617.488900847047,2.05829633599022,7.40986680956477,3.36826232101799,-2581.08458762982,-41066.9389407624,TRUE,FALSE,TRUE
16,196712,"p","2020-02-27 02:32:00",1233.7,TRUE,1233.61666666667,0.0833333333300743,FALSE,TRUE,617.489057625977,2.05829685883375,7.40986869180151,3.53818820011763,-2019.4199377472,-40803.7440716012,TRUE,FALSE,TRUE
16,196712,"p","2020-02-27 02:37:00",1233.78333333333,TRUE,1233.7,0.0833333333298469,FALSE,TRUE,617.489215939332,2.05829738655055,7.40987059158199,3.70820036281725,-1457.75528786335,-40540.5492024337,TRUE,FALSE,TRUE
16,196712,"p","2020-02-27 02:42:00",1233.86666666667,TRUE,1233.78333333333,0.0833333333400788,FALSE,TRUE,617.489375781949,2.05829791910655,7.40987250878359,3.85496301616396,-896.090637980834,-40277.3543332655,TRUE,FALSE,TRUE
16,196712,"p","2020-02-27 02:47:00",1233.95,TRUE,1233.86666666667,0.0833333333300743,FALSE,TRUE,617.48953716044,2.05829845728196,7.40987444621506,4.00134960481005,-334.425988098575,-40014.1594640937,TRUE,FALSE,TRUE
16,196712,"p","2020-02-27 02:52:00",1234.03333333333,TRUE,1233.95,0.0833333333298469,FALSE,TRUE,617.489700072309,2.05829900032714,7.40987640117771,4.14773625070517,227.238661785395,-39750.964594925,TRUE,FALSE,TRUE
16,196712,"p","2020-02-27 02:57:00",1234.11666666667,TRUE,1234.03333333333,0.0833333333400788,FALSE,TRUE,617.489864513295,2.05829954821104,7.40987837355974,4.29412295432765,788.903311667964,-39487.7697257674,TRUE,FALSE,TRUE
16,196712,"p","2020-02-27 03:02:00",1234.2,TRUE,1234.11666666667,0.0833333333300743,FALSE,TRUE,617.490030489932,2.0583001017136,7.40988036616898,4.44042011657898,1350.56796155027,-39224.5748566007,TRUE,FALSE,TRUE
16,196712,"p","2020-02-27 03:07:00",1234.28333333333,TRUE,1234.2,0.0833333333298469,FALSE,TRUE,617.490198002141,2.05830066009325,7.4098823763357,4.57902308403577,1912.23261143434,-38961.3799874305,TRUE,FALSE,TRUE
16,196712,"p","2020-02-27 03:12:00",1234.36666666667,TRUE,1234.28333333333,0.0833333333400788,FALSE,TRUE,617.490367040965,2.05830122330328,7.40988440389179,4.71754569925338,2473.89726131661,-38698.1851182632,TRUE,FALSE,TRUE
16,196712,"o","2020-02-27 03:16:00",1234.43333333333,TRUE,1234.36666666667,0.0666666666600122,FALSE,TRUE,492.687596710656,2.05286498649931,7.39031395139751,4.85552469198528,2921.55628254916,-38487.1555429547,TRUE,FALSE,TRUE
16,196712,"p","2020-02-27 03:17:00",1234.45,TRUE,1234.43333333333,0.0166666666700621,FALSE,TRUE,86.6511371065444,1.44418561814819,5.19906822533347,4.93263574906747,2973.51936764499,-38417.4208498578,TRUE,FALSE,TRUE
16,196712,"p","2020-02-27 03:22:00",1234.53333333333,TRUE,1234.45,0.0833333333298469,FALSE,TRUE,430.259408596321,1.4341980287144,5.16311290337186,5.00874804835738,3224.97129984172,-38066.3789845316,TRUE,FALSE,TRUE
16,196712,"p","2020-02-27 03:27:00",1234.61666666667,TRUE,1234.53333333333,0.0833333333400788,FALSE,TRUE,430.259564969282,1.43419854978152,5.16311477921346,5.08486040089475,3476.42323202294,-37715.3371192035,TRUE,FALSE,TRUE
16,196712,"o","2020-02-27 03:31:00",1234.68333333333,TRUE,1234.61666666667,0.0666666666600122,FALSE,TRUE,343.233651211391,1.43014021352355,5.14850476868478,5.16056692093813,3677.46465920118,-37435.6194711884,TRUE,FALSE,TRUE
16,196712,"p","2020-02-27 03:32:00",1234.7,TRUE,1234.68333333333,0.0166666666700621,FALSE,TRUE,54.6117776167867,0.91019629342768,3.27670665633965,5.18427905006896,3723.41981217191,-37405.6833515493,TRUE,FALSE,TRUE
16,196712,"p","2020-02-27 03:37:00",1234.78333333333,TRUE,1234.7,0.0833333333298469,FALSE,TRUE,269.552907589109,0.898509692001288,3.23463489120464,5.20682252014424,3952.5949841987,-37261.5819745835,TRUE,FALSE,TRUE
16,196712,"p","2020-02-27 03:42:00",1234.86666666667,TRUE,1234.78333333333,0.0833333333400788,FALSE,TRUE,269.552948967655,0.898509829819454,3.23463538735003,5.22940038837809,4181.7701562241,-37117.4805976285,TRUE,FALSE,TRUE
16,196712,"p","2020-02-27 03:47:00",1234.95,TRUE,1234.86666666667,0.0833333333300743,FALSE,TRUE,269.552990480523,0.89850996830355,3.23463588589278,5.24562775984312,4410.94532824944,-36973.3792206752,TRUE,FALSE,TRUE
16,196712,"p","2020-02-27 03:52:00",1235.03333333333,TRUE,1234.95,0.0833333333298469,FALSE,TRUE,269.553032120207,0.898510107104947,3.23463638557781,5.26164012488451,4640.12050027527,-36829.2778437174,TRUE,FALSE,TRUE
16,196712,"p","2020-02-27 03:57:00",1235.11666666667,TRUE,1235.03333333333,0.0833333333400788,FALSE,TRUE,269.553073885958,0.898510246213795,3.23463688636966,5.27765249665722,4869.29567230044,-36685.176466764,TRUE,FALSE,TRUE
16,196712,"p","2020-02-27 04:02:00",1235.2,TRUE,1235.11666666667,0.0833333333300743,FALSE,TRUE,269.553115780007,0.898510385968496,3.23463738948658,5.29366487521099,5098.47084432563,-36541.0750898054,TRUE,FALSE,TRUE
16,196712,"p","2020-02-27 04:07:00",1235.28333333333,TRUE,1235.2,0.0833333333298469,FALSE,TRUE,269.553157800754,0.898510526040106,3.23463789374438,5.30967726053621,5327.64601635154,-36396.9737128517,TRUE,FALSE,TRUE
16,196712,"p","2020-02-27 04:12:00",1235.36666666667,TRUE,1235.28333333333,0.0833333333400788,FALSE,TRUE,269.553199947893,0.898510666420248,3.23463839911289,5.32568965264871,5556.82118837675,-36252.8723359026,TRUE,FALSE,TRUE
16,196712,"p","2020-02-27 04:17:00",1235.45,TRUE,1235.36666666667,0.0833333333300743,FALSE,TRUE,269.553242223813,0.898510807447849,3.23463890681225,5.3417020515993,5785.99636040193,-36108.7709589444,TRUE,FALSE,TRUE
16,196712,"p","2020-02-27 04:22:00",1235.53333333333,TRUE,1235.45,0.0833333333298469,FALSE,TRUE,269.553284629177,0.898510948801514,3.23463941568545,5.35771445737889,6015.17153242768,-35964.6695819923,TRUE,FALSE,TRUE
16,196712,"p","2020-02-27 04:27:00",1235.61666666667,TRUE,1235.53333333333,0.0833333333400788,FALSE,TRUE,269.553327156602,0.898511090449277,3.2346399256174,5.37372687000185,6244.34670445313,-35820.5682050354,TRUE,FALSE,TRUE
16,196712,"p","2020-02-27 04:32:00",1235.7,TRUE,1235.61666666667,0.0833333333300743,FALSE,TRUE,269.55336981584,0.898511232754607,3.23464043791658,5.38973928952015,6473.52187647829,-35676.4668280729,TRUE,FALSE,TRUE
16,196712,"p","2020-02-27 04:37:00",1235.78333333333,TRUE,1235.7,0.0833333333298469,FALSE,TRUE,269.553412600035,0.898511375371042,3.23464095133575,5.40575171592251,6702.69704850409,-35532.3654511273,TRUE,FALSE,TRUE
16,196712,"p","2020-02-27 04:42:00",1235.86666666667,TRUE,1235.78333333333,0.0833333333400788,FALSE,TRUE,269.553455509481,0.898511518292206,3.23464146585194,5.42105577324435,6931.87222052924,-35388.2640741729,TRUE,FALSE,TRUE
16,196712,"o","2020-02-27 04:45:00",1235.91666666667,TRUE,1235.86666666667,0.0499999999999545,FALSE,TRUE,159.795384140987,0.887752134117401,3.19590768282264,5.30471457314712,7066.99776856411,-35301.6881659851,TRUE,FALSE,TRUE
16,196712,"p","2020-02-27 04:47:00",1235.95,TRUE,1235.91666666667,0.0333333333301198,FALSE,TRUE,105.236538770687,0.876971156506941,3.15709616342499,5.18658230880744,6984.52587302541,-35235.6256176466,TRUE,FALSE,TRUE
16,196712,"p","2020-02-27 04:52:00",1236.03333333333,TRUE,1235.95,0.0833333333298469,FALSE,TRUE,267.910739389537,0.893035798002484,3.21492887280894,5.07005645891192,6772.39724622409,-35070.1815417669,TRUE,FALSE,TRUE
16,196712,"p","2020-02-27 04:57:00",1236.11666666667,TRUE,1236.03333333333,0.0833333333400788,FALSE,TRUE,267.910782957416,0.893035943119099,3.21492939522876,4.95353057333759,6560.26861942333,-34904.7374658843,TRUE,FALSE,TRUE
16,196712,"p","2020-02-27 05:02:00",1236.2,TRUE,1236.11666666667,0.0833333333300743,FALSE,TRUE,267.910826652696,0.893036088877245,3.21492991995808,4.83700465158793,6348.13999262256,-34739.2933900001,TRUE,FALSE,TRUE
16,196712,"p","2020-02-27 05:07:00",1236.28333333333,TRUE,1236.2,0.0833333333298469,FALSE,TRUE,267.910870471772,0.893036234943268,3.21493044579576,4.72047869320608,6136.01136582117,-34573.849314116,TRUE,FALSE,TRUE
16,196712,"p","2020-02-27 05:12:00",1236.36666666667,TRUE,1236.28333333333,0.0833333333400788,FALSE,TRUE,267.910914418255,0.893036381321897,3.21493097275883,4.60395269773925,5923.88273902042,-34408.4052382332,TRUE,FALSE,TRUE
16,196712,"p","2020-02-27 05:17:00",1236.45,TRUE,1236.36666666667,0.0833333333300743,FALSE,TRUE,267.910958483058,0.893036528311784,3.21493150192242,4.48742666468705,5711.75411221976,-34242.961162351,TRUE,FALSE,TRUE
16,196712,"p","2020-02-27 05:22:00",1236.53333333333,TRUE,1236.45,0.0833333333298469,FALSE,TRUE,267.911002680084,0.893036675637643,3.21493203229551,4.37090059359576,5499.6254854184,-34077.5170864664,TRUE,FALSE,TRUE
16,196712,"p","2020-02-27 05:27:00",1236.61666666667,TRUE,1236.53333333333,0.0833333333400788,FALSE,TRUE,267.911046995436,0.893036823245833,3.214932563685,4.25437448400969,5287.49685861765,-33912.0730105821,TRUE,FALSE,TRUE
16,196712,"p","2020-02-27 05:32:00",1236.7,TRUE,1236.61666666667,0.0833333333300743,FALSE,TRUE,267.911091438405,0.893036971496274,3.21493309738659,4.13784833543112,5075.36823181675,-33746.6289347025,TRUE,FALSE,TRUE
16,196712,"p","2020-02-27 05:37:00",1236.78333333333,TRUE,1236.7,0.0833333333298469,FALSE,TRUE,267.911136006682,0.893037120059635,3.21493363221468,4.02132214740437,4863.23960501554,-33581.1848588146,TRUE,FALSE,TRUE
16,196712,"p","2020-02-27 05:42:00",1236.86666666667,TRUE,1236.78333333333,0.0833333333400788,FALSE,TRUE,267.911180699403,0.893037268925723,3.2149341681326,3.90479591947584,4651.11097821474,-33415.7407829329,TRUE,FALSE,TRUE
16,196712,"p","2020-02-27 05:47:00",1236.95,TRUE,1236.86666666667,0.0833333333300743,FALSE,TRUE,267.911225513839,0.893037418414389,3.2149347062918,3.78826965114592,4438.98235141399,-33250.296707056,TRUE,FALSE,TRUE
16,196712,"p","2020-02-27 05:52:00",1237.03333333333,TRUE,1236.95,0.0833333333298469,FALSE,TRUE,267.911270457968,0.893037568230589,3.21493524563012,3.67174334195965,4226.85372461258,-33084.8526311735,TRUE,FALSE,TRUE
16,196712,"p","2020-02-27 05:57:00",1237.11666666667,TRUE,1237.03333333333,0.0833333333400788,FALSE,TRUE,267.911315523967,0.893037718340937,3.21493578602737,3.55521699146342,4014.72509781183,-32919.4085552967,TRUE,FALSE,TRUE
16,196712,"p","2020-02-27 06:02:00",1237.2,TRUE,1237.11666666667,0.0833333333300743,FALSE,TRUE,267.911360712445,0.893037869076408,3.21493632867507,3.43923427972113,3802.59647101103,-32753.9644794118,TRUE,FALSE,TRUE
16,196712,"p","2020-02-27 06:07:00",1237.28333333333,TRUE,1237.2,0.0833333333298469,FALSE,TRUE,267.911406030073,0.893038020137605,3.21493687249538,3.38411951992007,3590.46784420963,-32588.5204035288,TRUE,FALSE,TRUE
16,196712,"p","2020-02-27 06:12:00",1237.36666666667,TRUE,1237.28333333333,0.0833333333400788,FALSE,TRUE,267.91145146932,0.893038171492114,3.21493741737161,3.33000353419784,3378.3392174088,-32423.0763276469,TRUE,FALSE,TRUE
16,196712,"p","2020-02-27 06:17:00",1237.45,TRUE,1237.36666666667,0.0833333333300743,FALSE,TRUE,267.911497034848,0.893038323484418,3.21493796454391,3.27588751156813,3166.21059060802,-32257.6322517692,TRUE,FALSE,TRUE
16,196712,"p","2020-02-27 06:22:00",1237.53333333333,TRUE,1237.45,0.0833333333298469,FALSE,TRUE,267.911542724786,0.893038475786649,3.21493851283194,3.22217733779444,2954.08196380678,-32092.1881758825,TRUE,FALSE,TRUE
16,196712,"p","2020-02-27 06:27:00",1237.61666666667,TRUE,1237.53333333333,0.0833333333400788,FALSE,TRUE,267.911588538125,0.893038628388129,3.21493906219726,3.22046157129048,2741.95333700567,-31926.7441000042,TRUE,FALSE,TRUE
16,196712,"p","2020-02-27 06:32:00",1237.7,TRUE,1237.61666666667,0.0833333333300743,FALSE,TRUE,267.911634476617,0.893038781623648,3.21493961384513,3.21991448025272,2529.82471020513,-31761.3000241165,TRUE,FALSE,TRUE
16,196712,"p","2020-02-27 06:37:00",1237.78333333333,TRUE,1237.7,0.0833333333298469,FALSE,TRUE,267.911680541595,0.893038935176011,3.21494016663364,3.21936739078838,2317.69608340371,-31595.8559482381,TRUE,FALSE,TRUE
16,196712,"p","2020-02-27 06:42:00",1237.86666666667,TRUE,1237.78333333333,0.0833333333400788,FALSE,TRUE,267.911726728124,0.893039089021459,3.21494072047725,3.21882030286017,2105.56745660279,-31430.4118723533,TRUE,FALSE,TRUE
16,196712,"o","2020-02-27 06:46:00",1237.93333333333,TRUE,1237.86666666667,0.0666666666600122,FALSE,TRUE,214.078922728203,0.89199551145655,3.21118384124358,3.21816884329533,1936.08926313951,-31298.1776183633,TRUE,FALSE,TRUE
16,196712,"p","2020-02-27 06:47:00",1237.95,TRUE,1237.93333333333,0.0166666666700621,FALSE,TRUE,44.5681795704066,0.742802992688781,2.67409077367961,3.20259811794283,1901.77353748225,-31269.4560911123,TRUE,FALSE,TRUE
16,196712,"p","2020-02-27 06:52:00",1238.03333333333,TRUE,1237.95,0.0833333333298469,FALSE,TRUE,221.596685831582,0.73865561946951,2.65916023009024,3.18661264129293,1731.31844906942,-31126.4534884152,TRUE,FALSE,TRUE
16,196712,"p","2020-02-27 06:57:00",1238.11666666667,TRUE,1238.03333333333,0.0833333333400788,FALSE,TRUE,221.596719131942,0.738655730380016,2.65916062936806,3.17062716172692,1560.86336065919,-30983.4508857253,TRUE,FALSE,TRUE
16,196712,"p","2020-02-27 07:02:00",1238.2,TRUE,1238.11666666667,0.0833333333300743,FALSE,TRUE,221.596752507906,0.738655841721906,2.65916103019886,3.15464167925708,1390.40827224892,-30840.4482830259,TRUE,FALSE,TRUE
16,196712,"p","2020-02-27 07:07:00",1238.28333333333,TRUE,1238.2,0.0833333333298469,FALSE,TRUE,221.596785954024,0.738655953210982,2.65916143155954,3.1386561938334,1219.95318383825,-30697.4456803387,TRUE,FALSE,TRUE
16,196712,"p","2020-02-27 07:12:00",1238.36666666667,TRUE,1238.28333333333,0.0833333333400788,FALSE,TRUE,221.596819469336,0.738656064837995,2.65916183341678,3.12267070543705,1049.49809542799,-30554.4430776394,TRUE,FALSE,TRUE
16,196712,"p","2020-02-27 07:17:00",1238.45,TRUE,1238.36666666667,0.0833333333300743,FALSE,TRUE,221.596853054728,0.738656176877982,2.65916223676074,3.10668521407992,879.043007017693,-30411.4404749504,TRUE,FALSE,TRUE
16,196712,"p","2020-02-27 07:22:00",1238.53333333333,TRUE,1238.45,0.0833333333298469,FALSE,TRUE,221.596886711912,0.73865628907061,2.6591626406542,3.09069971971152,708.587918606977,-30268.4378722571,TRUE,FALSE,TRUE
16,196712,"p","2020-02-27 07:27:00",1238.61666666667,TRUE,1238.53333333333,0.0833333333400788,FALSE,TRUE,221.596920438875,0.738656401403126,2.65916304505126,3.07471422231472,538.132830196806,-30125.435269555,TRUE,FALSE,TRUE
16,196712,"p","2020-02-27 07:32:00",1238.7,TRUE,1238.61666666667,0.0833333333300743,FALSE,TRUE,221.59695423588,0.738656514148488,2.65916345093456,3.05872872190035,367.677741786515,-29982.4326668698,TRUE,FALSE,TRUE
16,196712,"p","2020-02-27 07:37:00",1238.78333333333,TRUE,1238.7,0.0833333333298469,FALSE,TRUE,221.596988106171,0.738656627051474,2.65916385738531,3.04381917119376,197.222653375866,-29839.4300641744,TRUE,FALSE,TRUE
16,196712,"p","2020-02-27 07:42:00",1238.86666666667,TRUE,1238.78333333333,0.0833333333400788,FALSE,TRUE,221.597022043476,0.73865674008513,2.65916426430647,3.02998772955158,26.7675649656055,-29696.4274614819,TRUE,FALSE,TRUE
16,196712,"p","2020-02-27 07:47:00",1238.95,TRUE,1238.86666666667,0.0833333333300743,FALSE,TRUE,221.59705605337,0.73865685354012,2.65916467274443,3.01454983510534,-143.687523444965,-29553.4248587885,TRUE,FALSE,TRUE
16,196712,"p","2020-02-27 07:52:00",1239.03333333333,TRUE,1238.95,0.0833333333298469,FALSE,TRUE,221.597090131255,0.738656967135085,2.65916508168631,2.99911193750694,-314.142611855371,-29410.4222560926,TRUE,FALSE,TRUE
16,196712,"p","2020-02-27 07:57:00",1239.11666666667,TRUE,1239.03333333333,0.0833333333400788,FALSE,TRUE,221.597124283814,0.738657080886257,2.65916549119053,2.98367403670784,-484.59770026565,-29267.4196534018,TRUE,FALSE,TRUE
16,196712,"o","2020-02-27 08:00:00",1239.16666666667,TRUE,1239.11666666667,0.0499999999999545,FALSE,TRUE,133.139044591794,0.739661358843974,2.66278089183831,2.96833654909791,-587.007473626027,-29181.4986947396,TRUE,FALSE,TRUE
16,196712,"p","2020-02-27 08:02:00",1239.2,TRUE,1239.16666666667,0.0333333333301198,FALSE,TRUE,101.867215651496,0.848893463844301,3.05601646983948,2.96392225735015,-665.195052955819,-29115.5598710041,TRUE,FALSE,TRUE
16,196712,"p","2020-02-27 08:07:00",1239.28333333333,TRUE,1239.2,0.0833333333298469,FALSE,TRUE,255.119976638812,0.850399922164952,3.06143971979383,2.95965859673547,-861.005802066072,-28950.4143190605,TRUE,FALSE,TRUE
16,196712,"p","2020-02-27 08:12:00",1239.36666666667,TRUE,1239.28333333333,0.0833333333400788,FALSE,TRUE,255.120022340308,0.850400074398856,3.06144026783588,2.95539493661159,-1056.81655117605,-28785.2687671143,TRUE,FALSE,TRUE
16,196712,"p","2020-02-27 08:17:00",1239.45,TRUE,1239.36666666667,0.0833333333300743,FALSE,TRUE,255.120068153643,0.850400227212069,3.06144081796345,2.95113127700822,-1252.62730028599,-28620.1232151784,TRUE,FALSE,TRUE
16,196712,"p","2020-02-27 08:22:00",1239.53333333333,TRUE,1239.45,0.0833333333298469,FALSE,TRUE,255.120114073445,0.850400380280396,3.06144136900942,2.94686761788663,-1448.43804939642,-28454.9776632413,TRUE,FALSE,TRUE
16,196712,"p","2020-02-27 08:27:00",1239.61666666667,TRUE,1239.53333333333,0.0833333333400788,FALSE,TRUE,254.337471905209,0.847791572948739,3.05204966261546,2.94234306317554,-1643.99071123469,-28290.7443648926,TRUE,FALSE,TRUE
16,196712,"o","2020-02-27 08:29:00",1239.65,TRUE,1239.61666666667,0.0333333333301198,FALSE,TRUE,58.3203337811713,0.486002781556615,1.74961001360381,2.90163961443863,-1702.59312079477,-28290.6644683076,TRUE,FALSE,TRUE
16,196712,"p","2020-02-27 08:32:00",1239.7,TRUE,1239.65,0.0499999999999545,FALSE,TRUE,83.7083525940102,0.46504640330048,1.67416705188173,2.85884051292724,-1699.34867848531,-28206.7714524521,TRUE,FALSE,TRUE
16,196712,"p","2020-02-27 08:37:00",1239.78333333333,TRUE,1239.7,0.0833333333298469,FALSE,TRUE,140.873382080344,0.469577940287461,1.69048058503486,2.81649455013292,-1692.5506076519,-28065.6451941427,TRUE,FALSE,TRUE
16,196712,"p","2020-02-27 08:42:00",1239.86666666667,TRUE,1239.78333333333,0.0833333333400788,FALSE,TRUE,140.873403633195,0.469578012072642,1.69048084346151,2.77414857950609,-1685.75253681846,-27924.5189358448,TRUE,FALSE,TRUE
16,196712,"p","2020-02-27 08:47:00",1239.95,TRUE,1239.86666666667,0.0833333333300743,FALSE,TRUE,140.873425210086,0.469578084051983,1.69048110258714,2.73180260100365,-1678.95446598513,-27783.3926775475,TRUE,FALSE,TRUE
16,196712,"p","2020-02-27 08:52:00",1240.03333333333,TRUE,1239.95,0.0833333333298469,FALSE,TRUE,140.873446801164,0.469578156023526,1.69048136168469,2.68945661459224,-1672.15639515143,-27642.2664192465,TRUE,FALSE,TRUE
16,196712,"p","2020-02-27 08:57:00",1240.11666666667,TRUE,1240.03333333333,0.0833333333400788,FALSE,TRUE,140.873468413442,0.469578228006796,1.69048162082447,2.64711062024371,-1665.35832431786,-27501.1401609392,TRUE,FALSE,TRUE
16,196712,"p","2020-02-27 09:02:00",1240.2,TRUE,1240.11666666667,0.0833333333300743,FALSE,TRUE,140.87349003847,0.469578300146597,1.69048188052775,2.60476461790993,-1658.5602534845,-27360.0139026436,TRUE,FALSE,TRUE
16,196712,"o","2020-02-27 09:06:00",1240.26666666667,TRUE,1240.2,0.0666666666700166,FALSE,TRUE,113.995969682452,0.47498320698635,1.70993954515086,2.5629590910299,-1656.46728834406,-27245.7005746981,TRUE,FALSE,TRUE
16,196712,"p","2020-02-27 09:07:00",1240.28333333333,TRUE,1240.26666666667,0.0166666666598303,FALSE,TRUE,142.656827976746,2.37761380058769,8.55940968211567,2.71141660824986,-1775.85076287684,-27166.5028317053,TRUE,FALSE,TRUE
16,196712,"p","2020-02-27 09:12:00",1240.36666666667,TRUE,1240.28333333333,0.0833333333400788,FALSE,TRUE,731.053389213955,2.43684463051593,8.77264066985736,2.86579719313908,-2389.49559299467,-26763.4525102957,TRUE,FALSE,TRUE
16,196712,"p","2020-02-27 09:17:00",1240.45,TRUE,1240.36666666667,0.0833333333300743,FALSE,TRUE,731.053717919106,2.43684572649232,8.77264461537236,3.02017787227072,-3003.14042314205,-26360.4021888716,TRUE,FALSE,TRUE
16,196712,"p","2020-02-27 09:22:00",1240.53333333333,TRUE,1240.45,0.0833333333298469,FALSE,TRUE,731.054049134162,2.43684683054916,8.77264858997697,3.17455864642348,-3616.78525329106,-25957.3518674473,TRUE,FALSE,TRUE
16,196712,"p","2020-02-27 09:27:00",1240.61666666667,TRUE,1240.53333333333,0.0833333333400788,FALSE,TRUE,731.054382883724,2.43684794274849,8.77265259389458,3.32904388955268,-4230.4300834387,-25554.3015460126,TRUE,FALSE,TRUE
16,196712,"p","2020-02-27 09:32:00",1240.7,TRUE,1240.61666666667,0.0833333333300743,FALSE,TRUE,731.0547191674,2.43684906398663,8.77265663035188,3.49844849668246,-4844.07491358608,-25151.2512246061,TRUE,FALSE,TRUE
16,196712,"p","2020-02-27 09:37:00",1240.78333333333,TRUE,1240.7,0.0833333333298469,FALSE,TRUE,731.055057994475,2.43685019341687,8.77266069630072,3.6682679540772,-5457.71974373527,-24748.2009031737,TRUE,FALSE,TRUE
16,196712,"o","2020-02-27 09:40:00",1240.83333333333,TRUE,1240.78333333333,0.0500000000001819,FALSE,TRUE,431.53666068862,2.39742589270583,8.630733213741,3.83414497030978,-5818.23577299429,-24507.7034830531,TRUE,FALSE,TRUE
16,196712,"p","2020-02-27 09:42:00",1240.86666666667,TRUE,1240.83333333333,0.0333333333398969,FALSE,TRUE,320.7439484144,2.67286623626037,9.62231845053732,4.02756600976363,-5502.3198075857,-24444.0190887767,TRUE,FALSE,TRUE
16,196712,"p","2020-02-27 09:47:00",1240.95,TRUE,1240.86666666667,0.0833333333300743,FALSE,TRUE,819.939644569845,2.73313214867304,9.83927573522294,4.22701362930983,-4693.35272199038,-24288.1400349166,TRUE,FALSE,TRUE
16,196712,"p","2020-02-27 09:52:00",1241.03333333333,TRUE,1240.95,0.0833333333298469,FALSE,TRUE,819.939765968864,2.73313255334389,9.83927719203801,4.42646127816042,-3884.38563639329,-24132.2609810604,TRUE,FALSE,TRUE
16,196712,"p","2020-02-27 09:57:00",1241.11666666667,TRUE,1241.03333333333,0.0833333333400788,FALSE,TRUE,819.939890964667,2.73313296966099,9.83927869077957,4.62590895743872,-3075.41855079782,-23976.381927216,TRUE,FALSE,TRUE
16,196712,"o","2020-02-27 10:02:00",1241.2,TRUE,1241.11666666667,0.0833333333300743,FALSE,TRUE,812.221340090179,2.70740446707314,9.74665608146332,4.82278377523898,-2274.37905216626,-23820.3647596181,TRUE,FALSE,TRUE
16,196712,"p","2020-02-27 10:07:00",1241.28333333333,TRUE,1241.2,0.0833333333298469,FALSE,TRUE,674.86031522339,2.24953438417208,8.09832378301949,4.97387157351587,-2927.70632333147,-23639.0097409457,TRUE,FALSE,TRUE
16,196712,"o","2020-02-27 10:08:00",1241.3,TRUE,1241.28333333333,0.0166666666700621,FALSE,TRUE,137.354691452792,2.28924485708015,8.24128148548852,5.12893040780904,-3060.53254227955,-23601.579048483,TRUE,FALSE,TRUE
16,196712,"p","2020-02-27 10:12:00",1241.36666666667,TRUE,1241.3,0.0666666666700166,FALSE,TRUE,685.485947643226,2.85619144836992,10.2822892141317,5.34068388994088,-3674.30783217196,-23289.5574777177,TRUE,FALSE,TRUE
16,196712,"p","2020-02-27 10:17:00",1241.45,TRUE,1241.36666666667,0.0833333333300743,FALSE,TRUE,858.136292177706,2.86045430737089,10.2976355065352,5.55286364666946,-4442.24600369763,-22898.1154317465,TRUE,FALSE,TRUE
16,196712,"p","2020-02-27 10:22:00",1241.53333333333,TRUE,1241.45,0.0833333333298469,FALSE,TRUE,858.136686158297,2.86045562064733,10.2976402343304,5.76504352338018,-5210.18417522541,-22506.6733857923,TRUE,FALSE,TRUE
16,196712,"p","2020-02-27 10:27:00",1241.61666666667,TRUE,1241.53333333333,0.0833333333400788,FALSE,TRUE,858.137084245519,2.86045694725352,10.2976450101127,5.97722352139202,-5978.12234675104,-22115.2313398303,TRUE,FALSE,TRUE
16,196712,"p","2020-02-27 10:32:00",1241.7,TRUE,1241.61666666667,0.0833333333300743,FALSE,TRUE,858.137486446405,2.86045828826655,10.2976498377596,6.18940364213005,-6746.06051827687,-21723.7892938657,TRUE,FALSE,TRUE
16,196712,"p","2020-02-27 10:37:00",1241.78333333333,TRUE,1241.7,0.0833333333298469,FALSE,TRUE,858.137892758336,2.86045964264746,10.2976547135308,6.4014834705104,-7513.99868980463,-21332.3472479157,TRUE,FALSE,TRUE
16,196712,"p","2020-02-27 10:42:00",1241.86666666667,TRUE,1241.78333333333,0.0833333333400788,FALSE,TRUE,858.138303181345,2.86046101037294,10.2976596373426,6.60264022516327,-8281.93686133046,-20940.9052019486,TRUE,FALSE,TRUE
16,196712,"p","2020-02-27 10:47:00",1241.95,TRUE,1241.86666666667,0.0833333333300743,FALSE,TRUE,858.138717714955,2.86046239249505,10.2976646129822,6.80364647219628,-9049.87503285589,-20549.4631559947,TRUE,FALSE,TRUE
16,196712,"o","2020-02-27 10:49:00",1241.98333333333,TRUE,1241.95,0.0333333333298924,FALSE,TRUE,340.466743487109,2.83722286268546,10.2140023056676,7.00232875102494,-9354.14196831014,-20393.3546732215,TRUE,FALSE,TRUE
16,196712,"p","2020-02-27 10:52:00",1242.03333333333,TRUE,1241.98333333333,0.0499999999999545,FALSE,TRUE,229.77987133988,1.27655484077827,4.59559742680178,7.04494421238156,-9494.19176087256,-20210.134619801,TRUE,FALSE,TRUE
16,196712,"p","2020-02-27 10:57:00",1242.11666666667,TRUE,1242.03333333333,0.0833333333400788,FALSE,TRUE,379.436682902799,1.26478894290695,4.55324019446502,7.08638306864421,-9722.76085987937,-19905.5484234596,TRUE,FALSE,TRUE
16,196712,"p","2020-02-27 11:02:00",1242.2,TRUE,1242.11666666667,0.0833333333300743,FALSE,TRUE,379.436819649023,1.26478939887954,4.55324183596635,7.12808285123729,-9951.32995888618,-19600.9622271269,TRUE,FALSE,TRUE
16,196712,"p","2020-02-27 11:07:00",1242.28333333333,TRUE,1242.2,0.0833333333298469,FALSE,TRUE,379.436956755968,1.26478985590614,4.5532434812621,7.20596155867224,-10179.8990578937,-19296.3760307793,TRUE,FALSE,TRUE
16,196712,"p","2020-02-27 11:12:00",1242.36666666667,TRUE,1242.28333333333,0.0833333333400788,FALSE,TRUE,379.437094206946,1.26479031392078,4.55324513011479,7.28593594973427,-10408.4681569006,-18991.789834438,TRUE,FALSE,TRUE
16,196712,"p","2020-02-27 11:17:00",1242.45,TRUE,1242.36666666667,0.0833333333300743,FALSE,TRUE,379.437232009024,1.26479077341288,4.55324678428636,7.36545723304681,-10637.0372559075,-18687.2036381102,TRUE,FALSE,TRUE
16,196712,"p","2020-02-27 11:22:00",1242.53333333333,TRUE,1242.45,0.0833333333298469,FALSE,TRUE,379.437370169177,1.26479123395017,4.55324844222062,7.44497855523457,-10865.6063549149,-18382.6174417708,TRUE,FALSE,TRUE
16,196712,"p","2020-02-27 11:27:00",1242.61666666667,TRUE,1242.53333333333,0.0833333333400788,FALSE,TRUE,379.437508679096,1.26479169549461,4.55325010378059,7.52449991637883,-11094.1754539222,-18078.0312454302,TRUE,FALSE,TRUE
16,196712,"p","2020-02-27 11:32:00",1242.7,TRUE,1242.61666666667,0.0833333333300743,FALSE,TRUE,379.437647540312,1.26479215851717,4.55325177066182,7.6040213166282,-11322.7445529289,-17773.4450490844,TRUE,FALSE,TRUE
16,196712,"p","2020-02-27 11:37:00",1242.78333333333,TRUE,1242.7,0.0833333333298469,FALSE,TRUE,379.43778675434,1.26479262256738,4.55325344124258,7.68354275608425,-11551.3136519366,-17468.8588527412,TRUE,FALSE,TRUE
16,196712,"o","2020-02-27 11:39:00",1242.81666666667,TRUE,1242.78333333333,0.0333333333401242,TRUE,TRUE,149.729185764186,1.24774321444735,4.49187557201047,7.76135924751433,-11641.5088235992,-17348.6667341125,TRUE,TRUE,TRUE
